# ARTDECO : output file
# Radiances at the top of the atmosphere
#   
# Result given for each geometry
# sza : solar zenith angle(s) (degree)
# vza : view  zenith angle(s) (degree)
# vaa : view azimuthal angle(s) (degree)
#
# total number of geometries
         270
# nsza, nvza, nvaa
           1          90           3
# number of elements of the Stokes vector
# 4 = full polarization, 3 = 3x3 approximation, 1 = scalar
           3
# number of wavelengths
           1
##################
# Wavelength (microns) 
       0.412000000
# CPU time for RT in sec(s) 
     0.553575821E+02
#         sza               vza              vaa               theta              I                 Q                U                 dI                dQ                dU              Polar. (%)
      60.000000000       0.000000000       0.000000000     120.000000000       0.025763486      -0.010746599      -0.000000000       0.000000000       0.000000000       0.000000000      41.712521194
      60.000000000       0.000000000      90.000000000     120.000000000       0.025763486       0.010746599      -0.000000000       0.000000000       0.000000000       0.000000000      41.712521194
      60.000000000       0.000000000     180.000000000     120.000000000       0.025763486      -0.010746599       0.000000000       0.000000000       0.000000000       0.000000000      41.712521194
      60.000000000       1.000000000       0.000000000     119.000000000       0.025562526      -0.010982960      -0.000000000       0.000000000       0.000000000       0.000000000      42.965080486
      60.000000000       1.000000000      90.000000000     119.994961924       0.025766763       0.010747756      -0.000229649       0.000000000       0.000000000       0.000000000      41.721223457
      60.000000000       1.000000000     180.000000000     121.000000000       0.025980723      -0.010507758       0.000000000       0.000000000       0.000000000       0.000000000      40.444438211
      60.000000000       2.000000000       0.000000000     118.000000000       0.025376467      -0.011215848      -0.000000000       0.000000000       0.000000000       0.000000000      44.197833227
      60.000000000       2.000000000      90.000000000     119.979850765       0.025776617       0.010751224      -0.000459415       0.000000000       0.000000000       0.000000000      41.747277284
      60.000000000       2.000000000     180.000000000     122.000000000       0.026213256      -0.010267026       0.000000000       0.000000000       0.000000000       0.000000000      39.167306671
      60.000000000       3.000000000       0.000000000     117.000000000       0.025205911      -0.011445869       0.000000000       0.000000000       0.000000000       0.000000000      45.409465402
      60.000000000       3.000000000      90.000000000     119.954675720       0.025793110       0.010757007      -0.000689418       0.000000000       0.000000000       0.000000000      41.790528938
      60.000000000       3.000000000     180.000000000     123.000000000       0.026461243      -0.010023259       0.000000000       0.000000000       0.000000000       0.000000000      37.879016892
      60.000000000       4.000000000       0.000000000     116.000000000       0.025051239      -0.011673276       0.000000000       0.000000000       0.000000000       0.000000000      46.597599777
      60.000000000       4.000000000      90.000000000     119.919452093       0.025816350       0.010765111      -0.000919779       0.000000000       0.000000000       0.000000000      41.850737222
      60.000000000       4.000000000     180.000000000     124.000000000       0.026725526      -0.009776337       0.000000000       0.000000000       0.000000000       0.000000000      36.580521941
      60.000000000       5.000000000       0.000000000     115.000000000       0.024913344      -0.011896158       0.000000000       0.000000000       0.000000000       0.000000000      47.750147982
      60.000000000       5.000000000      90.000000000     119.874201258       0.025846188       0.010775536      -0.001150621       0.000000000       0.000000000       0.000000000      41.928019180
      60.000000000       5.000000000     180.000000000     125.000000000       0.027007626      -0.009526991       0.000000000       0.000000000       0.000000000       0.000000000      35.275188344
      60.000000000       6.000000000       0.000000000     114.000000000       0.024789434      -0.012113100       0.000000000       0.000000000       0.000000000       0.000000000      48.863963300
      60.000000000       6.000000000      90.000000000     119.818950607       0.025882989       0.010788320      -0.001382072       0.000000000       0.000000000       0.000000000      42.021757562
      60.000000000       6.000000000     180.000000000     126.000000000       0.027306107      -0.009275173       0.000000000       0.000000000       0.000000000       0.000000000      33.967393515
      60.000000000       7.000000000       0.000000000     113.000000000       0.024678866      -0.012324037      -0.000000000       0.000000000       0.000000000       0.000000000      49.937615175
      60.000000000       7.000000000      90.000000000     119.753733483       0.025926511       0.010803469      -0.001614254       0.000000000       0.000000000       0.000000000      42.132181430
      60.000000000       7.000000000     180.000000000     127.000000000       0.027618883      -0.009022328       0.000000000       0.000000000       0.000000000       0.000000000      32.667244701
      60.000000000       8.000000000       0.000000000     112.000000000       0.024580994      -0.012529751      -0.000000000       0.000000000       0.000000000       0.000000000      50.973329086
      60.000000000       8.000000000      90.000000000     119.678589103       0.025977057       0.010821025      -0.001847293       0.000000000       0.000000000       0.000000000      42.258719733
      60.000000000       8.000000000     180.000000000     128.000000000       0.027948418      -0.008768074       0.000000000       0.000000000       0.000000000       0.000000000      31.372344555
      60.000000000       9.000000000       0.000000000     111.000000000       0.024494740      -0.012727952      -0.000000000       0.000000000       0.000000000       0.000000000      51.961978918
      60.000000000       9.000000000      90.000000000     119.593562462       0.026034636       0.010841009      -0.002081313       0.000000000       0.000000000       0.000000000      42.401174744
      60.000000000       9.000000000     180.000000000     129.000000000       0.028296273      -0.008512901       0.000000000       0.000000000       0.000000000       0.000000000      30.084886385
      60.000000000      10.000000000       0.000000000     110.000000000       0.024422658      -0.012918643      -0.000000000       0.000000000       0.000000000       0.000000000      52.896137046
      60.000000000      10.000000000      90.000000000     119.498704231       0.026099279       0.010863441      -0.002316437       0.000000000       0.000000000       0.000000000      42.559281889
      60.000000000      10.000000000     180.000000000     130.000000000       0.028662358      -0.008255961       0.000000000       0.000000000       0.000000000       0.000000000      28.804192680
      60.000000000      11.000000000       0.000000000     109.000000000       0.024366201      -0.013100948       0.000000000       0.000000000       0.000000000       0.000000000      53.766886954
      60.000000000      11.000000000      90.000000000     119.394070634       0.026171050       0.010888347      -0.002552792       0.000000000       0.000000000       0.000000000      42.732702355
      60.000000000      11.000000000     180.000000000     131.000000000       0.029048490      -0.007997168       0.000000000       0.000000000       0.000000000       0.000000000      27.530408172
      60.000000000      12.000000000       0.000000000     108.000000000       0.024326828      -0.013277735       0.000000000       0.000000000       0.000000000       0.000000000      54.580626840
      60.000000000      12.000000000      90.000000000     119.279723324       0.026250061       0.010915756      -0.002790510       0.000000000       0.000000000       0.000000000      42.921024487
      60.000000000      12.000000000     180.000000000     132.000000000       0.029455081      -0.007737552       0.000000000       0.000000000       0.000000000       0.000000000      26.268990371
      60.000000000      13.000000000       0.000000000     107.000000000       0.024301601      -0.013448414       0.000000000       0.000000000       0.000000000       0.000000000      55.339623532
      60.000000000      13.000000000      90.000000000     119.155729238       0.026336473       0.010945711      -0.003029729       0.000000000       0.000000000       0.000000000      43.123777401
      60.000000000      13.000000000     180.000000000     133.000000000       0.029882303      -0.007478183       0.000000000       0.000000000       0.000000000       0.000000000      25.025456050
      60.000000000      14.000000000       0.000000000     106.000000000       0.024291099      -0.013614091      -0.000000000       0.000000000       0.000000000       0.000000000      56.045593667
      60.000000000      14.000000000      90.000000000     119.022160452       0.026430214       0.010978251      -0.003270588       0.000000000       0.000000000       0.000000000      43.340834673
      60.000000000      14.000000000     180.000000000     134.000000000       0.030330598      -0.007220304       0.000000000       0.000000000       0.000000000       0.000000000      23.805345811
      60.000000000      15.000000000       0.000000000     105.000000000       0.024298241      -0.013773142      -0.000000000       0.000000000       0.000000000       0.000000000      56.683701092
      60.000000000      15.000000000      90.000000000     118.879094017       0.026531705       0.011013443      -0.003513232       0.000000000       0.000000000       0.000000000      43.571348668
      60.000000000      15.000000000     180.000000000     135.000000000       0.030802142      -0.006965160       0.000000000       0.000000000       0.000000000       0.000000000      22.612583648
      60.000000000      16.000000000       0.000000000     104.000000000       0.024323520      -0.013925947      -0.000000000       0.000000000       0.000000000       0.000000000      57.253010477
      60.000000000      16.000000000      90.000000000     118.726611796       0.026640870       0.011051321      -0.003757796       0.000000000       0.000000000       0.000000000      43.815140841
      60.000000000      16.000000000     180.000000000     136.000000000       0.031300533      -0.006713721       0.000000000       0.000000000       0.000000000       0.000000000      21.449223535
      60.000000000      17.000000000       0.000000000     103.000000000       0.024366995      -0.014072153      -0.000000000       0.000000000       0.000000000       0.000000000      57.750872745
      60.000000000      17.000000000      90.000000000     118.564800285       0.026758021       0.011091939      -0.004004424       0.000000000       0.000000000       0.000000000      44.071446968
      60.000000000      17.000000000     180.000000000     137.000000000       0.031827905      -0.006468549       0.000000000       0.000000000       0.000000000       0.000000000      20.323515107
      60.000000000      18.000000000       0.000000000     102.000000000       0.024428467      -0.014213159       0.000000000       0.000000000       0.000000000       0.000000000      58.182769260
      60.000000000      18.000000000      90.000000000     118.393750435       0.026883251       0.011135342      -0.004253254       0.000000000       0.000000000       0.000000000      44.339813221
      60.000000000      18.000000000     180.000000000     138.000000000       0.032388414      -0.006229932       0.000000000       0.000000000       0.000000000       0.000000000      19.235063229
      60.000000000      19.000000000       0.000000000     101.000000000       0.024510516      -0.014350238       0.000000000       0.000000000       0.000000000       0.000000000      58.547268055
      60.000000000      19.000000000      90.000000000     118.213557466       0.027016703       0.011181589      -0.004504437       0.000000000       0.000000000       0.000000000      44.619755377
      60.000000000      19.000000000     180.000000000     139.000000000       0.032983478      -0.006001465       0.000000000       0.000000000       0.000000000       0.000000000      18.195367060
      60.000000000      20.000000000       0.000000000     100.000000000       0.024611296      -0.014482400       0.000000000       0.000000000       0.000000000       0.000000000      58.844521845
      60.000000000      20.000000000      90.000000000     118.024320674       0.027158640       0.011230767      -0.004758137       0.000000000       0.000000000       0.000000000      44.910682208
      60.000000000      20.000000000     180.000000000     140.000000000       0.033617644      -0.005787021       0.000000000       0.000000000       0.000000000       0.000000000      17.214236939
      60.000000000      21.000000000       0.000000000      99.000000000       0.024732913      -0.014608152       0.000000000       0.000000000       0.000000000       0.000000000      59.063612010
      60.000000000      21.000000000      90.000000000     117.826143233       0.027309298       0.011282979      -0.005014532       0.000000000       0.000000000       0.000000000      45.212113285
      60.000000000      21.000000000     180.000000000     141.000000000       0.034295141      -0.005593017       0.000000000       0.000000000       0.000000000       0.000000000      16.308481416
      60.000000000      22.000000000       0.000000000      98.000000000       0.024876790      -0.014728287      -0.000000000       0.000000000       0.000000000       0.000000000      59.204934205
      60.000000000      22.000000000      90.000000000     117.619132006       0.027468956       0.011338340      -0.005273808       0.000000000       0.000000000       0.000000000      45.523533305
      60.000000000      22.000000000     180.000000000     142.000000000       0.035023817      -0.005428619       0.000000000       0.000000000       0.000000000       0.000000000      15.499791957
      60.000000000      23.000000000       0.000000000      97.000000000       0.025042779      -0.014843313      -0.000000000       0.000000000       0.000000000       0.000000000      59.271826471
      60.000000000      23.000000000      90.000000000     117.403397336       0.027637860       0.011396935      -0.005536145       0.000000000       0.000000000       0.000000000      45.844357852
      60.000000000      23.000000000     180.000000000     143.000000000       0.035807810      -0.005303956       0.000000000       0.000000000       0.000000000       0.000000000      14.812286891
      60.000000000      24.000000000       0.000000000      96.000000000       0.025231598      -0.014952635      -0.000000000       0.000000000       0.000000000       0.000000000      59.261546694
      60.000000000      24.000000000      90.000000000     117.179052852       0.027816204       0.011458838      -0.005801716       0.000000000       0.000000000       0.000000000      46.174041208
      60.000000000      24.000000000     180.000000000     144.000000000       0.036655117      -0.005232581       0.000000000       0.000000000       0.000000000       0.000000000      14.275172089
      60.000000000      25.000000000       0.000000000      95.000000000       0.025442396      -0.015056221       0.000000000       0.000000000       0.000000000       0.000000000      59.177686300
      60.000000000      25.000000000      90.000000000     116.946215263       0.028004314       0.011524160      -0.006070715       0.000000000       0.000000000       0.000000000      46.511953640
      60.000000000      25.000000000     180.000000000     145.000000000       0.037560290      -0.005219820       0.000000000       0.000000000       0.000000000       0.000000000      13.897178288
      60.000000000      26.000000000       0.000000000      94.000000000       0.025676900      -0.015153566       0.000000000       0.000000000       0.000000000       0.000000000      59.016339800
      60.000000000      26.000000000      90.000000000     116.705004161       0.028202386       0.011593008      -0.006343339       0.000000000       0.000000000       0.000000000      46.857680418
      60.000000000      26.000000000     180.000000000     146.000000000       0.038510708      -0.005264108       0.000000000       0.000000000       0.000000000       0.000000000      13.669206487
      60.000000000      27.000000000       0.000000000      93.000000000       0.025938248      -0.015246138       0.000000000       0.000000000       0.000000000       0.000000000      58.778594174
      60.000000000      27.000000000      90.000000000     116.455541824       0.028410844       0.011665465      -0.006619779       0.000000000       0.000000000       0.000000000      47.210319693
      60.000000000      27.000000000     180.000000000     147.000000000       0.039462852      -0.005322717       0.000000000       0.000000000       0.000000000       0.000000000      13.487918435
      60.000000000      28.000000000       0.000000000      92.000000000       0.026227397      -0.015332334       0.000000000       0.000000000       0.000000000       0.000000000      58.459228548
      60.000000000      28.000000000      90.000000000     116.197953011       0.028629899       0.011741603      -0.006900224       0.000000000       0.000000000       0.000000000      47.569300163
      60.000000000      28.000000000     180.000000000     148.000000000       0.040357062      -0.005331275       0.000000000       0.000000000       0.000000000       0.000000000      13.210264777
      60.000000000      29.000000000       0.000000000      91.000000000       0.026544433      -0.015412259      -0.000000000       0.000000000       0.000000000       0.000000000      58.062114860
      60.000000000      29.000000000      90.000000000     115.932364776       0.028860003       0.011821530      -0.007184881       0.000000000       0.000000000       0.000000000      47.933792049
      60.000000000      29.000000000     180.000000000     149.000000000       0.041171680      -0.005256843       0.000000000       0.000000000       0.000000000       0.000000000      12.768103558
      60.000000000      30.000000000       0.000000000      90.000000000       0.026890244      -0.015485738      -0.000000000       0.000000000       0.000000000       0.000000000      57.588686259
      60.000000000      30.000000000      90.000000000     115.658906273       0.029101731       0.011905350      -0.007473962       0.000000000       0.000000000       0.000000000      48.302751770
      60.000000000      30.000000000     180.000000000     150.000000000       0.041924175      -0.005100323      -0.000000000       0.000000000       0.000000000       0.000000000      12.165590336
      60.000000000      31.000000000       0.000000000      89.000000000       0.027263581      -0.015553453      -0.000000000       0.000000000       0.000000000       0.000000000      57.048458739
      60.000000000      31.000000000      90.000000000     115.377708569       0.029355302       0.011993077      -0.007767617       0.000000000       0.000000000       0.000000000      48.675358323
      60.000000000      31.000000000     180.000000000     151.000000000       0.042638219      -0.004868280       0.000000000       0.000000000       0.000000000       0.000000000      11.417644257
      60.000000000      32.000000000       0.000000000      88.000000000       0.027668071      -0.015614805      -0.000000000       0.000000000       0.000000000       0.000000000      56.436190497
      60.000000000      32.000000000      90.000000000     115.088904462       0.029620930       0.012084756      -0.008066010       0.000000000       0.000000000       0.000000000      49.050938718
      60.000000000      32.000000000     180.000000000     152.000000000       0.043332428      -0.004573309      -0.000000000       0.000000000       0.000000000       0.000000000      10.554009854
      60.000000000      33.000000000       0.000000000      87.000000000       0.028104013      -0.015668386       0.000000000       0.000000000       0.000000000       0.000000000      55.751418759
      60.000000000      33.000000000      90.000000000     114.792628303       0.029898924       0.012180576      -0.008369400       0.000000000       0.000000000       0.000000000      49.429242264
      60.000000000      33.000000000     180.000000000     153.000000000       0.044018802      -0.004228173      -0.000000000       0.000000000       0.000000000       0.000000000       9.605379285
      60.000000000      34.000000000       0.000000000      86.000000000       0.028573524      -0.015714907       0.000000000       0.000000000       0.000000000       0.000000000      54.998140060
      60.000000000      34.000000000      90.000000000     114.489015821       0.030189734       0.012280764      -0.008678087       0.000000000       0.000000000       0.000000000      49.809972157
      60.000000000      34.000000000     180.000000000     154.000000000       0.044708923      -0.003846485       0.000000000       0.000000000       0.000000000       0.000000000       8.603394448
      60.000000000      35.000000000       0.000000000      85.000000000       0.029076269      -0.015755295       0.000000000       0.000000000       0.000000000       0.000000000      54.186095437
      60.000000000      35.000000000      90.000000000     114.178203960       0.030493741       0.012385508      -0.008992349       0.000000000       0.000000000       0.000000000      50.192785017
      60.000000000      35.000000000     180.000000000     155.000000000       0.045422457      -0.003447808       0.000000000       0.000000000       0.000000000       0.000000000       7.590535933
      60.000000000      36.000000000       0.000000000      84.000000000       0.029613600      -0.015789256       0.000000000       0.000000000       0.000000000       0.000000000      53.317584240
      60.000000000      36.000000000      90.000000000     113.860330715       0.030811429       0.012494860      -0.009312372       0.000000000       0.000000000       0.000000000      50.576628889
      60.000000000      36.000000000     180.000000000     156.000000000       0.046157997      -0.003037628       0.000000000       0.000000000       0.000000000       0.000000000       6.580934985
      60.000000000      37.000000000       0.000000000      83.000000000       0.030188669      -0.015815020      -0.000000000       0.000000000       0.000000000       0.000000000      52.387270700
      60.000000000      37.000000000      90.000000000     113.535534978       0.031143454       0.012609009      -0.009638441       0.000000000       0.000000000       0.000000000      50.960748660
      60.000000000      37.000000000     180.000000000     157.000000000       0.046917870      -0.002611160       0.000000000       0.000000000       0.000000000       0.000000000       5.565384439
      60.000000000      38.000000000       0.000000000      82.000000000       0.030803090      -0.015833362      -0.000000000       0.000000000       0.000000000       0.000000000      51.401863342
      60.000000000      38.000000000      90.000000000     113.203956389       0.031490516       0.012728211      -0.009970898       0.000000000       0.000000000       0.000000000      51.344596787
      60.000000000      38.000000000     180.000000000     158.000000000       0.047725365      -0.002180507      -0.000000000       0.000000000       0.000000000       0.000000000       4.568864614
      60.000000000      39.000000000       0.000000000      81.000000000       0.031456795      -0.015845643      -0.000000000       0.000000000       0.000000000       0.000000000      50.372718741
      60.000000000      39.000000000      90.000000000     112.865735196       0.031853036       0.012852718      -0.010310087       0.000000000       0.000000000       0.000000000      51.728072487
      60.000000000      39.000000000     180.000000000     159.000000000       0.048579688      -0.001758352       0.000000000       0.000000000       0.000000000       0.000000000       3.619520811
      60.000000000      40.000000000       0.000000000      80.000000000       0.032153539      -0.015849284      -0.000000000       0.000000000       0.000000000       0.000000000      49.292501484
      60.000000000      40.000000000      90.000000000     112.521012118       0.032231682       0.012982888      -0.010656455       0.000000000       0.000000000       0.000000000      52.111121406
      60.000000000      40.000000000     180.000000000     160.000000000       0.049480326      -0.001342085       0.000000000       0.000000000       0.000000000       0.000000000       2.712360067
      60.000000000      41.000000000       0.000000000      79.000000000       0.032895475      -0.015844062       0.000000000       0.000000000       0.000000000       0.000000000      48.164867440
      60.000000000      41.000000000      90.000000000     112.169928217       0.032626679       0.013118861      -0.011010274       0.000000000       0.000000000       0.000000000      52.493538010
      60.000000000      41.000000000     180.000000000     161.000000000       0.050424525      -0.000931081       0.000000000       0.000000000       0.000000000       0.000000000       1.846484598
      60.000000000      42.000000000       0.000000000      78.000000000       0.033681399      -0.015829911       0.000000000       0.000000000       0.000000000       0.000000000      46.998969394
      60.000000000      42.000000000      90.000000000     111.812624777       0.033038739       0.013260524      -0.011371583       0.000000000       0.000000000       0.000000000      52.873292107
      60.000000000      42.000000000     180.000000000     162.000000000       0.051419127      -0.000517610       0.000000000       0.000000000       0.000000000       0.000000000       1.006648017
      60.000000000      43.000000000       0.000000000      77.000000000       0.034518861      -0.015809506       0.000000000       0.000000000       0.000000000       0.000000000      45.799617231
      60.000000000      43.000000000      90.000000000     111.449243191       0.033468580       0.013408075      -0.011740684       0.000000000       0.000000000       0.000000000      53.249644827
      60.000000000      43.000000000     180.000000000     163.000000000       0.052475376      -0.000106248       0.000000000       0.000000000       0.000000000       0.000000000       0.202472470
      60.000000000      44.000000000       0.000000000      76.000000000       0.035406441      -0.015783076      -0.000000000       0.000000000       0.000000000       0.000000000      44.576848628
      60.000000000      44.000000000      90.000000000     111.079924852       0.033917108       0.013561937      -0.012118092       0.000000000       0.000000000       0.000000000      53.622498920
      60.000000000      44.000000000     180.000000000     164.000000000       0.053590184       0.000310965       0.000000000       0.000000000       0.000000000       0.000000000       0.580265156
      60.000000000      45.000000000       0.000000000      75.000000000       0.036351637      -0.015744366      -0.000000000       0.000000000       0.000000000       0.000000000      43.311297983
      60.000000000      45.000000000      90.000000000     110.704811055       0.034385496       0.013722525      -0.012504329       0.000000000       0.000000000       0.000000000      53.991311992
      60.000000000      45.000000000     180.000000000     165.000000000       0.054765412       0.000739330       0.000000000       0.000000000       0.000000000       0.000000000       1.349995148
      60.000000000      46.000000000       0.000000000      74.000000000       0.037355692      -0.015696160      -0.000000000       0.000000000       0.000000000       0.000000000      42.018122403
      60.000000000      46.000000000      90.000000000     110.324042898       0.034874634       0.013889930      -0.012899608       0.000000000       0.000000000       0.000000000      54.354701159
      60.000000000      46.000000000     180.000000000     166.000000000       0.055988483       0.001148748       0.000000000       0.000000000       0.000000000       0.000000000       2.051757127
      60.000000000      47.000000000       0.000000000      73.000000000       0.038423904      -0.015638185      -0.000000000       0.000000000       0.000000000       0.000000000      40.699104634
      60.000000000      47.000000000      90.000000000     109.937761204       0.035385495       0.014064442      -0.013304324       0.000000000       0.000000000       0.000000000      54.711974762
      60.000000000      47.000000000     180.000000000     167.000000000       0.057243692       0.001535267       0.000000000       0.000000000       0.000000000       0.000000000       2.681983924
      60.000000000      48.000000000       0.000000000      72.000000000       0.039550027      -0.015574130       0.000000000       0.000000000       0.000000000       0.000000000      39.378304416
      60.000000000      48.000000000      90.000000000     109.546106430       0.035918997       0.014246296      -0.013718816       0.000000000       0.000000000       0.000000000      55.062333023
      60.000000000      48.000000000     180.000000000     168.000000000       0.058530710       0.001907529       0.000000000       0.000000000       0.000000000       0.000000000       3.259023024
      60.000000000      49.000000000       0.000000000      71.000000000       0.040735223      -0.015502464       0.000000000       0.000000000       0.000000000       0.000000000      38.056656278
      60.000000000      49.000000000      90.000000000     109.149218605       0.036476102       0.014436080      -0.014143796       0.000000000       0.000000000       0.000000000      55.406362114
      60.000000000      49.000000000     180.000000000     169.000000000       0.059839018       0.002266924      -0.000000000       0.000000000       0.000000000       0.000000000       3.788370702
      60.000000000      50.000000000       0.000000000      70.000000000       0.041992825      -0.015422179       0.000000000       0.000000000       0.000000000       0.000000000      36.725747394
      60.000000000      50.000000000      90.000000000     108.747237251       0.037058203       0.014634614      -0.014580261       0.000000000       0.000000000       0.000000000      55.744935324
      60.000000000      50.000000000     180.000000000     170.000000000       0.061170239       0.002633622      -0.000000000       0.000000000       0.000000000       0.000000000       4.305398079
      60.000000000      51.000000000       0.000000000      69.000000000       0.043331123      -0.015327726      -0.000000000       0.000000000       0.000000000       0.000000000      35.373480475
      60.000000000      51.000000000      90.000000000     108.340301333       0.037666336       0.014842245      -0.015028715       0.000000000       0.000000000       0.000000000      56.077581189
      60.000000000      51.000000000     180.000000000     171.000000000       0.062561116       0.002988283      -0.000000000       0.000000000       0.000000000       0.000000000       4.776582752
      60.000000000      52.000000000       0.000000000      68.000000000       0.044752409      -0.015220060      -0.000000000       0.000000000       0.000000000       0.000000000      34.009477156
      60.000000000      52.000000000      90.000000000     107.928549195       0.038301178       0.015059233      -0.015489558       0.000000000       0.000000000       0.000000000      56.404010908
      60.000000000      52.000000000     180.000000000     172.000000000       0.064075558       0.003311417      -0.000000000       0.000000000       0.000000000       0.000000000       5.167987695
      60.000000000      53.000000000       0.000000000      67.000000000       0.046257430      -0.015101163      -0.000000000       0.000000000       0.000000000       0.000000000      32.645918692
      60.000000000      53.000000000      90.000000000     107.512118518       0.038963504       0.015286097      -0.015963471       0.000000000       0.000000000       0.000000000      56.724806027
      60.000000000      53.000000000     180.000000000     173.000000000       0.065760487       0.003619556      -0.000000000       0.000000000       0.000000000       0.000000000       5.504150192
      60.000000000      54.000000000       0.000000000      66.000000000       0.047845927      -0.014979311      -0.000000000       0.000000000       0.000000000       0.000000000      31.307390172
      60.000000000      54.000000000      90.000000000     107.091146270       0.039654798       0.015523440      -0.016451235       0.000000000       0.000000000       0.000000000      57.039821429
      60.000000000      54.000000000     180.000000000     174.000000000       0.067613429       0.003872539      -0.000000000       0.000000000       0.000000000       0.000000000       5.727469734
      60.000000000      55.000000000       0.000000000      65.000000000       0.049526086      -0.014848529      -0.000000000       0.000000000       0.000000000       0.000000000      29.981228605
      60.000000000      55.000000000      90.000000000     106.665768674       0.040376445       0.015771941      -0.016953735       0.000000000       0.000000000       0.000000000      57.349355290
      60.000000000      55.000000000     180.000000000     175.000000000       0.069602255       0.004038950      -0.000000000       0.000000000       0.000000000       0.000000000       5.802901288
      60.000000000      56.000000000       0.000000000      64.000000000       0.051306830      -0.014708896       0.000000000       0.000000000       0.000000000       0.000000000      28.668495659
      60.000000000      56.000000000      90.000000000     106.236121171       0.041130071       0.016032197      -0.017471764       0.000000000       0.000000000       0.000000000      57.653040956
      60.000000000      56.000000000     180.000000000     176.000000000       0.071684554       0.004056160      -0.000000000       0.000000000       0.000000000       0.000000000       5.658345196
      60.000000000      57.000000000       0.000000000      63.000000000       0.053206725      -0.014550331       0.000000000       0.000000000       0.000000000       0.000000000      27.346789390
      60.000000000      57.000000000      90.000000000     105.802338394       0.041917520       0.016304496      -0.018005721       0.000000000       0.000000000       0.000000000      57.949019236
      60.000000000      57.000000000     180.000000000     177.000000000       0.073788674       0.003803965      -0.000000000       0.000000000       0.000000000       0.000000000       5.155215810
      60.000000000      58.000000000       0.000000000      62.000000000       0.055226880      -0.014375846       0.000000000       0.000000000       0.000000000       0.000000000      26.030522899
      60.000000000      58.000000000      90.000000000     105.364554146       0.042740885       0.016589298      -0.018556197       0.000000000       0.000000000       0.000000000      58.235821023
      60.000000000      58.000000000     180.000000000     178.000000000       0.075958912       0.003260798       0.000000000       0.000000000       0.000000000       0.000000000       4.292844595
      60.000000000      59.000000000       0.000000000      61.000000000       0.057364030      -0.014195177       0.000000000       0.000000000       0.000000000       0.000000000      24.745780996
      60.000000000      59.000000000      90.000000000     104.922901380       0.043602221       0.016887252      -0.019124006       0.000000000       0.000000000       0.000000000      58.512793121
      60.000000000      59.000000000     180.000000000     179.000000000       0.078550889       0.002706560      -0.000000000       0.000000000       0.000000000       0.000000000       3.445613346
      60.000000000      60.000000000       0.000000000      60.000000000       0.059623397      -0.014004679      -0.000000000       0.000000000       0.000000000       0.000000000      23.488562980
      60.000000000      60.000000000      90.000000000     104.477512186       0.044502595       0.017199364      -0.019710425       0.000000000       0.000000000       0.000000000      58.781944769
      60.000000000      60.000000000     180.000000000     180.000000000       0.082453858       0.003771799       0.000000000       0.000000000       0.000000000       0.000000000       4.574436412
      60.000000000      61.000000000       0.000000000      59.000000000       0.062021004      -0.013802254      -0.000000000       0.000000000       0.000000000       0.000000000      22.254160359
      60.000000000      61.000000000      90.000000000     104.028517782       0.045443639       0.017526441      -0.020316488       0.000000000       0.000000000       0.000000000      59.043729873
      60.000000000      61.000000000     180.000000000     179.000000000       0.081979571       0.002915192       0.000000000       0.000000000       0.000000000       0.000000000       3.555997557
      60.000000000      62.000000000       0.000000000      58.000000000       0.064567346      -0.013585433      -0.000000000       0.000000000       0.000000000       0.000000000      21.040717274
      60.000000000      62.000000000      90.000000000     103.576048509       0.046427656       0.017868860      -0.020942644       0.000000000       0.000000000       0.000000000      59.296145550
      60.000000000      62.000000000     180.000000000     178.000000000       0.082746693       0.003728594       0.000000000       0.000000000       0.000000000       0.000000000       4.506034434
      60.000000000      63.000000000       0.000000000      57.000000000       0.067265780      -0.013354980       0.000000000       0.000000000       0.000000000       0.000000000      19.854046905
      60.000000000      63.000000000      90.000000000     103.120233826       0.047456077       0.018227361      -0.021589827       0.000000000       0.000000000       0.000000000      59.539723864
      60.000000000      63.000000000     180.000000000     177.000000000       0.083909234       0.004582943       0.000000000       0.000000000       0.000000000       0.000000000       5.461785969
      60.000000000      64.000000000       0.000000000      56.000000000       0.070134945      -0.013111478       0.000000000       0.000000000       0.000000000       0.000000000      18.694643883
      60.000000000      64.000000000      90.000000000     102.661202316       0.048529878       0.018603066      -0.022259526       0.000000000       0.000000000       0.000000000      59.776914084
      60.000000000      64.000000000     180.000000000     176.000000000       0.085101230       0.005155071       0.000000000       0.000000000       0.000000000       0.000000000       6.057575078
      60.000000000      65.000000000       0.000000000      55.000000000       0.073190841      -0.012858592       0.000000000       0.000000000       0.000000000       0.000000000      17.568580405
      60.000000000      65.000000000      90.000000000     102.199081690       0.049651108       0.018996739      -0.022952757       0.000000000       0.000000000       0.000000000      60.007485222
      60.000000000      65.000000000     180.000000000     175.000000000       0.086272580       0.005435491       0.000000000       0.000000000       0.000000000       0.000000000       6.300369445
      60.000000000      66.000000000       0.000000000      54.000000000       0.076449307      -0.012588637       0.000000000       0.000000000       0.000000000       0.000000000      16.466646101
      60.000000000      66.000000000      90.000000000     101.733998795       0.050822180       0.019409185      -0.023670603       0.000000000       0.000000000       0.000000000      60.230952960
      60.000000000      66.000000000     180.000000000     174.000000000       0.087510289       0.005538917       0.000000000       0.000000000       0.000000000       0.000000000       6.329446133
      60.000000000      67.000000000       0.000000000      53.000000000       0.079909496      -0.012302127      -0.000000000       0.000000000       0.000000000       0.000000000      15.395075762
      60.000000000      67.000000000      90.000000000     101.266079624       0.052044419       0.019841422      -0.024414481       0.000000000       0.000000000       0.000000000      60.448892325
      60.000000000      67.000000000     180.000000000     173.000000000       0.088876944       0.005525261      -0.000000000       0.000000000       0.000000000       0.000000000       6.216754342
      60.000000000      68.000000000       0.000000000      52.000000000       0.083582323      -0.011997591      -0.000000000       0.000000000       0.000000000       0.000000000      14.354221225
      60.000000000      68.000000000      90.000000000     100.795449334       0.053318236       0.020293860      -0.025184937       0.000000000       0.000000000       0.000000000      60.661808766
      60.000000000      68.000000000     180.000000000     172.000000000       0.090430231       0.005422986      -0.000000000       0.000000000       0.000000000       0.000000000       5.996872736
      60.000000000      69.000000000       0.000000000      51.000000000       0.087478256      -0.011684599      -0.000000000       0.000000000       0.000000000       0.000000000      13.357146499
      60.000000000      69.000000000      90.000000000     100.322232261       0.054644019       0.020766693      -0.025982214       0.000000000       0.000000000       0.000000000      60.869524595
      60.000000000      69.000000000     180.000000000     171.000000000       0.092193733       0.005278087       0.000000000       0.000000000       0.000000000       0.000000000       5.724995130
      60.000000000      70.000000000       0.000000000      50.000000000       0.091622154      -0.011364369      -0.000000000       0.000000000       0.000000000       0.000000000      12.403516303
      60.000000000      70.000000000      90.000000000      99.846551940       0.056022262       0.021260122      -0.026806602       0.000000000       0.000000000       0.000000000      61.071861151
      60.000000000      70.000000000     180.000000000     170.000000000       0.094120613       0.005061988       0.000000000       0.000000000       0.000000000       0.000000000       5.378192607
      60.000000000      71.000000000       0.000000000      49.000000000       0.096023671      -0.011032265      -0.000000000       0.000000000       0.000000000       0.000000000      11.489109673
      60.000000000      71.000000000      90.000000000      99.368531127       0.057453199       0.021773960      -0.027657873       0.000000000       0.000000000       0.000000000      61.267834004
      60.000000000      71.000000000     180.000000000     169.000000000       0.096128461       0.004796356       0.000000000       0.000000000       0.000000000       0.000000000       4.989527994
      60.000000000      72.000000000       0.000000000      48.000000000       0.100716700      -0.010667606       0.000000000       0.000000000       0.000000000       0.000000000      10.591695233
      60.000000000      72.000000000      90.000000000      98.888291823       0.058935271       0.022308106      -0.028536035       0.000000000       0.000000000       0.000000000      61.458859341
      60.000000000      72.000000000     180.000000000     168.000000000       0.098162303       0.004506532       0.000000000       0.000000000       0.000000000       0.000000000       4.590898475
      60.000000000      73.000000000       0.000000000      47.000000000       0.105722529      -0.010290942       0.000000000       0.000000000       0.000000000       0.000000000       9.733915410
      60.000000000      73.000000000      90.000000000      98.405955301       0.060466101       0.022862205      -0.029440852       0.000000000       0.000000000       0.000000000      61.646522452
      60.000000000      73.000000000     180.000000000     167.000000000       0.100214162       0.004157811       0.000000000       0.000000000       0.000000000       0.000000000       4.148925557
      60.000000000      74.000000000       0.000000000      46.000000000       0.111020092      -0.009905888       0.000000000       0.000000000       0.000000000       0.000000000       8.922608304
      60.000000000      74.000000000      90.000000000      97.921642135       0.062041469       0.023434895      -0.030370701       0.000000000       0.000000000       0.000000000      61.831382571
      60.000000000      74.000000000     180.000000000     166.000000000       0.102294012       0.003742025       0.000000000       0.000000000       0.000000000       0.000000000       3.658107430
      60.000000000      75.000000000       0.000000000      45.000000000       0.116615888      -0.009505044      -0.000000000       0.000000000       0.000000000       0.000000000       8.150727693
      60.000000000      75.000000000      90.000000000      97.435472226       0.063654164       0.024024651      -0.031323992       0.000000000       0.000000000       0.000000000      62.016799661
      60.000000000      75.000000000     180.000000000     165.000000000       0.104393622       0.003237473       0.000000000       0.000000000       0.000000000       0.000000000       3.101217292
      60.000000000      76.000000000       0.000000000      44.000000000       0.122516235      -0.009104328      -0.000000000       0.000000000       0.000000000       0.000000000       7.431119525
      60.000000000      76.000000000      90.000000000      96.947564839       0.065294827       0.024628481      -0.032297208       0.000000000       0.000000000       0.000000000      62.204240221
      60.000000000      76.000000000     180.000000000     164.000000000       0.106528735       0.002642699      -0.000000000       0.000000000       0.000000000       0.000000000       2.480737809
      60.000000000      77.000000000       0.000000000      43.000000000       0.128749920      -0.008688486      -0.000000000       0.000000000       0.000000000       0.000000000       6.748342626
      60.000000000      77.000000000      90.000000000      96.458038631       0.066949657       0.025241705      -0.033284692       0.000000000       0.000000000       0.000000000      62.395195791
      60.000000000      77.000000000     180.000000000     163.000000000       0.108707948       0.002006600      -0.000000000       0.000000000       0.000000000       0.000000000       1.845863191
      60.000000000      78.000000000       0.000000000      42.000000000       0.135305200      -0.008246892      -0.000000000       0.000000000       0.000000000       0.000000000       6.095029870
      60.000000000      78.000000000      90.000000000      95.967011691       0.068598143       0.025857990      -0.034278876       0.000000000       0.000000000       0.000000000      62.593618354
      60.000000000      78.000000000     180.000000000     162.000000000       0.110908326       0.001316724      -0.000000000       0.000000000       0.000000000       0.000000000       1.187218275
      60.000000000      79.000000000       0.000000000      41.000000000       0.142171654      -0.007794412       0.000000000       0.000000000       0.000000000       0.000000000       5.482395268
      60.000000000      79.000000000      90.000000000      95.474601570       0.070214441       0.026469160      -0.035270208       0.000000000       0.000000000       0.000000000      62.804266561
      60.000000000      79.000000000     180.000000000     161.000000000       0.113109228       0.000553529      -0.000000000       0.000000000       0.000000000       0.000000000       0.489376045
      60.000000000      80.000000000       0.000000000      40.000000000       0.149312065      -0.007349391       0.000000000       0.000000000       0.000000000       0.000000000       4.922167964
      60.000000000      80.000000000      90.000000000      94.980925322       0.071765703       0.027064325      -0.036245940       0.000000000       0.000000000       0.000000000      63.032126412
      60.000000000      80.000000000     180.000000000     160.000000000       0.115252876      -0.000278414      -0.000000000       0.000000000       0.000000000       0.000000000       0.241568121
      60.000000000      81.000000000       0.000000000      39.000000000       0.156678033      -0.006901048       0.000000000       0.000000000       0.000000000       0.000000000       4.404604834
      60.000000000      81.000000000      90.000000000      94.486099541       0.073212830       0.027629723      -0.037190144       0.000000000       0.000000000       0.000000000      63.281840391
      60.000000000      81.000000000     180.000000000     159.000000000       0.117280029      -0.001200579      -0.000000000       0.000000000       0.000000000       0.000000000       1.023685420
      60.000000000      82.000000000       0.000000000      38.000000000       0.164202257      -0.006471489      -0.000000000       0.000000000       0.000000000       0.000000000       3.941169460
      60.000000000      82.000000000      90.000000000      93.990240398       0.074509666       0.028149511      -0.038085386       0.000000000       0.000000000       0.000000000      63.561117455
      60.000000000      82.000000000     180.000000000     158.000000000       0.119143329      -0.002220783      -0.000000000       0.000000000       0.000000000       0.000000000       1.863958983
      60.000000000      83.000000000       0.000000000      37.000000000       0.171797089      -0.006047729      -0.000000000       0.000000000       0.000000000       0.000000000       3.520274257
      60.000000000      83.000000000      90.000000000      93.493463685       0.075601984       0.028604657      -0.038911263       0.000000000       0.000000000       0.000000000      63.879308484
      60.000000000      83.000000000     180.000000000     157.000000000       0.120782265      -0.003351786      -0.000000000       0.000000000       0.000000000       0.000000000       2.775064543
      60.000000000      84.000000000       0.000000000      36.000000000       0.179377217      -0.005642610      -0.000000000       0.000000000       0.000000000       0.000000000       3.145666960
      60.000000000      84.000000000      90.000000000      92.995884851       0.076426592       0.028971922      -0.039643022       0.000000000       0.000000000       0.000000000      64.246405636
      60.000000000      84.000000000     180.000000000     156.000000000       0.122127234      -0.004568744      -0.000000000       0.000000000       0.000000000       0.000000000       3.740971044
      60.000000000      85.000000000       0.000000000      35.000000000       0.186836301      -0.005310611      -0.000000000       0.000000000       0.000000000       0.000000000       2.842387175
      60.000000000      85.000000000      90.000000000      92.497619045       0.076913588       0.029223356      -0.040251023       0.000000000       0.000000000       0.000000000      64.671046845
      60.000000000      85.000000000     180.000000000     155.000000000       0.123033720      -0.005842444      -0.000000000       0.000000000       0.000000000       0.000000000       4.748652959
      60.000000000      86.000000000       0.000000000      34.000000000       0.194004411      -0.004980421       0.000000000       0.000000000       0.000000000       0.000000000       2.567168884
      60.000000000      86.000000000      90.000000000      91.998781159       0.076977938       0.029324522      -0.040698416       0.000000000       0.000000000       0.000000000      65.164933091
      60.000000000      86.000000000     180.000000000     154.000000000       0.123382014      -0.007182201      -0.000000000       0.000000000       0.000000000       0.000000000       5.821108626
      60.000000000      87.000000000       0.000000000      33.000000000       0.200591754      -0.004694224       0.000000000       0.000000000       0.000000000       0.000000000       2.340187682
      60.000000000      87.000000000      90.000000000      91.499485870       0.076500973       0.029226968      -0.040930826       0.000000000       0.000000000       0.000000000      65.743756594
      60.000000000      87.000000000     180.000000000     153.000000000       0.123009042      -0.008566201       0.000000000       0.000000000       0.000000000       0.000000000       6.963879286
      60.000000000      88.000000000       0.000000000      32.000000000       0.206088161      -0.004503515       0.000000000       0.000000000       0.000000000       0.000000000       2.185237115
      60.000000000      88.000000000      90.000000000      90.999847680       0.075281274       0.028848023      -0.040849793       0.000000000       0.000000000       0.000000000      66.429719190
      60.000000000      88.000000000     180.000000000     152.000000000       0.121563712      -0.009920958      -0.000000000       0.000000000       0.000000000       0.000000000       8.161117846
      60.000000000      89.000000000       0.000000000      31.000000000       0.209298878      -0.004454126       0.000000000       0.000000000       0.000000000       0.000000000       2.128117373
      60.000000000      89.000000000      90.000000000      90.499980961       0.072902830       0.028020133      -0.040251641       0.000000000       0.000000000       0.000000000      67.273228081
      60.000000000      89.000000000     180.000000000     151.000000000       0.118394127      -0.011166726      -0.000000000       0.000000000       0.000000000       0.000000000       9.431824047
