# ARTDECO : output file
# Radiances at the top of the atmosphere
#
# The single scattering intensity correction was not apply
#
# Result given for each geometry
# sza : solar zenith angle(s) (degree)
# vza : view  zenith angle(s) (degree)
# vaa : view azimuthal angle(s) (degree)
#
# total number of geometries
         270
# nsza, nvza, nvaa
           1          90           3
# number of elements of the Stokes vector
# 4 = full polarization, 3 = 3x3 approximation, 1 = scalar
           3
# number of wavelengths
           1
##################
# Wavelength (microns) 
       0.412000000
# CPU time for RT in sec(s) 
     0.553575821E+02
#         sza               vza              vaa               theta              I                 Q                U                 dI                dQ                dU              Polar. (%)
      60.000000000       0.000000000       0.000000000     120.000000000       0.025649845      -0.010741231       0.000000000       0.000000000       0.000000000       0.000000000      41.876398941
      60.000000000       0.000000000      90.000000000     120.000000000       0.025649845       0.010741231      -0.000000000       0.000000000       0.000000000       0.000000000      41.876398941
      60.000000000       0.000000000     180.000000000     120.000000000       0.025649845      -0.010741231       0.000000000       0.000000000       0.000000000       0.000000000      41.876398941
      60.000000000       1.000000000       0.000000000     119.000000000       0.025464242      -0.010977557       0.000000000       0.000000000       0.000000000       0.000000000      43.109695050
      60.000000000       1.000000000      90.000000000     119.994961924       0.025652995       0.010742377      -0.000229541       0.000000000       0.000000000       0.000000000      41.885282157
      60.000000000       1.000000000     180.000000000     121.000000000       0.025927474      -0.010505925       0.000000000       0.000000000       0.000000000       0.000000000      40.520434931
      60.000000000       2.000000000       0.000000000     118.000000000       0.025360756      -0.011214478       0.000000000       0.000000000       0.000000000       0.000000000      44.219809368
      60.000000000       2.000000000      90.000000000     119.979850765       0.025662468       0.010745816      -0.000459197       0.000000000       0.000000000       0.000000000      41.911878908
      60.000000000       2.000000000     180.000000000     122.000000000       0.026255967      -0.010269544       0.000000000       0.000000000       0.000000000       0.000000000      39.113180487
      60.000000000       3.000000000       0.000000000     117.000000000       0.025284540      -0.011449273       0.000000000       0.000000000       0.000000000       0.000000000      45.281715697
      60.000000000       3.000000000      90.000000000     119.954675720       0.025678326       0.010751548      -0.000689088       0.000000000       0.000000000       0.000000000      41.956035655
      60.000000000       3.000000000     180.000000000     123.000000000       0.026571024      -0.010028842       0.000000000       0.000000000       0.000000000       0.000000000      37.743528447
      60.000000000       4.000000000       0.000000000     116.000000000       0.025172184      -0.011678516       0.000000000       0.000000000       0.000000000       0.000000000      46.394527039
      60.000000000       4.000000000      90.000000000     119.919452093       0.025700676       0.010759581      -0.000919333       0.000000000       0.000000000       0.000000000      42.017511540
      60.000000000       4.000000000     180.000000000     124.000000000       0.026828376      -0.009781591       0.000000000       0.000000000       0.000000000       0.000000000      36.459869292
      60.000000000       5.000000000       0.000000000     115.000000000       0.024994201      -0.011899967       0.000000000       0.000000000       0.000000000       0.000000000      47.610910198
      60.000000000       5.000000000      90.000000000     119.874201258       0.025729671       0.010769931      -0.001150056       0.000000000       0.000000000       0.000000000      42.095994505
      60.000000000       5.000000000     180.000000000     125.000000000       0.027033365      -0.009528185       0.000000000       0.000000000       0.000000000       0.000000000      35.246019134
      60.000000000       6.000000000       0.000000000     114.000000000       0.024775123      -0.012113585       0.000000000       0.000000000       0.000000000       0.000000000      48.894145780
      60.000000000       6.000000000      90.000000000     119.818950607       0.025765501       0.010782626      -0.001381382       0.000000000       0.000000000       0.000000000      42.191114034
      60.000000000       6.000000000     180.000000000     126.000000000       0.027237295      -0.009271619       0.000000000       0.000000000       0.000000000       0.000000000      34.040160181
      60.000000000       7.000000000       0.000000000     113.000000000       0.024577436      -0.012321076       0.000000000       0.000000000       0.000000000       0.000000000      50.131655727
      60.000000000       7.000000000      90.000000000     119.753733483       0.025808385       0.010797700      -0.001613438       0.000000000       0.000000000       0.000000000      42.302446430
      60.000000000       7.000000000     180.000000000     127.000000000       0.027503142      -0.009015766       0.000000000       0.000000000       0.000000000       0.000000000      32.780858043
      60.000000000       8.000000000       0.000000000     112.000000000       0.024459680      -0.012524353       0.000000000       0.000000000       0.000000000       0.000000000      51.204078409
      60.000000000       8.000000000      90.000000000     119.678589103       0.025858558       0.010815189      -0.001846349       0.000000000       0.000000000       0.000000000      42.429512227
      60.000000000       8.000000000     180.000000000     128.000000000       0.027863557      -0.008762981       0.000000000       0.000000000       0.000000000       0.000000000      31.449614952
      60.000000000       9.000000000       0.000000000     111.000000000       0.024436611      -0.012723977       0.000000000       0.000000000       0.000000000       0.000000000      52.069320482
      60.000000000       9.000000000      90.000000000     119.593562462       0.025916270       0.010835128      -0.002080242       0.000000000       0.000000000       0.000000000      42.571769019
      60.000000000       9.000000000     180.000000000     129.000000000       0.028299226      -0.008512565       0.000000000       0.000000000       0.000000000       0.000000000      30.080557178
      60.000000000      10.000000000       0.000000000     110.000000000       0.024468388      -0.012918594       0.000000000       0.000000000       0.000000000       0.000000000      52.797079134
      60.000000000      10.000000000      90.000000000     119.498704231       0.025981787       0.010857550      -0.002315243       0.000000000       0.000000000       0.000000000      42.728605004
      60.000000000      10.000000000     180.000000000     130.000000000       0.028752068      -0.008261163       0.000000000       0.000000000       0.000000000       0.000000000      28.732413842
      60.000000000      11.000000000       0.000000000     109.000000000       0.024486621      -0.013105734       0.000000000       0.000000000       0.000000000       0.000000000      53.522021459
      60.000000000      11.000000000      90.000000000     119.394070634       0.026055407       0.010882490      -0.002551485       0.000000000       0.000000000       0.000000000      42.899338241
      60.000000000      11.000000000     180.000000000     131.000000000       0.029164531      -0.008005005       0.000000000       0.000000000       0.000000000       0.000000000      27.447742535
      60.000000000      12.000000000       0.000000000     108.000000000       0.024440440      -0.013283426       0.000000000       0.000000000       0.000000000       0.000000000      54.350191945
      60.000000000      12.000000000      90.000000000     119.279723324       0.026137462       0.010909990      -0.002789106       0.000000000       0.000000000       0.000000000      43.083224555
      60.000000000      12.000000000     180.000000000     132.000000000       0.029518840      -0.007742672       0.000000000       0.000000000       0.000000000       0.000000000      26.229593467
      60.000000000      13.000000000       0.000000000     107.000000000       0.024331803      -0.013451544       0.000000000       0.000000000       0.000000000       0.000000000      55.283794943
      60.000000000      13.000000000      90.000000000     119.155729238       0.026228324       0.010940102      -0.003028247       0.000000000       0.000000000       0.000000000      43.279474337
      60.000000000      13.000000000     180.000000000     133.000000000       0.029849936      -0.007476633       0.000000000       0.000000000       0.000000000       0.000000000      25.047399533
      60.000000000      14.000000000       0.000000000     106.000000000       0.024215877      -0.013612009       0.000000000       0.000000000       0.000000000       0.000000000      56.211090902
      60.000000000      14.000000000      90.000000000     119.022160452       0.026328387       0.010972888      -0.003269060       0.000000000       0.000000000       0.000000000      43.487276540
      60.000000000      14.000000000     180.000000000     134.000000000       0.030223274      -0.007212447       0.000000000       0.000000000       0.000000000       0.000000000      23.863884674
      60.000000000      15.000000000       0.000000000     105.000000000       0.024165333      -0.013767674       0.000000000       0.000000000       0.000000000       0.000000000      56.972830452
      60.000000000      15.000000000      90.000000000     118.879094017       0.026438037       0.011008414      -0.003511694       0.000000000       0.000000000       0.000000000      43.705827519
      60.000000000      15.000000000     180.000000000     135.000000000       0.030692036      -0.006955927       0.000000000       0.000000000       0.000000000       0.000000000      22.663621322
      60.000000000      16.000000000       0.000000000     104.000000000       0.024221814      -0.013920622       0.000000000       0.000000000       0.000000000       0.000000000      57.471427196
      60.000000000      16.000000000      90.000000000     118.726611796       0.026557623       0.011046747      -0.003756302       0.000000000       0.000000000       0.000000000      43.934362860
      60.000000000      16.000000000     180.000000000     136.000000000       0.031262241      -0.006709952       0.000000000       0.000000000       0.000000000       0.000000000      21.463437824
      60.000000000      17.000000000       0.000000000     103.000000000       0.024367121      -0.014070941       0.000000000       0.000000000       0.000000000       0.000000000      57.745602547
      60.000000000      17.000000000      90.000000000     118.564800285       0.026687427       0.011087948      -0.004003036       0.000000000       0.000000000       0.000000000      44.172191369
      60.000000000      17.000000000     180.000000000     137.000000000       0.031889305      -0.006473070       0.000000000       0.000000000       0.000000000       0.000000000      20.298560700
      60.000000000      18.000000000       0.000000000     102.000000000       0.024534241      -0.014216775       0.000000000       0.000000000       0.000000000       0.000000000      57.946665953
      60.000000000      18.000000000      90.000000000     118.393750435       0.026827645       0.011132073      -0.004252049       0.000000000       0.000000000       0.000000000      44.418730917
      60.000000000      18.000000000     180.000000000     138.000000000       0.032508927      -0.006241157       0.000000000       0.000000000       0.000000000       0.000000000      19.198285848
      60.000000000      19.000000000       0.000000000     101.000000000       0.024651928      -0.014355608       0.000000000       0.000000000       0.000000000       0.000000000      58.233205927
      60.000000000      19.000000000      90.000000000     118.213557466       0.026978375       0.011179176      -0.004503496       0.000000000       0.000000000       0.000000000      44.673545591
      60.000000000      19.000000000     180.000000000     139.000000000       0.033082329      -0.006011647       0.000000000       0.000000000       0.000000000       0.000000000      18.171776537
      60.000000000      20.000000000       0.000000000     100.000000000       0.024693593      -0.014485947       0.000000000       0.000000000       0.000000000       0.000000000      58.662777269
      60.000000000      20.000000000      90.000000000     118.024320674       0.027139608       0.011229312      -0.004757539       0.000000000       0.000000000       0.000000000      44.936382476
      60.000000000      20.000000000     180.000000000     140.000000000       0.033625854      -0.005788129       0.000000000       0.000000000       0.000000000       0.000000000      17.213328086
      60.000000000      21.000000000       0.000000000      99.000000000       0.024697406      -0.014608316       0.000000000       0.000000000       0.000000000       0.000000000      59.149192167
      60.000000000      21.000000000      90.000000000     117.826143233       0.027311214       0.011282544      -0.005014343       0.000000000       0.000000000       0.000000000      45.207204941
      60.000000000      21.000000000     180.000000000     141.000000000       0.034204667      -0.005582460       0.000000000       0.000000000       0.000000000       0.000000000      16.320754291
      60.000000000      22.000000000       0.000000000      98.000000000       0.024742965      -0.014724920       0.000000000       0.000000000       0.000000000       0.000000000      59.511542511
      60.000000000      22.000000000      90.000000000     117.619132006       0.027492919       0.011338932      -0.005274077       0.000000000       0.000000000       0.000000000      45.486217999
      60.000000000      22.000000000     180.000000000     142.000000000       0.034893498      -0.005412496       0.000000000       0.000000000       0.000000000       0.000000000      15.511474898
      60.000000000      23.000000000       0.000000000      97.000000000       0.024898861      -0.014838188       0.000000000       0.000000000       0.000000000       0.000000000      59.593845396
      60.000000000      23.000000000      90.000000000     117.403397336       0.027684288       0.011398537      -0.005536907       0.000000000       0.000000000       0.000000000      45.773880640
      60.000000000      23.000000000     180.000000000     143.000000000       0.035729041      -0.005295655       0.000000000       0.000000000       0.000000000       0.000000000      14.821709331
      60.000000000      24.000000000       0.000000000      96.000000000       0.025175823      -0.014949147       0.000000000       0.000000000       0.000000000       0.000000000      59.378981947
      60.000000000      24.000000000      90.000000000     117.179052852       0.027884715       0.011461412      -0.005802995       0.000000000       0.000000000       0.000000000      46.070900046
      60.000000000      24.000000000     180.000000000     144.000000000       0.036684389      -0.005240769       0.000000000       0.000000000       0.000000000       0.000000000      14.286101284
      60.000000000      25.000000000       0.000000000      95.000000000       0.025517604      -0.015056681       0.000000000       0.000000000       0.000000000       0.000000000      59.005073293
      60.000000000      25.000000000      90.000000000     116.946215263       0.028093439       0.011527603      -0.006072501       0.000000000       0.000000000       0.000000000      46.378203107
      60.000000000      25.000000000     180.000000000     145.000000000       0.037681983      -0.005241878       0.000000000       0.000000000       0.000000000       0.000000000      13.910832755
      60.000000000      26.000000000       0.000000000      94.000000000       0.025837335      -0.015158180       0.000000000       0.000000000       0.000000000       0.000000000      58.667736616
      60.000000000      26.000000000      90.000000000     116.705004161       0.028309587       0.011597152      -0.006345580       0.000000000       0.000000000       0.000000000      46.696881603
      60.000000000      26.000000000     180.000000000     146.000000000       0.038636762      -0.005276970       0.000000000       0.000000000       0.000000000       0.000000000      13.657898078
      60.000000000      27.000000000       0.000000000      93.000000000       0.026076412      -0.015251171       0.000000000       0.000000000       0.000000000       0.000000000      58.486462561
      60.000000000      27.000000000      90.000000000     116.455541824       0.028532244       0.011670105      -0.006622391       0.000000000       0.000000000       0.000000000      47.028108671
      60.000000000      27.000000000     180.000000000     147.000000000       0.039501884      -0.005312607       0.000000000       0.000000000       0.000000000       0.000000000      13.448996159
      60.000000000      28.000000000       0.000000000      92.000000000       0.026246625      -0.015334877       0.000000000       0.000000000       0.000000000       0.000000000      58.426091058
      60.000000000      28.000000000      90.000000000     116.197953011       0.028760542       0.011746519      -0.006903100       0.000000000       0.000000000       0.000000000      47.373025992
      60.000000000      28.000000000     180.000000000     148.000000000       0.040288088      -0.005312730       0.000000000       0.000000000       0.000000000       0.000000000      13.186850528
      60.000000000      29.000000000       0.000000000      91.000000000       0.026425975      -0.015410681       0.000000000       0.000000000       0.000000000       0.000000000      58.316414101
      60.000000000      29.000000000      90.000000000     115.932364776       0.028993752       0.011826469      -0.007187881       0.000000000       0.000000000       0.000000000      47.732603802
      60.000000000      29.000000000     180.000000000     149.000000000       0.041045481      -0.005248158       0.000000000       0.000000000       0.000000000       0.000000000      12.786202895
      60.000000000      30.000000000       0.000000000      90.000000000       0.026708903      -0.015481176       0.000000000       0.000000000       0.000000000       0.000000000      57.962603525
      60.000000000      30.000000000      90.000000000     115.658906273       0.029231388       0.011910044      -0.007476919       0.000000000       0.000000000       0.000000000      48.107479446
      60.000000000      30.000000000     180.000000000     150.000000000       0.041821528      -0.005103173       0.000000000       0.000000000       0.000000000       0.000000000      12.202264234
      60.000000000      31.000000000       0.000000000      89.000000000       0.027142833      -0.015548387       0.000000000       0.000000000       0.000000000       0.000000000      57.283582715
      60.000000000      31.000000000      90.000000000     115.377708569       0.029473306       0.011997350      -0.007770405       0.000000000       0.000000000       0.000000000      48.497784532
      60.000000000      31.000000000     180.000000000     151.000000000       0.042624674      -0.004877086       0.000000000       0.000000000       0.000000000       0.000000000      11.441931293
      60.000000000      32.000000000       0.000000000      88.000000000       0.027693843      -0.015612331       0.000000000       0.000000000       0.000000000       0.000000000      56.374736015
      60.000000000      32.000000000      90.000000000     115.088904462       0.029719807       0.012088507      -0.008068542       0.000000000       0.000000000       0.000000000      48.902975440
      60.000000000      32.000000000     180.000000000     152.000000000       0.043418906      -0.004581030       0.000000000       0.000000000       0.000000000       0.000000000      10.550772725
      60.000000000      33.000000000       0.000000000      87.000000000       0.028266478      -0.015670853       0.000000000       0.000000000       0.000000000       0.000000000      55.439710307
      60.000000000      33.000000000      90.000000000     114.792628303       0.029971737       0.012183654      -0.008371549       0.000000000       0.000000000       0.000000000      49.321686164
      60.000000000      33.000000000     180.000000000     153.000000000       0.044153141      -0.004232132       0.000000000       0.000000000       0.000000000       0.000000000       9.585120556
      60.000000000      34.000000000       0.000000000      86.000000000       0.028766956      -0.015720908       0.000000000       0.000000000       0.000000000       0.000000000      54.649187324
      60.000000000      34.000000000      90.000000000     114.489015821       0.030230566       0.012282954      -0.008679665       0.000000000       0.000000000       0.000000000      49.751625801
      60.000000000      34.000000000     180.000000000     154.000000000       0.044804954      -0.003847840       0.000000000       0.000000000       0.000000000       0.000000000       8.587979611
      60.000000000      35.000000000       0.000000000      85.000000000       0.029168724      -0.015760455       0.000000000       0.000000000       0.000000000       0.000000000      54.032034515
      60.000000000      35.000000000      90.000000000     114.178203960       0.030498425       0.012386602      -0.008993163       0.000000000       0.000000000       0.000000000      50.189544643
      60.000000000      35.000000000     180.000000000     155.000000000       0.045407396      -0.003442419       0.000000000       0.000000000       0.000000000       0.000000000       7.581186052
      60.000000000      36.000000000       0.000000000      84.000000000       0.029535484      -0.015789764       0.000000000       0.000000000       0.000000000       0.000000000      53.460319344
      60.000000000      36.000000000      90.000000000     113.860330715       0.030778079       0.012494825      -0.009312346       0.000000000       0.000000000       0.000000000      50.631292034
      60.000000000      36.000000000     180.000000000     156.000000000       0.046038173      -0.003026018       0.000000000       0.000000000       0.000000000       0.000000000       6.572845522
      60.000000000      37.000000000       0.000000000      83.000000000       0.029983448      -0.015811220       0.000000000       0.000000000       0.000000000       0.000000000      52.733159089
      60.000000000      37.000000000      90.000000000     113.535534978       0.031072815       0.012607884      -0.009637552       0.000000000       0.000000000       0.000000000      51.071984716
      60.000000000      37.000000000     180.000000000     157.000000000       0.046775888      -0.002605377       0.000000000       0.000000000       0.000000000       0.000000000       5.569914210
      60.000000000      38.000000000       0.000000000      82.000000000       0.030605257      -0.015827724       0.000000000       0.000000000       0.000000000       0.000000000      51.715702042
      60.000000000      38.000000000      90.000000000     113.203956389       0.031386258       0.012726055      -0.009969143       0.000000000       0.000000000       0.000000000      51.506295204
      60.000000000      38.000000000     180.000000000     158.000000000       0.047651453      -0.002184770       0.000000000       0.000000000       0.000000000       0.000000000       4.584896925
      60.000000000      39.000000000       0.000000000      81.000000000       0.031405606      -0.015840680       0.000000000       0.000000000       0.000000000       0.000000000      50.439019765
      60.000000000      39.000000000      90.000000000     112.865735196       0.031722111       0.012849626      -0.010307498       0.000000000       0.000000000       0.000000000      51.928855153
      60.000000000      39.000000000     180.000000000     159.000000000       0.048628047      -0.001766360       0.000000000       0.000000000       0.000000000       0.000000000       3.632390119
      60.000000000      40.000000000       0.000000000      80.000000000       0.032293680      -0.015848887       0.000000000       0.000000000       0.000000000       0.000000000      49.077365502
      60.000000000      40.000000000      90.000000000     112.521012118       0.032083854       0.012978880      -0.010653005       0.000000000       0.000000000       0.000000000      52.334749605
      60.000000000      40.000000000     180.000000000     160.000000000       0.049625520      -0.001350138       0.000000000       0.000000000       0.000000000       0.000000000       2.720653429
      60.000000000      41.000000000       0.000000000      79.000000000       0.033141211      -0.015849107       0.000000000       0.000000000       0.000000000       0.000000000      47.822955655
      60.000000000      41.000000000      90.000000000     112.169928217       0.032474424       0.013114093      -0.011006057       0.000000000       0.000000000       0.000000000      52.720056855
      60.000000000      41.000000000     180.000000000     161.000000000       0.050575651      -0.000934269       0.000000000       0.000000000       0.000000000       0.000000000       1.847269641
      60.000000000      42.000000000       0.000000000      78.000000000       0.033870408      -0.015838001       0.000000000       0.000000000       0.000000000       0.000000000      46.760585251
      60.000000000      42.000000000      90.000000000     111.812624777       0.032895907       0.013255531      -0.011367048       0.000000000       0.000000000       0.000000000      53.082369528
      60.000000000      42.000000000     180.000000000     162.000000000       0.051472520      -0.000516464       0.000000000       0.000000000       0.000000000       0.000000000       1.003377211
      60.000000000      43.000000000       0.000000000      77.000000000       0.034513049      -0.015814231       0.000000000       0.000000000       0.000000000       0.000000000      45.821019689
      60.000000000      43.000000000      90.000000000     111.449243191       0.033349265       0.013403452      -0.011736376       0.000000000       0.000000000       0.000000000      53.421220210
      60.000000000      43.000000000     180.000000000     163.000000000       0.052382980      -0.000096096       0.000000000       0.000000000       0.000000000       0.000000000       0.183449061
      60.000000000      44.000000000       0.000000000      76.000000000       0.035197903      -0.015779325       0.000000000       0.000000000       0.000000000       0.000000000      44.830297443
      60.000000000      44.000000000      90.000000000     111.079924852       0.033834137       0.013558104      -0.012114428       0.000000000       0.000000000       0.000000000      53.738333984
      60.000000000      44.000000000     180.000000000     164.000000000       0.053406851       0.000324160       0.000000000       0.000000000       0.000000000       0.000000000       0.606962973
      60.000000000      45.000000000       0.000000000      75.000000000       0.036070086      -0.015736693       0.000000000       0.000000000       0.000000000       0.000000000      43.628099355
      60.000000000      45.000000000      90.000000000     110.704811055       0.034348749       0.013719718      -0.012501580       0.000000000       0.000000000       0.000000000      54.037643444
      60.000000000      45.000000000     180.000000000     165.000000000       0.054609944       0.000738532       0.000000000       0.000000000       0.000000000       0.000000000       1.352376023
      60.000000000      46.000000000       0.000000000      74.000000000       0.037193179      -0.015689346       0.000000000       0.000000000       0.000000000       0.000000000      42.183397029
      60.000000000      46.000000000      90.000000000     110.324042898       0.034889983       0.013888511      -0.012898183       0.000000000       0.000000000       0.000000000      54.325028825
      60.000000000      46.000000000     180.000000000     166.000000000       0.055973482       0.001140643       0.000000000       0.000000000       0.000000000       0.000000000       2.037827726
      60.000000000      47.000000000       0.000000000      73.000000000       0.038500611      -0.015637758       0.000000000       0.000000000       0.000000000       0.000000000      40.616907758
      60.000000000      47.000000000      90.000000000     109.937761204       0.035453635       0.014064681      -0.013304569       0.000000000       0.000000000       0.000000000      54.607782865
      60.000000000      47.000000000     180.000000000     167.000000000       0.057396295       0.001527175       0.000000000       0.000000000       0.000000000       0.000000000       2.660755498
      60.000000000      48.000000000       0.000000000      72.000000000       0.039833791      -0.015579287       0.000000000       0.000000000       0.000000000       0.000000000      39.110731070
      60.000000000      48.000000000      90.000000000     109.546106430       0.036034874       0.014248426      -0.013721056       0.000000000       0.000000000       0.000000000      54.893839724
      60.000000000      48.000000000     180.000000000     168.000000000       0.058754012       0.001900336       0.000000000       0.000000000       0.000000000       0.000000000       3.234393106
      60.000000000      49.000000000       0.000000000      71.000000000       0.041047411      -0.015509630       0.000000000       0.000000000       0.000000000       0.000000000      37.784672018
      60.000000000      49.000000000      90.000000000     109.149218605       0.036628873       0.014439967      -0.014147977       0.000000000       0.000000000       0.000000000      55.190842236
      60.000000000      49.000000000     180.000000000     169.000000000       0.059981902       0.002266834      -0.000000000       0.000000000       0.000000000       0.000000000       3.779196717
      60.000000000      50.000000000       0.000000000      70.000000000       0.042114320      -0.015425446       0.000000000       0.000000000       0.000000000       0.000000000      36.627555211
      60.000000000      50.000000000      90.000000000     108.747237251       0.037231551       0.014639568      -0.014585709       0.000000000       0.000000000       0.000000000      55.505146638
      60.000000000      50.000000000     180.000000000     170.000000000       0.061129256       0.002632709      -0.000000000       0.000000000       0.000000000       0.000000000       4.306791311
      60.000000000      51.000000000       0.000000000      69.000000000       0.043157131      -0.015326493       0.000000000       0.000000000       0.000000000       0.000000000      35.513234246
      60.000000000      51.000000000      90.000000000     108.340301333       0.037840325       0.014847571      -0.015034699       0.000000000       0.000000000       0.000000000      55.840877853
      60.000000000      51.000000000     180.000000000     171.000000000       0.062346919       0.002995928      -0.000000000       0.000000000       0.000000000       0.000000000       4.805253996
      60.000000000      52.000000000       0.000000000      68.000000000       0.044378443      -0.015215838       0.000000000       0.000000000       0.000000000       0.000000000      34.286550939
      60.000000000      52.000000000      90.000000000     107.928549195       0.038454761       0.015064398      -0.015495484       0.000000000       0.000000000       0.000000000      56.199153521
      60.000000000      52.000000000     180.000000000     172.000000000       0.063809172       0.003340727      -0.000000000       0.000000000       0.000000000       0.000000000       5.235496032
      60.000000000      53.000000000       0.000000000      67.000000000       0.045929410      -0.015097885       0.000000000       0.000000000       0.000000000       0.000000000      32.871933045
      60.000000000      53.000000000      90.000000000     107.512118518       0.039077027       0.015290565      -0.015968703       0.000000000       0.000000000       0.000000000      56.577593226
      60.000000000      53.000000000     180.000000000     173.000000000       0.065612834       0.003637888      -0.000000000       0.000000000       0.000000000       0.000000000       5.544476622
      60.000000000      54.000000000       0.000000000      66.000000000       0.047802689      -0.014975408       0.000000000       0.000000000       0.000000000       0.000000000      31.327542809
      60.000000000      54.000000000      90.000000000     107.091146270       0.039712057       0.015526668      -0.016455092       0.000000000       0.000000000       0.000000000      56.970219684
      60.000000000      54.000000000     180.000000000     174.000000000       0.067713790       0.003852914      -0.000000000       0.000000000       0.000000000       0.000000000       5.689999345
      60.000000000      55.000000000       0.000000000      65.000000000       0.049826574      -0.014847468       0.000000000       0.000000000       0.000000000       0.000000000      29.798293061
      60.000000000      55.000000000      90.000000000     106.665768674       0.040367381       0.015773378      -0.016955487       0.000000000       0.000000000       0.000000000      57.367835162
      60.000000000      55.000000000     180.000000000     175.000000000       0.069941574       0.003960231      -0.000000000       0.000000000       0.000000000       0.000000000       5.662198836
      60.000000000      56.000000000       0.000000000      64.000000000       0.051773826      -0.014709654       0.000000000       0.000000000       0.000000000       0.000000000      28.411371512
      60.000000000      56.000000000      90.000000000     106.236121171       0.041052594       0.016031440      -0.017470823       0.000000000       0.000000000       0.000000000      57.758911284
      60.000000000      56.000000000     180.000000000     176.000000000       0.072086620       0.003957891      -0.000000000       0.000000000       0.000000000       0.000000000       5.490464867
      60.000000000      57.000000000       0.000000000      63.000000000       0.053520213      -0.014556617       0.000000000       0.000000000       0.000000000       0.000000000      27.198353349
      60.000000000      57.000000000      90.000000000     105.802338394       0.041778469       0.016301657      -0.018002130       0.000000000       0.000000000       0.000000000      58.130958071
      60.000000000      57.000000000     180.000000000     177.000000000       0.074009956       0.003875754      -0.000000000       0.000000000       0.000000000       0.000000000       5.236800395
      60.000000000      58.000000000       0.000000000      62.000000000       0.055146813      -0.014385378       0.000000000       0.000000000       0.000000000       0.000000000      26.085602363
      60.000000000      58.000000000      90.000000000     105.364554146       0.042555797       0.016584886      -0.018550515       0.000000000       0.000000000       0.000000000      58.472241732
      60.000000000      58.000000000     180.000000000     178.000000000       0.075709719       0.003771970      -0.000000000       0.000000000       0.000000000       0.000000000       4.982148226
      60.000000000      59.000000000       0.000000000      61.000000000       0.056908859      -0.014197269       0.000000000       0.000000000       0.000000000       0.000000000      24.947379790
      60.000000000      59.000000000      90.000000000     104.922901380       0.043394042       0.016882005      -0.019117128       0.000000000       0.000000000       0.000000000      58.773617318
      60.000000000      59.000000000     180.000000000     179.000000000       0.077303834       0.003717235      -0.000000000       0.000000000       0.000000000       0.000000000       4.808603017
      60.000000000      60.000000000       0.000000000      60.000000000       0.059079207      -0.013997136       0.000000000       0.000000000       0.000000000       0.000000000      23.692152592
      60.000000000      60.000000000      90.000000000     104.477512186       0.044300016       0.017193877      -0.019703110       0.000000000       0.000000000       0.000000000      59.030162862
      60.000000000      60.000000000     180.000000000     180.000000000       0.078939382       0.003771799       0.000000000       0.000000000       0.000000000       0.000000000       4.778095788
      60.000000000      61.000000000       0.000000000      59.000000000       0.061762937      -0.013790163       0.000000000       0.000000000       0.000000000       0.000000000      22.327569684
      60.000000000      61.000000000      90.000000000     104.028517782       0.045276777       0.017521307      -0.020309528       0.000000000       0.000000000       0.000000000      59.242282403
      60.000000000      61.000000000     180.000000000     179.000000000       0.080685462       0.003964001       0.000000000       0.000000000       0.000000000       0.000000000       4.912905906
      60.000000000      62.000000000       0.000000000      58.000000000       0.064810203      -0.013578257       0.000000000       0.000000000       0.000000000       0.000000000      20.950801724
      60.000000000      62.000000000      90.000000000     103.576048509       0.046322983       0.017865005      -0.020937333       0.000000000       0.000000000       0.000000000      59.416010681
      60.000000000      62.000000000     180.000000000     178.000000000       0.082478335       0.004279080       0.000000000       0.000000000       0.000000000       0.000000000       5.188126465
      60.000000000      63.000000000       0.000000000      57.000000000       0.067899624      -0.013358359       0.000000000       0.000000000       0.000000000       0.000000000      19.673686287
      60.000000000      63.000000000      90.000000000     103.120233826       0.047432896       0.018225583      -0.021587339       0.000000000       0.000000000       0.000000000      59.562396988
      60.000000000      63.000000000     180.000000000     177.000000000       0.084156540       0.004663174       0.000000000       0.000000000       0.000000000       0.000000000       5.541071244
      60.000000000      64.000000000       0.000000000      56.000000000       0.070753170      -0.013123936       0.000000000       0.000000000       0.000000000       0.000000000      18.548901202
      60.000000000      64.000000000      90.000000000     102.661202316       0.048597099       0.018603572      -0.022260245       0.000000000       0.000000000       0.000000000      59.696030485
      60.000000000      64.000000000     180.000000000     176.000000000       0.085567590       0.005041088       0.000000000       0.000000000       0.000000000       0.000000000       5.891351724
      60.000000000      65.000000000       0.000000000      55.000000000       0.073346649      -0.012868895       0.000000000       0.000000000       0.000000000       0.000000000      17.545307626
      60.000000000      65.000000000      90.000000000     102.199081690       0.049803889       0.018999456      -0.022956672       0.000000000       0.000000000       0.000000000      59.832937468
      60.000000000      65.000000000     180.000000000     175.000000000       0.086681088       0.005340721       0.000000000       0.000000000       0.000000000       0.000000000       6.161344927
      60.000000000      66.000000000       0.000000000      54.000000000       0.075966748      -0.012591501       0.000000000       0.000000000       0.000000000       0.000000000      16.575016654
      60.000000000      66.000000000      90.000000000     101.733998795       0.051041150       0.019413707      -0.023677212       0.000000000       0.000000000       0.000000000      59.988186921
      60.000000000      66.000000000     180.000000000     174.000000000       0.087635708       0.005514392       0.000000000       0.000000000       0.000000000       0.000000000       6.292403232
      60.000000000      67.000000000       0.000000000      53.000000000       0.079055219      -0.012295690       0.000000000       0.000000000       0.000000000       0.000000000      15.553293514
      60.000000000      67.000000000      90.000000000     101.266079624       0.052298447       0.019846796      -0.024422442       0.000000000       0.000000000       0.000000000      60.173570503
      60.000000000      67.000000000     180.000000000     173.000000000       0.088685386       0.005549045       0.000000000       0.000000000       0.000000000       0.000000000       6.257000018
      60.000000000      68.000000000       0.000000000      52.000000000       0.082923143      -0.011988725       0.000000000       0.000000000       0.000000000       0.000000000      14.457634683
      60.000000000      68.000000000      90.000000000     100.795449334       0.053568981       0.020299178      -0.025192918       0.000000000       0.000000000       0.000000000      60.395694346
      60.000000000      68.000000000     180.000000000     172.000000000       0.090071409       0.005462466       0.000000000       0.000000000       0.000000000       0.000000000       6.064594820
      60.000000000      69.000000000       0.000000000      51.000000000       0.087520495      -0.011676465       0.000000000       0.000000000       0.000000000       0.000000000      13.341406429
      60.000000000      69.000000000      90.000000000     100.322232261       0.054851107       0.020771250      -0.025989139       0.000000000       0.000000000       0.000000000      60.654761800
      60.000000000      69.000000000     180.000000000     171.000000000       0.091894126       0.005288779       0.000000000       0.000000000       0.000000000       0.000000000       5.755296186
      60.000000000      70.000000000       0.000000000      50.000000000       0.092431763      -0.011359225       0.000000000       0.000000000       0.000000000       0.000000000      12.289309608
      60.000000000      70.000000000      90.000000000      99.846551940       0.056149112       0.021263310      -0.026811504       0.000000000       0.000000000       0.000000000      60.944257601
      60.000000000      70.000000000     180.000000000     170.000000000       0.094061077       0.005060662       0.000000000       0.000000000       0.000000000       0.000000000       5.380186970
      60.000000000      71.000000000       0.000000000      49.000000000       0.097131912      -0.011031046       0.000000000       0.000000000       0.000000000       0.000000000      11.356768520
      60.000000000      71.000000000      90.000000000      99.368531127       0.057473029       0.021775511      -0.027660286       0.000000000       0.000000000       0.000000000      61.251663072
      60.000000000      71.000000000     180.000000000     169.000000000       0.096344065       0.004796221       0.000000000       0.000000000       0.000000000       0.000000000       4.978221541
      60.000000000      72.000000000       0.000000000      48.000000000       0.101357552      -0.010683147       0.000000000       0.000000000       0.000000000       0.000000000      10.540060000
      60.000000000      72.000000000      90.000000000      98.888291823       0.058837349       0.022307813      -0.028535575       0.000000000       0.000000000       0.000000000      61.560221392
      60.000000000      72.000000000     180.000000000     168.000000000       0.098512362       0.004495255      -0.000000000       0.000000000       0.000000000       0.000000000       4.563137632
      60.000000000      73.000000000       0.000000000      47.000000000       0.105345615      -0.010309623       0.000000000       0.000000000       0.000000000       0.000000000       9.786475641
      60.000000000      73.000000000      90.000000000      98.405955301       0.060258603       0.022859887      -0.029437170       0.000000000       0.000000000       0.000000000      61.851614637
      60.000000000      73.000000000     180.000000000     167.000000000       0.100462736       0.004144631      -0.000000000       0.000000000       0.000000000       0.000000000       4.125540367
      60.000000000      74.000000000       0.000000000      46.000000000       0.109749132      -0.009911779       0.000000000       0.000000000       0.000000000       0.000000000       9.031305422
      60.000000000      74.000000000      90.000000000      97.921642135       0.061751952       0.023430937      -0.030364352       0.000000000       0.000000000       0.000000000      62.109215284
      60.000000000      74.000000000     180.000000000     166.000000000       0.102268619       0.003728305      -0.000000000       0.000000000       0.000000000       0.000000000       3.645600680
      60.000000000      75.000000000       0.000000000      45.000000000       0.115239996      -0.009498087       0.000000000       0.000000000       0.000000000       0.000000000       8.242005936
      60.000000000      75.000000000      90.000000000      97.435472226       0.063327145       0.024019408      -0.031315504       0.000000000       0.000000000       0.000000000      62.321377927
      60.000000000      75.000000000     180.000000000     165.000000000       0.104120080       0.003236068      -0.000000000       0.000000000       0.000000000       0.000000000       3.108015206
      60.000000000      76.000000000       0.000000000      44.000000000       0.122032661      -0.009079444       0.000000000       0.000000000       0.000000000       0.000000000       7.440175550
      60.000000000      76.000000000      90.000000000      96.947564839       0.064984418       0.024622597      -0.032287601       0.000000000       0.000000000       0.000000000      62.484122569
      60.000000000      76.000000000     180.000000000     164.000000000       0.106193416       0.002666832      -0.000000000       0.000000000       0.000000000       0.000000000       2.511296887
      60.000000000      77.000000000       0.000000000      43.000000000       0.129656322      -0.008662555       0.000000000       0.000000000       0.000000000       0.000000000       6.681166913
      60.000000000      77.000000000      90.000000000      96.458038631       0.066711033       0.025236214      -0.033275653       0.000000000       0.000000000       0.000000000      62.602612785
      60.000000000      77.000000000     180.000000000     163.000000000       0.108532254       0.002025905      -0.000000000       0.000000000       0.000000000       0.000000000       1.866638197
      60.000000000      78.000000000       0.000000000      42.000000000       0.137179437      -0.008245826       0.000000000       0.000000000       0.000000000       0.000000000       6.010978451
      60.000000000      78.000000000      90.000000000      95.967011691       0.068479160       0.025853974      -0.034272216       0.000000000       0.000000000       0.000000000      62.691078728
      60.000000000      78.000000000     180.000000000     162.000000000       0.111013887       0.001318990      -0.000000000       0.000000000       0.000000000       0.000000000       1.188130451
      60.000000000      79.000000000       0.000000000      41.000000000       0.143801192      -0.007820917       0.000000000       0.000000000       0.000000000       0.000000000       5.438701328
      60.000000000      79.000000000      90.000000000      95.474601570       0.070245615       0.026467279      -0.035267066       0.000000000       0.000000000       0.000000000      62.771209729
      60.000000000      79.000000000     180.000000000     161.000000000       0.113419894       0.000546977      -0.000000000       0.000000000       0.000000000       0.000000000       0.482258315
      60.000000000      80.000000000       0.000000000      40.000000000       0.149446492      -0.007379611       0.000000000       0.000000000       0.000000000       0.000000000       4.937962130
      60.000000000      80.000000000      90.000000000      94.980925322       0.071953545       0.027065000      -0.036247075       0.000000000       0.000000000       0.000000000      62.869400815
      60.000000000      80.000000000     180.000000000     160.000000000       0.115563215      -0.000295628      -0.000000000       0.000000000       0.000000000       0.000000000       0.255815394
      60.000000000      81.000000000       0.000000000      39.000000000       0.154933612      -0.006922018       0.000000000       0.000000000       0.000000000       0.000000000       4.467731919
      60.000000000      81.000000000      90.000000000      94.486099541       0.073535794       0.027633312      -0.037196210       0.000000000       0.000000000       0.000000000      63.013443753
      60.000000000      81.000000000     180.000000000     159.000000000       0.117387498      -0.001218376      -0.000000000       0.000000000       0.000000000       0.000000000       1.037909312
      60.000000000      82.000000000       0.000000000      38.000000000       0.161512451      -0.006460795       0.000000000       0.000000000       0.000000000       0.000000000       4.000183576
      60.000000000      82.000000000      90.000000000      93.990240398       0.074919327       0.028155507      -0.038095571       0.000000000       0.000000000       0.000000000      63.229254155
      60.000000000      82.000000000     180.000000000     158.000000000       0.118972562      -0.002230631      -0.000000000       0.000000000       0.000000000       0.000000000       1.874912325
      60.000000000      83.000000000       0.000000000      37.000000000       0.169987855      -0.006018172       0.000000000       0.000000000       0.000000000       0.000000000       3.540354091
      60.000000000      83.000000000      90.000000000      93.493463685       0.076029957       0.028611747      -0.038923362       0.000000000       0.000000000       0.000000000      63.538075854
      60.000000000      83.000000000     180.000000000     157.000000000       0.120441253      -0.003337896      -0.000000000       0.000000000       0.000000000       0.000000000       2.771389454
      60.000000000      84.000000000       0.000000000      36.000000000       0.179983443      -0.005617126       0.000000000       0.000000000       0.000000000       0.000000000       3.120912805
      60.000000000      84.000000000      90.000000000      92.995884851       0.076796502       0.028978722      -0.039654672       0.000000000       0.000000000       0.000000000      63.954419664
      60.000000000      84.000000000     180.000000000     156.000000000       0.121828067      -0.004539758      -0.000000000       0.000000000       0.000000000       0.000000000       3.726364617
      60.000000000      85.000000000       0.000000000      35.000000000       0.189905174      -0.005272084       0.000000000       0.000000000       0.000000000       0.000000000       2.776166412
      60.000000000      85.000000000      90.000000000      92.497619045       0.077152634       0.029228914      -0.040260576       0.000000000       0.000000000       0.000000000      64.484924897
      60.000000000      85.000000000     180.000000000     155.000000000       0.122994626      -0.005828457      -0.000000000       0.000000000       0.000000000       0.000000000       4.738789871
      60.000000000      86.000000000       0.000000000      34.000000000       0.197756875      -0.004985408       0.000000000       0.000000000       0.000000000       0.000000000       2.520978164
      60.000000000      86.000000000      90.000000000      91.998781159       0.077031846       0.029328127      -0.040704629       0.000000000       0.000000000       0.000000000      65.128609524
      60.000000000      86.000000000     180.000000000     154.000000000       0.123641232      -0.007185859      -0.000000000       0.000000000       0.000000000       0.000000000       5.811863312
      60.000000000      87.000000000       0.000000000      33.000000000       0.202349592      -0.004752734       0.000000000       0.000000000       0.000000000       0.000000000       2.348773780
      60.000000000      87.000000000      90.000000000      91.499485870       0.076345333       0.029227793      -0.040932251       0.000000000       0.000000000       0.000000000      65.879931311
      60.000000000      87.000000000     180.000000000     153.000000000       0.123386342      -0.008577320      -0.000000000       0.000000000       0.000000000       0.000000000       6.951595977
      60.000000000      88.000000000       0.000000000      32.000000000       0.204031092      -0.004575274       0.000000000       0.000000000       0.000000000       0.000000000       2.242439360
      60.000000000      88.000000000      90.000000000      90.999847680       0.074926709       0.028845659      -0.040845703       0.000000000       0.000000000       0.000000000      66.737796803
      60.000000000      88.000000000     180.000000000     152.000000000       0.121816598      -0.009943537      -0.000000000       0.000000000       0.000000000       0.000000000       8.162711331
      60.000000000      89.000000000       0.000000000      31.000000000       0.204097225      -0.004474571       0.000000000       0.000000000       0.000000000       0.000000000       2.192372154
      60.000000000      89.000000000      90.000000000      90.499980961       0.072397103       0.028014952      -0.040242670       0.000000000       0.000000000       0.000000000      67.728903900
      60.000000000      89.000000000     180.000000000     151.000000000       0.118352853      -0.011193558      -0.000000000       0.000000000       0.000000000       0.000000000       9.457784850
