#
# ARTDECO : Beta_l
#
# Used model for truncation was:
 dm
# number of wavelengths
           1
# wlambda(microns)     nBetal     Trunc. Coeff.     Cext      SSA              g 
     0.412000000E+00     48     0.915482375E-01     0.100000000E+01     0.100000000E+01    -0.327680000E+05
# Betal
# lambda =      0.4120
#     l     alpha1            alpha2            alpha3            alpha4             beta1            beta2
      0     0.100000000E+01     0.000000000E+00     0.000000000E+00     0.915016723E+00     0.000000000E+00     0.000000000E+00
      1     0.231559383E+01     0.000000000E+00     0.000000000E+00     0.237238083E+01     0.000000000E+00     0.000000000E+00
      2     0.337692848E+01     0.420647211E+01     0.400057090E+01     0.327528902E+01    -0.364973508E-01     0.638725723E-01
      3     0.359857039E+01     0.414959848E+01     0.418452394E+01     0.364093212E+01    -0.905497667E-01    -0.408466454E-01
      4     0.405691894E+01     0.437617799E+01     0.427426339E+01     0.400347822E+01    -0.227065661E-01     0.679322444E-01
      5     0.420025080E+01     0.440682634E+01     0.437858133E+01     0.418358345E+01    -0.668077182E-01    -0.974578254E-01
      6     0.449356546E+01     0.468394704E+01     0.466106317E+01     0.449802479E+01     0.466521230E-01     0.468248647E-01
      7     0.477157293E+01     0.481983707E+01     0.474897397E+01     0.472084559E+01    -0.527349229E-01    -0.111702595E+00
      8     0.495972399E+01     0.514507615E+01     0.514667665E+01     0.498006509E+01     0.587146076E-01    -0.106282028E-01
      9     0.520930807E+01     0.520111320E+01     0.515207340E+01     0.519238218E+01    -0.689775382E-02    -0.828741131E-01
     10     0.540754110E+01     0.557873986E+01     0.552910225E+01     0.538057664E+01     0.961405346E-02    -0.773403484E-01
     11     0.551908581E+01     0.550854481E+01     0.551421638E+01     0.555699773E+01     0.420506313E-01    -0.695487599E-01
     12     0.572219567E+01     0.586909557E+01     0.578274260E+01     0.566766782E+01    -0.242249714E-01    -0.998166005E-01
     13     0.574069831E+01     0.574057687E+01     0.575930121E+01     0.579189156E+01     0.548084785E-01    -0.976449526E-01
     14     0.588263729E+01     0.601150246E+01     0.593211532E+01     0.584071962E+01    -0.267617927E-01    -0.907113632E-01
     15     0.587271785E+01     0.587651557E+01     0.587551726E+01     0.590685384E+01     0.363489737E-01    -0.132986940E+00
     16     0.591319898E+01     0.603671817E+01     0.598214328E+01     0.589869988E+01    -0.559110066E-02    -0.863215646E-01
     17     0.590660588E+01     0.590335244E+01     0.587968247E+01     0.592175832E+01     0.433426377E-02    -0.148570682E+00
     18     0.585682873E+01     0.598402498E+01     0.594433325E+01     0.585809506E+01     0.127227080E-01    -0.101254617E+00
     19     0.582942091E+01     0.581635628E+01     0.578951221E+01     0.584472982E+01    -0.891377234E-02    -0.140348749E+00
     20     0.574399500E+01     0.587255374E+01     0.582448852E+01     0.573745580E+01     0.629361437E-02    -0.129778035E+00
     21     0.565748140E+01     0.564064495E+01     0.562890972E+01     0.568910337E+01     0.375482676E-03    -0.125118088E+00
     22     0.556928367E+01     0.569226393E+01     0.562823873E+01     0.554764700E+01    -0.110088143E-01    -0.149442952E+00
     23     0.542520877E+01     0.541023411E+01     0.540974231E+01     0.546737691E+01     0.112395531E-01    -0.123490111E+00
     24     0.532600520E+01     0.543960924E+01     0.537121694E+01     0.530004901E+01    -0.208556621E-01    -0.150707794E+00
     25     0.515160734E+01     0.513966671E+01     0.513710701E+01     0.519017253E+01     0.113479314E-01    -0.133582497E+00
     26     0.502194748E+01     0.512667802E+01     0.506557973E+01     0.500191656E+01    -0.175021980E-01    -0.144244116E+00
     27     0.484085596E+01     0.482964028E+01     0.481839212E+01     0.486871069E+01     0.996966284E-03    -0.142612646E+00
     28     0.467318001E+01     0.477167644E+01     0.472031651E+01     0.466031494E+01    -0.772446100E-02    -0.141384741E+00
     29     0.448878215E+01     0.447579634E+01     0.445929755E+01     0.450898148E+01    -0.843891058E-02    -0.143212882E+00
     30     0.429603617E+01     0.438970133E+01     0.434202548E+01     0.428362129E+01    -0.389836790E-02    -0.145473915E+00
     31     0.409558646E+01     0.408062749E+01     0.406719163E+01     0.411598048E+01    -0.857295851E-02    -0.137511382E+00
     32     0.389503737E+01     0.398331634E+01     0.393380447E+01     0.387757806E+01    -0.810792457E-02    -0.150737714E+00
     33     0.367204666E+01     0.365634775E+01     0.364888210E+01     0.369520347E+01    -0.343558101E-02    -0.133551782E+00
     34     0.346712829E+01     0.354926308E+01     0.349986288E+01     0.344687123E+01    -0.131559868E-01    -0.150565863E+00
     35     0.322871392E+01     0.321317845E+01     0.320782786E+01     0.325092117E+01    -0.370021231E-03    -0.134942014E+00
     36     0.301285412E+01     0.308905194E+01     0.304494196E+01     0.299526721E+01    -0.137335641E-01    -0.145479793E+00
     37     0.276976362E+01     0.275438344E+01     0.274747634E+01     0.278789739E+01    -0.217212760E-02    -0.138116417E+00
     38     0.253737218E+01     0.260882384E+01     0.257204414E+01     0.252488507E+01    -0.985987854E-02    -0.140453429E+00
     39     0.229455498E+01     0.227878878E+01     0.227074626E+01     0.230974012E+01    -0.599035042E-02    -0.138584224E+00
     40     0.204807136E+01     0.211612565E+01     0.208499856E+01     0.203964006E+01    -0.619187925E-02    -0.138738122E+00
     41     0.180237556E+01     0.178614312E+01     0.177872529E+01     0.181704246E+01    -0.695042877E-02    -0.135062004E+00
     42     0.154965119E+01     0.161480251E+01     0.158686404E+01     0.154347258E+01    -0.571141234E-02    -0.138913401E+00
     43     0.129595318E+01     0.127999344E+01     0.127721225E+01     0.131494540E+01    -0.416874310E-02    -0.130536746E+00
     44     0.104283980E+01     0.110538829E+01     0.107662133E+01     0.103580212E+01    -0.707812071E-02    -0.137786984E+00
     45     0.781859999E+00     0.766623103E+00     0.773049153E+00     0.810726088E+00    -0.213255596E-02    -0.127820191E+00
     46     0.526492225E+00     0.587804185E+00     0.554818256E+00     0.516363108E+00    -0.747166558E-02    -0.134495478E+00
     47     0.261661256E+00     0.246710760E+00     0.234903722E+00     0.271445174E+00    -0.265594326E-02    -0.126588844E+00
