# 
# Refractive index taken form OPAC database 
# 
# Material :
# sulfate (70%) 
# 
#  nlambda = 
61 
# wavelength          ref.real         ref.imag  
#   [um]      
2.500000000e-01   1.394000000e+00   2.741000000e-08
3.000000000e-01   1.380000000e+00   1.444000000e-08
3.500000000e-01   1.371000000e+00   7.407000000e-09
4.000000000e-01   1.365000000e+00   3.970000000e-09
4.500000000e-01   1.362000000e+00   3.348000000e-09
5.000000000e-01   1.360000000e+00   3.333000000e-09
5.500000000e-01   1.358000000e+00   4.044000000e-09
6.000000000e-01   1.357000000e+00   1.189000000e-08
6.500000000e-01   1.356000000e+00   1.648000000e-08
7.000000000e-01   1.356000000e+00   3.013000000e-08
7.500000000e-01   1.355000000e+00   1.341000000e-07
8.000000000e-01   1.354000000e+00   1.150000000e-07
9.000000000e-01   1.353000000e+00   4.261000000e-07
1.000000000e+00   1.352000000e+00   2.537000000e-06
1.250000000e+00   1.346000000e+00   8.244000000e-06
1.500000000e+00   1.342000000e+00   1.793000000e-04
1.750000000e+00   1.334000000e+00   1.819000000e-04
2.000000000e+00   1.326000000e+00   1.141000000e-03
2.500000000e+00   1.283000000e+00   2.264000000e-03
3.000000000e+00   1.351000000e+00   2.262000000e-01
3.200000000e+00   1.435000000e+00   1.034000000e-01
3.390000000e+00   1.404000000e+00   5.805000000e-02
3.500000000e+00   1.394000000e+00   4.792000000e-02
3.750000000e+00   1.376000000e+00   3.655000000e-02
4.000000000e+00   1.360000000e+00   3.607000000e-02
4.500000000e+00   1.346000000e+00   4.103000000e-02
5.000000000e+00   1.334000000e+00   4.055000000e-02
5.500000000e+00   1.308000000e+00   5.603000000e-02
6.000000000e+00   1.306000000e+00   1.298000000e-01
6.200000000e+00   1.379000000e+00   1.080000000e-01
6.500000000e+00   1.347000000e+00   6.222000000e-02
7.200000000e+00   1.286000000e+00   6.940000000e-02
7.900000000e+00   1.254000000e+00   1.516000000e-01
8.200000000e+00   1.264000000e+00   1.932000000e-01
8.500000000e+00   1.302000000e+00   2.229000000e-01
8.700000000e+00   1.339000000e+00   2.282000000e-01
9.000000000e+00   1.363000000e+00   1.936000000e-01
9.200000000e+00   1.344000000e+00   1.826000000e-01
9.500000000e+00   1.354000000e+00   2.273000000e-01
9.800000000e+00   1.406000000e+00   2.118000000e-01
1.000000000e+01   1.392000000e+00   1.556000000e-01
1.060000000e+01   1.319000000e+00   1.381000000e-01
1.100000000e+01   1.287000000e+00   1.974000000e-01
1.150000000e+01   1.324000000e+00   2.021000000e-01
1.250000000e+01   1.283000000e+00   2.432000000e-01
1.300000000e+01   1.287000000e+00   2.765000000e-01
1.400000000e+01   1.321000000e+00   3.246000000e-01
1.480000000e+01   1.349000000e+00   3.465000000e-01
1.500000000e+01   1.353000000e+00   3.525000000e-01
1.640000000e+01   1.391000000e+00   4.236000000e-01
1.720000000e+01   1.474000000e+00   4.707000000e-01
1.800000000e+01   1.560000000e+00   3.262000000e-01
1.850000000e+01   1.568000000e+00   3.197000000e-01
2.000000000e+01   1.569000000e+00   2.972000000e-01
2.130000000e+01   1.566000000e+00   3.566000000e-01
2.250000000e+01   1.600000000e+00   2.823000000e-01
2.500000000e+01   1.634000000e+00   3.156000000e-01
2.790000000e+01   1.645000000e+00   2.978000000e-01
3.000000000e+01   1.647000000e+00   2.896000000e-01
3.500000000e+01   1.627000000e+00   2.982000000e-01
4.000000000e+01   1.615000000e+00   3.422000000e-01
