#
# ARTDECO : Beta_l
#
# Used model for truncation was:
 none
# number of wavelengths
          38
# wlambda(microns)     nBetal     Trunc. Coeff.     Cext      SSA              g 
     0.800000000E+01      8     0.000000000E+00     0.273500000E+04     0.644500000E+00     0.920400000E+00
     0.813008100E+01      8     0.000000000E+00     0.273400000E+04     0.648132511E+00     0.919419514E+00
     0.826446200E+01      8     0.000000000E+00     0.273528924E+04     0.652233860E+00     0.918613228E+00
     0.840336100E+01      8     0.000000000E+00     0.273757137E+04     0.656624357E+00     0.917893278E+00
     0.854700900E+01      8     0.000000000E+00     0.275164955E+04     0.660905135E+00     0.917558973E+00
     0.869565200E+01      8     0.000000000E+00     0.273847828E+04     0.661317392E+00     0.917686956E+00
     0.884955800E+01      8     0.000000000E+00     0.271007956E+04     0.659454862E+00     0.917800000E+00
     0.900900900E+01      8     0.000000000E+00     0.268273874E+04     0.657736937E+00     0.918136036E+00
     0.917431200E+01      8     0.000000000E+00     0.266108256E+04     0.656654128E+00     0.919020184E+00
     0.934579500E+01      8     0.000000000E+00     0.264671025E+04     0.656154205E+00     0.920649540E+00
     0.952380900E+01      8     0.000000000E+00     0.267385741E+04     0.657380999E+00     0.925176180E+00
     0.970873800E+01      8     0.000000000E+00     0.258398052E+04     0.641022318E+00     0.928974760E+00
     0.990099000E+01      8     0.000000000E+00     0.250298020E+04     0.624339610E+00     0.933954450E+00
     0.101010100E+02      8     0.000000000E+00     0.242115160E+04     0.594544470E+00     0.944344440E+00
     0.103092780E+02      8     0.000000000E+00     0.224994872E+04     0.539246492E+00     0.953278340E+00
     0.105263160E+02      8     0.000000000E+00     0.208805256E+04     0.475805216E+00     0.958021052E+00
     0.107526880E+02      8     0.000000000E+00     0.209975264E+04     0.452319360E+00     0.955693552E+00
     0.109890110E+02      8     0.000000000E+00     0.221373627E+04     0.462829671E+00     0.948128571E+00
     0.112359550E+02      8     0.000000000E+00     0.231558425E+04     0.476417975E+00     0.937705620E+00
     0.114942530E+02      8     0.000000000E+00     0.239256325E+04     0.485056325E+00     0.930037928E+00
     0.117647060E+02      8     0.000000000E+00     0.245329414E+04     0.490864708E+00     0.923311762E+00
     0.120481930E+02      8     0.000000000E+00     0.250222895E+04     0.494778316E+00     0.917680719E+00
     0.123456790E+02      8     0.000000000E+00     0.254439506E+04     0.497665432E+00     0.913160494E+00
     0.126582280E+02      8     0.000000000E+00     0.258056964E+04     0.500007596E+00     0.909675948E+00
     0.129870130E+02      8     0.000000000E+00     0.261296104E+04     0.501909091E+00     0.907164935E+00
     0.133333330E+02      8     0.000000000E+00     0.263733331E+04     0.503999997E+00     0.905033335E+00
     0.136986300E+02      8     0.000000000E+00     0.265991780E+04     0.506791780E+00     0.903404110E+00
     0.140845070E+02      8     0.000000000E+00     0.269422535E+04     0.512383098E+00     0.901692958E+00
     0.144927540E+02      8     0.000000000E+00     0.271371016E+04     0.519433342E+00     0.899343476E+00
     0.149253730E+02      8     0.000000000E+00     0.273452238E+04     0.530461190E+00     0.896097016E+00
     0.153846150E+02      8     0.000000000E+00     0.276032105E+04     0.542262534E+00     0.892722076E+00
     0.158730150E+02      8     0.000000000E+00     0.278325462E+04     0.552285351E+00     0.889536859E+00
     0.163934420E+02      8     0.000000000E+00     0.280769206E+04     0.562965418E+00     0.886142770E+00
     0.169491520E+02      8     0.000000000E+00     0.282081355E+04     0.572527109E+00     0.880883056E+00
     0.175438590E+02      8     0.000000000E+00     0.283901751E+04     0.593008742E+00     0.871780712E+00
     0.181818180E+02      8     0.000000000E+00     0.286000000E+04     0.618740904E+00     0.862459093E+00
     0.188679240E+02      8     0.000000000E+00     0.286009703E+04     0.635306738E+00     0.856180593E+00
     0.196078430E+02      8     0.000000000E+00     0.286440120E+04     0.642654441E+00     0.853229264E+00
# Betal
# lambda =      8.0000
#     l     alpha1            alpha2            alpha3            alpha4             beta1            beta2
      0     0.100000000E+01     0.000000000E+00     0.000000000E+00     0.958209537E+00     0.000000000E+00     0.000000000E+00
      1     0.276101662E+01     0.000000000E+00     0.000000000E+00     0.276200755E+01     0.000000000E+00     0.000000000E+00
      2     0.425894270E+01     0.466397421E+01     0.460002126E+01     0.426295093E+01    -0.718086306E-01     0.138893029E-01
      3     0.554153670E+01     0.581638768E+01     0.577643882E+01     0.554344223E+01    -0.654427430E-01     0.647862324E-02
      4     0.666806297E+01     0.688623735E+01     0.686102728E+01     0.666816107E+01    -0.545812110E-01     0.426216158E-03
      5     0.767510159E+01     0.785249113E+01     0.783688520E+01     0.767512419E+01    -0.454884808E-01    -0.429504600E-02
      6     0.859085661E+01     0.874037571E+01     0.872948192E+01     0.859009891E+01    -0.406549811E-01    -0.475050937E-02
      7     0.942795547E+01     0.955718628E+01     0.955008259E+01     0.942774032E+01    -0.388607265E-01    -0.478750960E-02
      8     0.101896495E+02     0.103071492E+02     0.103015777E+02     0.101892206E+02    -0.385075949E-01    -0.398585350E-02
# lambda =      8.1301
#     l     alpha1            alpha2            alpha3            alpha4             beta1            beta2
      0     0.100000000E+01     0.000000000E+00     0.000000000E+00     0.958467961E+00     0.000000000E+00     0.000000000E+00
      1     0.275817544E+01     0.000000000E+00     0.000000000E+00     0.275923705E+01     0.000000000E+00     0.000000000E+00
      2     0.424890851E+01     0.465961161E+01     0.459611679E+01     0.425301253E+01    -0.718995363E-01     0.141897301E-01
      3     0.552191881E+01     0.579988629E+01     0.576025530E+01     0.552374229E+01    -0.653428432E-01     0.664485374E-02
      4     0.663680980E+01     0.685740620E+01     0.683264740E+01     0.663699042E+01    -0.545617612E-01     0.389410762E-03
      5     0.763069904E+01     0.781018205E+01     0.779484299E+01     0.763075446E+01    -0.456239229E-01    -0.446499393E-02
      6     0.853233424E+01     0.868349977E+01     0.867284913E+01     0.853164437E+01    -0.408765634E-01    -0.489275203E-02
      7     0.935508665E+01     0.948554897E+01     0.947856488E+01     0.935485995E+01    -0.390695211E-01    -0.486274882E-02
      8     0.101021911E+02     0.102206747E+02     0.102152115E+02     0.101017692E+02    -0.387335169E-01    -0.402600189E-02
# lambda =      8.2645
#     l     alpha1            alpha2            alpha3            alpha4             beta1            beta2
      0     0.100000000E+01     0.000000000E+00     0.000000000E+00     0.958778813E+00     0.000000000E+00     0.000000000E+00
      1     0.275574832E+01     0.000000000E+00     0.000000000E+00     0.275685748E+01     0.000000000E+00     0.000000000E+00
      2     0.423978186E+01     0.465581241E+01     0.459286354E+01     0.424399547E+01    -0.720169153E-01     0.144216900E-01
      3     0.550368320E+01     0.578479529E+01     0.574548432E+01     0.550541868E+01    -0.653275462E-01     0.679298455E-02
      4     0.660748414E+01     0.683049392E+01     0.680617404E+01     0.660771093E+01    -0.546176900E-01     0.361772389E-03
      5     0.758887369E+01     0.777041245E+01     0.775533268E+01     0.758891020E+01    -0.458222252E-01    -0.462992843E-02
      6     0.847701559E+01     0.862982479E+01     0.861942184E+01     0.847634912E+01    -0.411513335E-01    -0.503917041E-02
      7     0.928600414E+01     0.941772252E+01     0.941087201E+01     0.928570715E+01    -0.393207490E-01    -0.492219001E-02
      8     0.100191015E+02     0.101385731E+02     0.101332699E+02     0.100186369E+02    -0.390208312E-01    -0.405440303E-02
# lambda =      8.4034
#     l     alpha1            alpha2            alpha3            alpha4             beta1            beta2
      0     0.100000000E+01     0.000000000E+00     0.000000000E+00     0.959146677E+00     0.000000000E+00     0.000000000E+00
      1     0.275352250E+01     0.000000000E+00     0.000000000E+00     0.275465121E+01     0.000000000E+00     0.000000000E+00
      2     0.423101312E+01     0.465222401E+01     0.458992106E+01     0.423532507E+01    -0.720955881E-01     0.146326049E-01
      3     0.548590864E+01     0.577014386E+01     0.573119433E+01     0.548756154E+01    -0.653283131E-01     0.695005590E-02
      4     0.657863523E+01     0.680407573E+01     0.678021948E+01     0.657896420E+01    -0.547329057E-01     0.357837410E-03
      5     0.754750380E+01     0.773114262E+01     0.771629807E+01     0.754755572E+01    -0.460876663E-01    -0.477939164E-02
      6     0.842203346E+01     0.857654827E+01     0.856637444E+01     0.842143163E+01    -0.414892790E-01    -0.518083678E-02
      7     0.921711173E+01     0.935014008E+01     0.934338984E+01     0.921678425E+01    -0.396180612E-01    -0.498378972E-02
      8     0.993602223E+01     0.100565368E+02     0.100513395E+02     0.993553456E+01    -0.393400960E-01    -0.408199849E-02
# lambda =      8.5470
#     l     alpha1            alpha2            alpha3            alpha4             beta1            beta2
      0     0.100000000E+01     0.000000000E+00     0.000000000E+00     0.959810754E+00     0.000000000E+00     0.000000000E+00
      1     0.275261634E+01     0.000000000E+00     0.000000000E+00     0.275357760E+01     0.000000000E+00     0.000000000E+00
      2     0.422520473E+01     0.465031925E+01     0.458915078E+01     0.422927475E+01    -0.714472061E-01     0.147335631E-01
      3     0.547243637E+01     0.575937563E+01     0.572115255E+01     0.547387713E+01    -0.647572255E-01     0.710043383E-02
      4     0.655550232E+01     0.678324307E+01     0.675992321E+01     0.655579677E+01    -0.544390314E-01     0.480491064E-03
      5     0.751322818E+01     0.769883902E+01     0.768423771E+01     0.751320834E+01    -0.458554123E-01    -0.477657446E-02
      6     0.837544019E+01     0.853167703E+01     0.852170188E+01     0.837483639E+01    -0.413021409E-01    -0.524884951E-02
      7     0.915776241E+01     0.929210700E+01     0.928547857E+01     0.915746124E+01    -0.393631761E-01    -0.501843235E-02
      8     0.986378445E+01     0.998541405E+01     0.998022085E+01     0.986324120E+01    -0.390543055E-01    -0.418526395E-02
# lambda =      8.6957
#     l     alpha1            alpha2            alpha3            alpha4             beta1            beta2
      0     0.100000000E+01     0.000000000E+00     0.000000000E+00     0.960633514E+00     0.000000000E+00     0.000000000E+00
      1     0.275289742E+01     0.000000000E+00     0.000000000E+00     0.275366695E+01     0.000000000E+00     0.000000000E+00
      2     0.422230569E+01     0.465001505E+01     0.459018627E+01     0.422600849E+01    -0.708207156E-01     0.146701279E-01
      3     0.546361984E+01     0.575288651E+01     0.571555143E+01     0.546465145E+01    -0.644290549E-01     0.729244557E-02
      4     0.653854106E+01     0.676827219E+01     0.674566516E+01     0.653863489E+01    -0.546784121E-01     0.713276730E-03
      5     0.748630532E+01     0.767393270E+01     0.765972412E+01     0.748612486E+01    -0.463576465E-01    -0.452762949E-02
      6     0.833679040E+01     0.849495302E+01     0.848515769E+01     0.833595397E+01    -0.417478879E-01    -0.506146613E-02
      7     0.910574906E+01     0.924192725E+01     0.923550090E+01     0.910530440E+01    -0.398330995E-01    -0.485378550E-02
      8     0.979705851E+01     0.992039308E+01     0.991533584E+01     0.979637081E+01    -0.396289351E-01    -0.403832519E-02
# lambda =      8.8496
#     l     alpha1            alpha2            alpha3            alpha4             beta1            beta2
      0     0.100000000E+01     0.000000000E+00     0.000000000E+00     0.961421256E+00     0.000000000E+00     0.000000000E+00
      1     0.275329398E+01     0.000000000E+00     0.000000000E+00     0.275408668E+01     0.000000000E+00     0.000000000E+00
      2     0.421984749E+01     0.464995666E+01     0.459133718E+01     0.422376276E+01    -0.707512905E-01     0.145403576E-01
      3     0.545632189E+01     0.574790756E+01     0.571106256E+01     0.545727439E+01    -0.645625519E-01     0.742854966E-02
      4     0.652441279E+01     0.675593484E+01     0.673391522E+01     0.652465028E+01    -0.549162531E-01     0.746761741E-03
      5     0.746360062E+01     0.765316540E+01     0.763928365E+01     0.746352486E+01    -0.467982219E-01    -0.455373898E-02
      6     0.830397170E+01     0.846383614E+01     0.845431285E+01     0.830324527E+01    -0.421447241E-01    -0.516317516E-02
      7     0.906210550E+01     0.919968237E+01     0.919343496E+01     0.906166262E+01    -0.400788572E-01    -0.484807406E-02
      8     0.974214303E+01     0.986653476E+01     0.986169201E+01     0.974143823E+01    -0.398289267E-01    -0.404404219E-02
# lambda =      9.0090
#     l     alpha1            alpha2            alpha3            alpha4             beta1            beta2
      0     0.100000000E+01     0.000000000E+00     0.000000000E+00     0.962315411E+00     0.000000000E+00     0.000000000E+00
      1     0.275436113E+01     0.000000000E+00     0.000000000E+00     0.275516911E+01     0.000000000E+00     0.000000000E+00
      2     0.421883826E+01     0.465080727E+01     0.459355956E+01     0.422307335E+01    -0.707053859E-01     0.143124066E-01
      3     0.545124487E+01     0.574516191E+01     0.570880892E+01     0.545223954E+01    -0.648196006E-01     0.756002523E-02
      4     0.651335277E+01     0.674661721E+01     0.672518666E+01     0.651391321E+01    -0.552715142E-01     0.808241877E-03
      5     0.744482217E+01     0.763632679E+01     0.762274234E+01     0.744507428E+01    -0.473336689E-01    -0.454369451E-02
      6     0.827576659E+01     0.843740644E+01     0.842808744E+01     0.827540958E+01    -0.425887607E-01    -0.524328795E-02
      7     0.902358649E+01     0.916267629E+01     0.915651360E+01     0.902343801E+01    -0.403457961E-01    -0.482963988E-02
      8     0.969275450E+01     0.981834544E+01     0.981362041E+01     0.969236272E+01    -0.400686987E-01    -0.404520663E-02
# lambda =      9.1743
#     l     alpha1            alpha2            alpha3            alpha4             beta1            beta2
      0     0.100000000E+01     0.000000000E+00     0.000000000E+00     0.963434049E+00     0.000000000E+00     0.000000000E+00
      1     0.275692882E+01     0.000000000E+00     0.000000000E+00     0.275766151E+01     0.000000000E+00     0.000000000E+00
      2     0.422114734E+01     0.465356738E+01     0.459807875E+01     0.422576966E+01    -0.706176702E-01     0.138811151E-01
      3     0.545123218E+01     0.574736463E+01     0.571155869E+01     0.545229502E+01    -0.652587374E-01     0.765500956E-02
      4     0.650903345E+01     0.674393213E+01     0.672309801E+01     0.650989521E+01    -0.558024830E-01     0.928559210E-03
      5     0.743442176E+01     0.762781245E+01     0.761455308E+01     0.743496246E+01    -0.480495061E-01    -0.447004068E-02
      6     0.825725362E+01     0.842074121E+01     0.841165653E+01     0.825720506E+01    -0.432112556E-01    -0.531964517E-02
      7     0.899573187E+01     0.913647460E+01     0.913040453E+01     0.899578513E+01    -0.407598877E-01    -0.481789087E-02
      8     0.965491031E+01     0.978181058E+01     0.977719169E+01     0.965473933E+01    -0.404298961E-01    -0.406194471E-02
# lambda =      9.3458
#     l     alpha1            alpha2            alpha3            alpha4             beta1            beta2
      0     0.100000000E+01     0.000000000E+00     0.000000000E+00     0.964857558E+00     0.000000000E+00     0.000000000E+00
      1     0.276170432E+01     0.000000000E+00     0.000000000E+00     0.276222766E+01     0.000000000E+00     0.000000000E+00
      2     0.422863448E+01     0.465922185E+01     0.460602281E+01     0.423370266E+01    -0.703965099E-01     0.131537587E-01
      3     0.545944070E+01     0.575742512E+01     0.572226179E+01     0.546061334E+01    -0.658760066E-01     0.763788310E-02
      4     0.651591512E+01     0.675224851E+01     0.673203369E+01     0.651713237E+01    -0.565397332E-01     0.107189177E-02
      5     0.743809097E+01     0.763335813E+01     0.762042005E+01     0.743900441E+01    -0.489714787E-01    -0.429778651E-02
      6     0.825532136E+01     0.842083475E+01     0.841195200E+01     0.825566827E+01    -0.440097529E-01    -0.532945028E-02
      7     0.898644165E+01     0.912913669E+01     0.912312637E+01     0.898677558E+01    -0.413005612E-01    -0.479287357E-02
      8     0.963715297E+01     0.976569280E+01     0.976118857E+01     0.963729260E+01    -0.408798531E-01    -0.405014139E-02
# lambda =      9.5238
#     l     alpha1            alpha2            alpha3            alpha4             beta1            beta2
      0     0.100000000E+01     0.000000000E+00     0.000000000E+00     0.967918394E+00     0.000000000E+00     0.000000000E+00
      1     0.277548657E+01     0.000000000E+00     0.000000000E+00     0.277529808E+01     0.000000000E+00     0.000000000E+00
      2     0.425918771E+01     0.467707299E+01     0.462867684E+01     0.426346655E+01    -0.663723716E-01     0.115150279E-01
      3     0.550298708E+01     0.580029264E+01     0.576771599E+01     0.550394575E+01    -0.633729737E-01     0.698950908E-02
      4     0.656796594E+01     0.680618139E+01     0.678707927E+01     0.656909021E+01    -0.550498322E-01     0.853011812E-03
      5     0.749442242E+01     0.769253290E+01     0.768007449E+01     0.749530353E+01    -0.478602624E-01    -0.447159332E-02
      6     0.831160158E+01     0.848057788E+01     0.847194165E+01     0.831205376E+01    -0.429547858E-01    -0.605030493E-02
      7     0.903929020E+01     0.918545100E+01     0.917938309E+01     0.903959861E+01    -0.400207168E-01    -0.584265765E-02
      8     0.968443329E+01     0.981608757E+01     0.981150952E+01     0.968457494E+01    -0.394194720E-01    -0.532326882E-02
# lambda =      9.7087
#     l     alpha1            alpha2            alpha3            alpha4             beta1            beta2
      0     0.100000000E+01     0.000000000E+00     0.000000000E+00     0.970083438E+00     0.000000000E+00     0.000000000E+00
      1     0.278684747E+01     0.000000000E+00     0.000000000E+00     0.278617517E+01     0.000000000E+00     0.000000000E+00
      2     0.428449492E+01     0.469165063E+01     0.464679073E+01     0.428923875E+01    -0.655241725E-01     0.100326173E-01
      3     0.554155067E+01     0.583793887E+01     0.580619876E+01     0.554226592E+01    -0.642143863E-01     0.657860518E-02
      4     0.661718417E+01     0.685526553E+01     0.683699583E+01     0.661832681E+01    -0.560429981E-01     0.946311596E-03
      5     0.755197009E+01     0.775122801E+01     0.773913681E+01     0.755272440E+01    -0.491831723E-01    -0.419571401E-02
      6     0.837356926E+01     0.854444135E+01     0.853616821E+01     0.837401754E+01    -0.442636490E-01    -0.597254181E-02
      7     0.910251613E+01     0.925095795E+01     0.924507698E+01     0.910271453E+01    -0.411302394E-01    -0.573260415E-02
      8     0.974750389E+01     0.988092797E+01     0.987658377E+01     0.974755371E+01    -0.402013113E-01    -0.508414185E-02
# lambda =      9.9010
#     l     alpha1            alpha2            alpha3            alpha4             beta1            beta2
      0     0.100000000E+01     0.000000000E+00     0.000000000E+00     0.972806764E+00     0.000000000E+00     0.000000000E+00
      1     0.280179521E+01     0.000000000E+00     0.000000000E+00     0.280078735E+01     0.000000000E+00     0.000000000E+00
      2     0.432002944E+01     0.471131385E+01     0.467071348E+01     0.432531289E+01    -0.640503189E-01     0.816612296E-02
      3     0.559702214E+01     0.589092898E+01     0.586063563E+01     0.559801960E+01    -0.651126563E-01     0.584186406E-02
      4     0.668997969E+01     0.692733257E+01     0.690995666E+01     0.669155222E+01    -0.574829597E-01     0.104849607E-02
      5     0.763968008E+01     0.783961924E+01     0.782793508E+01     0.764076801E+01    -0.508775708E-01    -0.364101634E-02
      6     0.847183973E+01     0.864451218E+01     0.863657215E+01     0.847272671E+01    -0.458058086E-01    -0.564474909E-02
      7     0.920653837E+01     0.935768943E+01     0.935185491E+01     0.920695004E+01    -0.423344077E-01    -0.560476874E-02
      8     0.985356839E+01     0.998962552E+01     0.998535384E+01     0.985380607E+01    -0.410853555E-01    -0.492165959E-02
# lambda =     10.1010
#     l     alpha1            alpha2            alpha3            alpha4             beta1            beta2
      0     0.100000000E+01     0.000000000E+00     0.000000000E+00     0.977030744E+00     0.000000000E+00     0.000000000E+00
      1     0.283294234E+01     0.000000000E+00     0.000000000E+00     0.283070985E+01     0.000000000E+00     0.000000000E+00
      2     0.440820021E+01     0.475420313E+01     0.472025706E+01     0.441156501E+01    -0.556821289E-01     0.477308221E-02
      3     0.574942953E+01     0.602514989E+01     0.599856550E+01     0.574944080E+01    -0.585406218E-01     0.321877651E-02
      4     0.690626869E+01     0.713470522E+01     0.711833185E+01     0.690649207E+01    -0.520620721E-01    -0.404151747E-03
      5     0.791676098E+01     0.811213281E+01     0.810080056E+01     0.791684654E+01    -0.456612575E-01    -0.412950216E-02
      6     0.880474369E+01     0.897617092E+01     0.896798425E+01     0.880476748E+01    -0.403148372E-01    -0.644956879E-02
      7     0.958719159E+01     0.973987577E+01     0.973360256E+01     0.958704510E+01    -0.363592087E-01    -0.725307408E-02
      8     0.102741773E+02     0.104132158E+02     0.104081272E+02     0.102737513E+02    -0.343764032E-01    -0.727871267E-02
# lambda =     10.3093
#     l     alpha1            alpha2            alpha3            alpha4             beta1            beta2
      0     0.100000000E+01     0.000000000E+00     0.000000000E+00     0.980077714E+00     0.000000000E+00     0.000000000E+00
      1     0.285982035E+01     0.000000000E+00     0.000000000E+00     0.285822518E+01     0.000000000E+00     0.000000000E+00
      2     0.449267828E+01     0.479349540E+01     0.476311699E+01     0.449412918E+01    -0.514906681E-01     0.264700536E-02
      3     0.589990651E+01     0.615554942E+01     0.613383158E+01     0.590201008E+01    -0.579487202E-01     0.145341201E-02
      4     0.712707953E+01     0.734543016E+01     0.732810755E+01     0.712587718E+01    -0.535861870E-01    -0.133466391E-02
      5     0.820069814E+01     0.839168024E+01     0.838245821E+01     0.820271407E+01    -0.478546278E-01    -0.437843830E-02
      6     0.914877964E+01     0.931946460E+01     0.930961310E+01     0.914745134E+01    -0.428178273E-01    -0.666210605E-02
      7     0.997857524E+01     0.101336470E+02     0.101288184E+02     0.998004206E+01    -0.389037814E-01    -0.788113959E-02
      8     0.107056706E+02     0.108488211E+02     0.108425799E+02     0.107045515E+02    -0.369442425E-01    -0.822878993E-02
# lambda =     10.5263
#     l     alpha1            alpha2            alpha3            alpha4             beta1            beta2
      0     0.100000000E+01     0.000000000E+00     0.000000000E+00     0.979956630E+00     0.000000000E+00     0.000000000E+00
      1     0.287392800E+01     0.000000000E+00     0.000000000E+00     0.287506008E+01     0.000000000E+00     0.000000000E+00
      2     0.455274891E+01     0.481882073E+01     0.478462572E+01     0.454798406E+01    -0.508248450E-01     0.316003584E-02
      3     0.601048398E+01     0.624536467E+01     0.623124632E+01     0.601730930E+01    -0.600829109E-01     0.240636407E-02
      4     0.730314627E+01     0.751011364E+01     0.748700918E+01     0.729653432E+01    -0.583065940E-01     0.370391033E-04
      5     0.843094865E+01     0.861542960E+01     0.861064976E+01     0.843714254E+01    -0.531900703E-01    -0.281980112E-02
      6     0.943747087E+01     0.960594039E+01     0.959140820E+01     0.943288118E+01    -0.486508975E-01    -0.524325442E-02
      7     0.103119645E+02     0.104673936E+02     0.104643238E+02     0.103161313E+02    -0.443263867E-01    -0.697628301E-02
      8     0.110806036E+02     0.112264261E+02     0.112174600E+02     0.110786617E+02    -0.423591404E-01    -0.777863101E-02
# lambda =     10.7527
#     l     alpha1            alpha2            alpha3            alpha4             beta1            beta2
      0     0.100000000E+01     0.000000000E+00     0.000000000E+00     0.974973078E+00     0.000000000E+00     0.000000000E+00
      1     0.286710260E+01     0.000000000E+00     0.000000000E+00     0.286944253E+01     0.000000000E+00     0.000000000E+00
      2     0.454989638E+01     0.481364149E+01     0.476988545E+01     0.454207229E+01    -0.584969897E-01     0.853793007E-02
      3     0.601519931E+01     0.624367812E+01     0.622791174E+01     0.602240468E+01    -0.679842343E-01     0.917501118E-02
      4     0.732275233E+01     0.752535746E+01     0.749839240E+01     0.731467557E+01    -0.674132451E-01     0.704993867E-02
      5     0.846398220E+01     0.864611910E+01     0.863972102E+01     0.847022727E+01    -0.631955248E-01     0.397751881E-02
      6     0.948149787E+01     0.965003450E+01     0.963372053E+01     0.947737323E+01    -0.597956942E-01     0.132506713E-02
      7     0.103624176E+02     0.105196396E+02     0.105145139E+02     0.103669975E+02    -0.559595939E-01    -0.778431217E-03
      8     0.111311465E+02     0.112801680E+02     0.112697377E+02     0.111305239E+02    -0.542544803E-01    -0.187791045E-02
# lambda =     10.9890
#     l     alpha1            alpha2            alpha3            alpha4             beta1            beta2
      0     0.100000000E+01     0.000000000E+00     0.000000000E+00     0.964721788E+00     0.000000000E+00     0.000000000E+00
      1     0.284433980E+01     0.000000000E+00     0.000000000E+00     0.284512313E+01     0.000000000E+00     0.000000000E+00
      2     0.449778794E+01     0.478397198E+01     0.472583761E+01     0.449304037E+01    -0.734632239E-01     0.182936950E-01
      3     0.594173057E+01     0.617703661E+01     0.614663956E+01     0.594454788E+01    -0.792222035E-01     0.189521002E-01
      4     0.722426686E+01     0.742920716E+01     0.740027099E+01     0.721967788E+01    -0.760283040E-01     0.150840723E-01
      5     0.834930984E+01     0.853358900E+01     0.851903204E+01     0.835197757E+01    -0.711569400E-01     0.104204073E-01
      6     0.934233339E+01     0.951296917E+01     0.949661404E+01     0.934082417E+01    -0.672339200E-01     0.667049590E-02
      7     0.102016101E+02     0.103615557E+02     0.103516118E+02     0.102038904E+02    -0.636353441E-01     0.387538498E-02
      8     0.109406001E+02     0.110925372E+02     0.110820429E+02     0.109415409E+02    -0.617251374E-01     0.233307167E-02
# lambda =     11.2360
#     l     alpha1            alpha2            alpha3            alpha4             beta1            beta2
      0     0.100000000E+01     0.000000000E+00     0.000000000E+00     0.951619738E+00     0.000000000E+00     0.000000000E+00
      1     0.281293816E+01     0.000000000E+00     0.000000000E+00     0.281557292E+01     0.000000000E+00     0.000000000E+00
      2     0.442801554E+01     0.474601314E+01     0.466676058E+01     0.442723891E+01    -0.885871933E-01     0.260411761E-01
      3     0.583315981E+01     0.608252875E+01     0.603767962E+01     0.583549334E+01    -0.882350663E-01     0.240273301E-01
      4     0.707204914E+01     0.728503342E+01     0.725202826E+01     0.707108873E+01    -0.803560104E-01     0.173501018E-01
      5     0.815578527E+01     0.834612379E+01     0.832574846E+01     0.815766404E+01    -0.728008458E-01     0.111354095E-01
      6     0.910051438E+01     0.927590148E+01     0.925927037E+01     0.910111997E+01    -0.671136920E-01     0.691027270E-02
      7     0.991093210E+01     0.100750312E+02     0.100633408E+02     0.991284989E+01    -0.625336106E-01     0.429340927E-02
      8     0.105965984E+02     0.107518187E+02     0.107415112E+02     0.105975961E+02    -0.593850797E-01     0.326634778E-02
# lambda =     11.4943
#     l     alpha1            alpha2            alpha3            alpha4             beta1            beta2
      0     0.100000000E+01     0.000000000E+00     0.000000000E+00     0.939346545E+00     0.000000000E+00     0.000000000E+00
      1     0.278992115E+01     0.000000000E+00     0.000000000E+00     0.279260111E+01     0.000000000E+00     0.000000000E+00
      2     0.438368470E+01     0.471858564E+01     0.462036970E+01     0.438407295E+01    -0.995454210E-01     0.313471463E-01
      3     0.577028502E+01     0.602607829E+01     0.596849224E+01     0.577067764E+01    -0.952535815E-01     0.271713328E-01
      4     0.698894075E+01     0.720529009E+01     0.716699288E+01     0.698814894E+01    -0.849604488E-01     0.188581846E-01
      5     0.805324197E+01     0.824654981E+01     0.822137957E+01     0.805417120E+01    -0.768944544E-01     0.120590179E-01
      6     0.897554506E+01     0.915378481E+01     0.913471951E+01     0.897650149E+01    -0.710862270E-01     0.777526199E-02
      7     0.976252139E+01     0.992956903E+01     0.991525609E+01     0.976434863E+01    -0.666042097E-01     0.522808312E-02
      8     0.104224893E+02     0.105806212E+02     0.105683437E+02     0.104236685E+02    -0.633069298E-01     0.422210143E-02
# lambda =     11.7647
#     l     alpha1            alpha2            alpha3            alpha4             beta1            beta2
      0     0.100000000E+01     0.000000000E+00     0.000000000E+00     0.928337097E+00     0.000000000E+00     0.000000000E+00
      1     0.276981679E+01     0.000000000E+00     0.000000000E+00     0.277304278E+01     0.000000000E+00     0.000000000E+00
      2     0.434649882E+01     0.469527874E+01     0.457956057E+01     0.434685880E+01    -0.107876605E+00     0.337769397E-01
      3     0.571526442E+01     0.597737523E+01     0.590991797E+01     0.571422661E+01    -0.100706974E+00     0.278419293E-01
      4     0.691379998E+01     0.713432327E+01     0.709118983E+01     0.691228826E+01    -0.888831944E-01     0.187142490E-01
      5     0.795632819E+01     0.815327050E+01     0.812455588E+01     0.795615742E+01    -0.804196054E-01     0.118038122E-01
      6     0.885390903E+01     0.903557445E+01     0.901428740E+01     0.885412416E+01    -0.744275005E-01     0.767150639E-02
      7     0.961388068E+01     0.978426367E+01     0.976795782E+01     0.961468071E+01    -0.698535552E-01     0.523064512E-02
      8     0.102443693E+02     0.104056731E+02     0.103917429E+02     0.102443459E+02    -0.665065215E-01     0.440187575E-02
# lambda =     12.0482
#     l     alpha1            alpha2            alpha3            alpha4             beta1            beta2
      0     0.100000000E+01     0.000000000E+00     0.000000000E+00     0.918644506E+00     0.000000000E+00     0.000000000E+00
      1     0.275284163E+01     0.000000000E+00     0.000000000E+00     0.275643311E+01     0.000000000E+00     0.000000000E+00
      2     0.431545871E+01     0.467551983E+01     0.454443302E+01     0.431550582E+01    -0.114382612E+00     0.342219870E-01
      3     0.566794387E+01     0.593622119E+01     0.586035166E+01     0.566589054E+01    -0.105372778E+00     0.270319065E-01
      4     0.684688815E+01     0.707217209E+01     0.702456967E+01     0.684492719E+01    -0.925744056E-01     0.172918494E-01
      5     0.786684707E+01     0.806811090E+01     0.803615449E+01     0.786615314E+01    -0.841851600E-01     0.102541928E-01
      6     0.873844427E+01     0.892411885E+01     0.890077042E+01     0.873880756E+01    -0.785721570E-01     0.626287661E-02
      7     0.947050756E+01     0.964452857E+01     0.962642104E+01     0.947175178E+01    -0.742763084E-01     0.398772897E-02
      8     0.100723588E+02     0.102367226E+02     0.102208715E+02     0.100725336E+02    -0.706319801E-01     0.333410562E-02
# lambda =     12.3457
#     l     alpha1            alpha2            alpha3            alpha4             beta1            beta2
      0     0.100000000E+01     0.000000000E+00     0.000000000E+00     0.910702906E+00     0.000000000E+00     0.000000000E+00
      1     0.273925847E+01     0.000000000E+00     0.000000000E+00     0.274268059E+01     0.000000000E+00     0.000000000E+00
      2     0.429060217E+01     0.465902386E+01     0.451570027E+01     0.428959039E+01    -0.119034025E+00     0.326010605E-01
      3     0.562870501E+01     0.590192210E+01     0.581988600E+01     0.562583149E+01    -0.109066227E+00     0.247439488E-01
      4     0.679042759E+01     0.701979934E+01     0.696840252E+01     0.678791940E+01    -0.959741495E-01     0.150150241E-01
      5     0.779008283E+01     0.799505196E+01     0.796057956E+01     0.778944691E+01    -0.877143661E-01     0.817936495E-02
      6     0.863887982E+01     0.882814435E+01     0.880267463E+01     0.863965401E+01    -0.822191574E-01     0.433473298E-02
      7     0.934592407E+01     0.952336172E+01     0.950327581E+01     0.934773853E+01    -0.779570266E-01     0.211534438E-02
      8     0.992092646E+01     0.100885049E+02     0.100707176E+02     0.992166279E+01    -0.744012127E-01     0.165013794E-02
# lambda =     12.6582
#     l     alpha1            alpha2            alpha3            alpha4             beta1            beta2
      0     0.100000000E+01     0.000000000E+00     0.000000000E+00     0.904927309E+00     0.000000000E+00     0.000000000E+00
      1     0.272894265E+01     0.000000000E+00     0.000000000E+00     0.273184631E+01     0.000000000E+00     0.000000000E+00
      2     0.426979705E+01     0.464600379E+01     0.449414898E+01     0.426775590E+01    -0.121882298E+00     0.293387446E-01
      3     0.559277295E+01     0.587192792E+01     0.578567613E+01     0.558942155E+01    -0.111635190E+00     0.211661172E-01
      4     0.673531838E+01     0.697019183E+01     0.691604334E+01     0.673266646E+01    -0.986530906E-01     0.116026392E-01
      5     0.771213089E+01     0.792207741E+01     0.788566623E+01     0.771181721E+01    -0.905687624E-01     0.498076349E-02
      6     0.853524700E+01     0.872918966E+01     0.870205971E+01     0.853665918E+01    -0.851096797E-01     0.124388666E-02
      7     0.921441149E+01     0.939610677E+01     0.937432331E+01     0.921675149E+01    -0.808286649E-01    -0.934579947E-03
      8     0.975961212E+01     0.993102047E+01     0.991167715E+01     0.976080210E+01    -0.774256005E-01    -0.107919019E-02
# lambda =     12.9870
#     l     alpha1            alpha2            alpha3            alpha4             beta1            beta2
      0     0.100000000E+01     0.000000000E+00     0.000000000E+00     0.900966580E+00     0.000000000E+00     0.000000000E+00
      1     0.272128863E+01     0.000000000E+00     0.000000000E+00     0.272265398E+01     0.000000000E+00     0.000000000E+00
      2     0.425178584E+01     0.463474314E+01     0.447805201E+01     0.424825845E+01    -0.123469813E+00     0.250751046E-01
      3     0.555962835E+01     0.584413084E+01     0.575541103E+01     0.555549476E+01    -0.113499632E+00     0.169647568E-01
      4     0.668323767E+01     0.692307267E+01     0.686701566E+01     0.668000181E+01    -0.100894786E+00     0.781565416E-02
      5     0.763765022E+01     0.785199415E+01     0.781426522E+01     0.763742445E+01    -0.930837591E-01     0.154436903E-02
      6     0.843609220E+01     0.863420380E+01     0.860558404E+01     0.843775022E+01    -0.877461033E-01    -0.201758409E-02
      7     0.908847326E+01     0.927399639E+01     0.925067078E+01     0.909119352E+01    -0.836521120E-01    -0.407814972E-02
      8     0.960538400E+01     0.978031762E+01     0.975931366E+01     0.960692896E+01    -0.805753388E-01    -0.376371167E-02
# lambda =     13.3333
#     l     alpha1            alpha2            alpha3            alpha4             beta1            beta2
      0     0.100000000E+01     0.000000000E+00     0.000000000E+00     0.898862306E+00     0.000000000E+00     0.000000000E+00
      1     0.271496679E+01     0.000000000E+00     0.000000000E+00     0.271456049E+01     0.000000000E+00     0.000000000E+00
      2     0.423261063E+01     0.462403278E+01     0.446591080E+01     0.422850425E+01    -0.124304565E+00     0.204973212E-01
      3     0.552269929E+01     0.581342772E+01     0.572343418E+01     0.551809519E+01    -0.114548669E+00     0.127003978E-01
      4     0.662399729E+01     0.686916076E+01     0.681245187E+01     0.662059896E+01    -0.101608644E+00     0.374493149E-02
      5     0.755258791E+01     0.777142141E+01     0.773300887E+01     0.755210286E+01    -0.940882523E-01    -0.236228762E-02
      6     0.832195731E+01     0.852410761E+01     0.849519883E+01     0.832400366E+01    -0.894227911E-01    -0.552207162E-02
      7     0.894362809E+01     0.913261040E+01     0.910894267E+01     0.894732260E+01    -0.861987159E-01    -0.701060842E-02
      8     0.943003375E+01     0.960779255E+01     0.958594186E+01     0.943248767E+01    -0.832262608E-01    -0.588724989E-02
# lambda =     13.6986
#     l     alpha1            alpha2            alpha3            alpha4             beta1            beta2
      0     0.100000000E+01     0.000000000E+00     0.000000000E+00     0.897794156E+00     0.000000000E+00     0.000000000E+00
      1     0.271012998E+01     0.000000000E+00     0.000000000E+00     0.270721088E+01     0.000000000E+00     0.000000000E+00
      2     0.421509564E+01     0.461433417E+01     0.445664938E+01     0.420935276E+01    -0.124070204E+00     0.160617540E-01
      3     0.548707430E+01     0.578353029E+01     0.569320523E+01     0.548162601E+01    -0.115247208E+00     0.822286103E-02
      4     0.656648516E+01     0.681690557E+01     0.675916590E+01     0.656224801E+01    -0.102949416E+00    -0.594366529E-03
      5     0.747014101E+01     0.769315792E+01     0.765388479E+01     0.746942270E+01    -0.958160394E-01    -0.671510035E-02
      6     0.821253432E+01     0.841871192E+01     0.838868368E+01     0.821477414E+01    -0.915153722E-01    -0.101500161E-01
      7     0.880577452E+01     0.899832607E+01     0.897307977E+01     0.880965270E+01    -0.888015830E-01    -0.116867678E-01
      8     0.926241487E+01     0.944360324E+01     0.942009668E+01     0.926525132E+01    -0.861162952E-01    -0.104071632E-01
# lambda =     14.0845
#     l     alpha1            alpha2            alpha3            alpha4             beta1            beta2
      0     0.100000000E+01     0.000000000E+00     0.000000000E+00     0.898555746E+00     0.000000000E+00     0.000000000E+00
      1     0.270496098E+01     0.000000000E+00     0.000000000E+00     0.270039507E+01     0.000000000E+00     0.000000000E+00
      2     0.419400809E+01     0.460377063E+01     0.444934004E+01     0.418741041E+01    -0.122294581E+00     0.115186254E-01
      3     0.544267853E+01     0.574601079E+01     0.565807337E+01     0.543764473E+01    -0.115147538E+00     0.396230709E-02
      4     0.649423581E+01     0.675097048E+01     0.669381698E+01     0.648961436E+01    -0.102758505E+00    -0.345711663E-02
      5     0.736439834E+01     0.759245727E+01     0.755386084E+01     0.736299560E+01    -0.945466792E-01    -0.100535184E-01
      6     0.806680312E+01     0.827831344E+01     0.824839951E+01     0.806741882E+01    -0.907711380E-01    -0.138896640E-01
      7     0.861244109E+01     0.881010101E+01     0.878573239E+01     0.861563346E+01    -0.904502412E-01    -0.154098990E-01
      8     0.901691848E+01     0.920314754E+01     0.918104198E+01     0.902114899E+01    -0.907029617E-01    -0.136145935E-01
# lambda =     14.4928
#     l     alpha1            alpha2            alpha3            alpha4             beta1            beta2
      0     0.100000000E+01     0.000000000E+00     0.000000000E+00     0.900347421E+00     0.000000000E+00     0.000000000E+00
      1     0.269778941E+01     0.000000000E+00     0.000000000E+00     0.269037349E+01     0.000000000E+00     0.000000000E+00
      2     0.416189311E+01     0.458885428E+01     0.444016546E+01     0.415464695E+01    -0.120233546E+00     0.749452977E-02
      3     0.537786494E+01     0.569102326E+01     0.560532332E+01     0.537341873E+01    -0.114412857E+00    -0.483610595E-03
      4     0.639408276E+01     0.665836730E+01     0.660130450E+01     0.638921916E+01    -0.102400986E+00    -0.773330161E-02
      5     0.722749025E+01     0.745999486E+01     0.742188273E+01     0.722641520E+01    -0.944167226E-01    -0.142817112E-01
      6     0.789361493E+01     0.810876584E+01     0.807850670E+01     0.789405568E+01    -0.910052710E-01    -0.179521586E-01
      7     0.840302356E+01     0.860295918E+01     0.857840328E+01     0.840623307E+01    -0.910142378E-01    -0.190135557E-01
      8     0.877215726E+01     0.896036746E+01     0.893768652E+01     0.877604303E+01    -0.912666091E-01    -0.169841754E-01
# lambda =     14.9254
#     l     alpha1            alpha2            alpha3            alpha4             beta1            beta2
      0     0.100000000E+01     0.000000000E+00     0.000000000E+00     0.902925704E+00     0.000000000E+00     0.000000000E+00
      1     0.268802413E+01     0.000000000E+00     0.000000000E+00     0.267865362E+01     0.000000000E+00     0.000000000E+00
      2     0.412191086E+01     0.457055836E+01     0.442865478E+01     0.411511479E+01    -0.118333574E+00     0.529181956E-02
      3     0.530063442E+01     0.562404253E+01     0.554132748E+01     0.529667823E+01    -0.112801651E+00    -0.321669347E-02
      4     0.627758182E+01     0.654836422E+01     0.649301942E+01     0.627242791E+01    -0.100043781E+00    -0.101444477E-01
      5     0.707112870E+01     0.730683455E+01     0.727040050E+01     0.706967290E+01    -0.921843052E-01    -0.169342875E-01
      6     0.769699012E+01     0.791467090E+01     0.788555669E+01     0.769671440E+01    -0.897790166E-01    -0.203250141E-01
      7     0.816563630E+01     0.836688397E+01     0.834361770E+01     0.816859718E+01    -0.909541674E-01    -0.207427008E-01
      8     0.849494281E+01     0.868427495E+01     0.866240488E+01     0.849859221E+01    -0.918891082E-01    -0.184445676E-01
# lambda =     15.3846
#     l     alpha1            alpha2            alpha3            alpha4             beta1            beta2
      0     0.100000000E+01     0.000000000E+00     0.000000000E+00     0.905197604E+00     0.000000000E+00     0.000000000E+00
      1     0.267800370E+01     0.000000000E+00     0.000000000E+00     0.266675424E+01     0.000000000E+00     0.000000000E+00
      2     0.408304717E+01     0.455244406E+01     0.441607865E+01     0.407517168E+01    -0.115310017E+00     0.413011656E-02
      3     0.522575509E+01     0.555796909E+01     0.547804609E+01     0.522134692E+01    -0.110138994E+00    -0.559882279E-02
      4     0.616556597E+01     0.644204463E+01     0.638767086E+01     0.615962646E+01    -0.975769654E-01    -0.127364666E-01
      5     0.692272227E+01     0.716098401E+01     0.712514090E+01     0.692078134E+01    -0.907293595E-01    -0.203216306E-01
      6     0.751374897E+01     0.773331369E+01     0.770424702E+01     0.751319715E+01    -0.896589628E-01    -0.235234141E-01
      7     0.794956606E+01     0.815141649E+01     0.812802878E+01     0.795280485E+01    -0.918645925E-01    -0.238278140E-01
      8     0.824860137E+01     0.843858505E+01     0.841619720E+01     0.825287153E+01    -0.931173381E-01    -0.215813663E-01
# lambda =     15.8730
#     l     alpha1            alpha2            alpha3            alpha4             beta1            beta2
      0     0.100000000E+01     0.000000000E+00     0.000000000E+00     0.907282549E+00     0.000000000E+00     0.000000000E+00
      1     0.266839837E+01     0.000000000E+00     0.000000000E+00     0.265559802E+01     0.000000000E+00     0.000000000E+00
      2     0.404567233E+01     0.453554703E+01     0.440385791E+01     0.403595399E+01    -0.111433831E+00     0.330051500E-02
      3     0.515098043E+01     0.549294631E+01     0.541624528E+01     0.514588754E+01    -0.106360771E+00    -0.769301983E-02
      4     0.605054732E+01     0.633418699E+01     0.628105874E+01     0.604401499E+01    -0.948632790E-01    -0.150301136E-01
      5     0.676821575E+01     0.701005476E+01     0.697506967E+01     0.676651324E+01    -0.905109188E-01    -0.228197685E-01
      6     0.732441388E+01     0.754585871E+01     0.751670138E+01     0.732411259E+01    -0.911849930E-01    -0.241331073E-01
      7     0.773137277E+01     0.793265563E+01     0.790906100E+01     0.773511419E+01    -0.938056892E-01    -0.230185258E-01
      8     0.800805012E+01     0.819689488E+01     0.817382012E+01     0.801241203E+01    -0.943884522E-01    -0.195747778E-01
# lambda =     16.3934
#     l     alpha1            alpha2            alpha3            alpha4             beta1            beta2
      0     0.100000000E+01     0.000000000E+00     0.000000000E+00     0.909504151E+00     0.000000000E+00     0.000000000E+00
      1     0.265816347E+01     0.000000000E+00     0.000000000E+00     0.264371057E+01     0.000000000E+00     0.000000000E+00
      2     0.400584776E+01     0.451754248E+01     0.439083616E+01     0.399416578E+01    -0.107303580E+00     0.241653731E-02
      3     0.507130466E+01     0.542366162E+01     0.535039373E+01     0.506548219E+01    -0.102334906E+00    -0.992448075E-02
      4     0.592798978E+01     0.621925984E+01     0.616745875E+01     0.592082579E+01    -0.919717243E-01    -0.174740974E-01
      5     0.660358211E+01     0.684923288E+01     0.681516205E+01     0.660213367E+01    -0.902781603E-01    -0.254816466E-01
      6     0.712266884E+01     0.734611701E+01     0.731686308E+01     0.712263450E+01    -0.928110466E-01    -0.247827629E-01
      7     0.749887803E+01     0.769955612E+01     0.767574101E+01     0.750315502E+01    -0.958740148E-01    -0.221561929E-01
      8     0.775173197E+01     0.793936317E+01     0.791555646E+01     0.775619164E+01    -0.957428813E-01    -0.174366677E-01
# lambda =     16.9492
#     l     alpha1            alpha2            alpha3            alpha4             beta1            beta2
      0     0.100000000E+01     0.000000000E+00     0.000000000E+00     0.908219887E+00     0.000000000E+00     0.000000000E+00
      1     0.264247337E+01     0.000000000E+00     0.000000000E+00     0.262715921E+01     0.000000000E+00     0.000000000E+00
      2     0.396086446E+01     0.449440258E+01     0.436696906E+01     0.394769243E+01    -0.106760881E+00     0.248916411E-02
      3     0.499030444E+01     0.535115714E+01     0.527855954E+01     0.498416320E+01    -0.101630675E+00    -0.114063594E-01
      4     0.581059983E+01     0.610774095E+01     0.605552504E+01     0.580290031E+01    -0.915261942E-01    -0.191821254E-01
      5     0.645052407E+01     0.669908520E+01     0.666470417E+01     0.644900441E+01    -0.911543778E-01    -0.278257538E-01
      6     0.693568716E+01     0.716153651E+01     0.713148120E+01     0.693547728E+01    -0.937408447E-01    -0.268760103E-01
      7     0.727880001E+01     0.748088425E+01     0.745630065E+01     0.728313913E+01    -0.974402948E-01    -0.249452911E-01
      8     0.749958143E+01     0.768872415E+01     0.766398088E+01     0.750419766E+01    -0.980041156E-01    -0.209066157E-01
# lambda =     17.5439
#     l     alpha1            alpha2            alpha3            alpha4             beta1            beta2
      0     0.100000000E+01     0.000000000E+00     0.000000000E+00     0.907458199E+00     0.000000000E+00     0.000000000E+00
      1     0.261519563E+01     0.000000000E+00     0.000000000E+00     0.260085404E+01     0.000000000E+00     0.000000000E+00
      2     0.388584728E+01     0.445609840E+01     0.432812731E+01     0.387148168E+01    -0.104549516E+00     0.396895012E-02
      3     0.485893713E+01     0.523088011E+01     0.516126447E+01     0.485350683E+01    -0.978740027E-01    -0.126403140E-01
      4     0.562637695E+01     0.592939727E+01     0.587790413E+01     0.561795850E+01    -0.873166600E-01    -0.204922164E-01
      5     0.621734643E+01     0.646655178E+01     0.643382552E+01     0.621611417E+01    -0.884771370E-01    -0.298535142E-01
      6     0.665947328E+01     0.688535225E+01     0.685573681E+01     0.665881705E+01    -0.914884007E-01    -0.286314772E-01
      7     0.696290422E+01     0.716331921E+01     0.713930884E+01     0.696693113E+01    -0.966109621E-01    -0.281153607E-01
      8     0.714750463E+01     0.733528732E+01     0.731076590E+01     0.715150655E+01    -0.983330128E-01    -0.243936340E-01
# lambda =     18.1818
#     l     alpha1            alpha2            alpha3            alpha4             beta1            beta2
      0     0.100000000E+01     0.000000000E+00     0.000000000E+00     0.907332071E+00     0.000000000E+00     0.000000000E+00
      1     0.258701778E+01     0.000000000E+00     0.000000000E+00     0.257412345E+01     0.000000000E+00     0.000000000E+00
      2     0.381055985E+01     0.441698458E+01     0.428899440E+01     0.379431010E+01    -0.102214506E+00     0.655725353E-02
      3     0.472874099E+01     0.510957698E+01     0.504393636E+01     0.472345728E+01    -0.936920889E-01    -0.130487519E-01
      4     0.544586015E+01     0.575329769E+01     0.570299272E+01     0.543620977E+01    -0.833422656E-01    -0.207380671E-01
      5     0.599104843E+01     0.623955325E+01     0.620896491E+01     0.599022522E+01    -0.858874874E-01    -0.308509428E-01
      6     0.639444357E+01     0.661948826E+01     0.659020635E+01     0.639342865E+01    -0.887521278E-01    -0.298457865E-01
      7     0.666302824E+01     0.686098712E+01     0.683756851E+01     0.666737066E+01    -0.957767305E-01    -0.310233982E-01
      8     0.681651388E+01     0.700274568E+01     0.697867342E+01     0.682150041E+01    -0.979396419E-01    -0.277885683E-01
# lambda =     18.8679
#     l     alpha1            alpha2            alpha3            alpha4             beta1            beta2
      0     0.100000000E+01     0.000000000E+00     0.000000000E+00     0.908819724E+00     0.000000000E+00     0.000000000E+00
      1     0.256827050E+01     0.000000000E+00     0.000000000E+00     0.255683358E+01     0.000000000E+00     0.000000000E+00
      2     0.375548908E+01     0.439073180E+01     0.426462239E+01     0.373826257E+01    -0.991877784E-01     0.797063079E-02
      3     0.462758356E+01     0.501859268E+01     0.495679681E+01     0.462277551E+01    -0.887945588E-01    -0.136166707E-01
      4     0.529928931E+01     0.561294259E+01     0.556442249E+01     0.528959085E+01    -0.785817937E-01    -0.210307607E-01
      5     0.580177288E+01     0.605198437E+01     0.602331306E+01     0.580174436E+01    -0.813237752E-01    -0.317397489E-01
      6     0.616675245E+01     0.639289031E+01     0.636421729E+01     0.616569249E+01    -0.845022955E-01    -0.313806586E-01
      7     0.639971335E+01     0.659696284E+01     0.657448884E+01     0.640435377E+01    -0.934341698E-01    -0.335227440E-01
      8     0.652039697E+01     0.670616832E+01     0.668256573E+01     0.652535979E+01    -0.963598590E-01    -0.307860199E-01
# lambda =     19.6078
#     l     alpha1            alpha2            alpha3            alpha4             beta1            beta2
      0     0.100000000E+01     0.000000000E+00     0.000000000E+00     0.908763047E+00     0.000000000E+00     0.000000000E+00
      1     0.255949346E+01     0.000000000E+00     0.000000000E+00     0.254800357E+01     0.000000000E+00     0.000000000E+00
      2     0.372851953E+01     0.437784365E+01     0.425197522E+01     0.371077407E+01    -0.996049857E-01     0.767480540E-02
      3     0.457634759E+01     0.497414314E+01     0.491296477E+01     0.457103531E+01    -0.887437228E-01    -0.148551790E-01
      4     0.522088204E+01     0.553971852E+01     0.549205591E+01     0.521149714E+01    -0.791513623E-01    -0.216216233E-01
      5     0.569525235E+01     0.594894447E+01     0.592042001E+01     0.569567532E+01    -0.817791763E-01    -0.323788127E-01
      6     0.603149755E+01     0.626078044E+01     0.623196258E+01     0.603099176E+01    -0.850789638E-01    -0.319851677E-01
      7     0.623560055E+01     0.643509747E+01     0.641235609E+01     0.624086966E+01    -0.938033355E-01    -0.341751755E-01
      8     0.632691621E+01     0.651505596E+01     0.649109794E+01     0.633276300E+01    -0.966536890E-01    -0.320473493E-01
