#
# ARTDECO : Beta_l
#
# Used model for truncation was:
 none
# number of wavelengths
          38
# wlambda(microns)     nBetal     Trunc. Coeff.     Cext      SSA              g 
     0.800000000E+01      8     0.000000000E+00     0.780096424E+03     0.741616986E+00     0.887416724E+00
     0.813008100E+01      8     0.000000000E+00     0.784200014E+03     0.744012031E+00     0.890323344E+00
     0.826446200E+01      8     0.000000000E+00     0.787136186E+03     0.745689709E+00     0.893216586E+00
     0.840336100E+01      8     0.000000000E+00     0.788686792E+03     0.746570021E+00     0.896074745E+00
     0.854700900E+01      8     0.000000000E+00     0.788761575E+03     0.746958517E+00     0.898889869E+00
     0.869565200E+01      8     0.000000000E+00     0.786945350E+03     0.746622005E+00     0.901775477E+00
     0.884955800E+01      8     0.000000000E+00     0.782634842E+03     0.745271153E+00     0.904815894E+00
     0.900900900E+01      8     0.000000000E+00     0.776025949E+03     0.743225083E+00     0.907611956E+00
     0.917431200E+01      8     0.000000000E+00     0.766191157E+03     0.739435440E+00     0.910409731E+00
     0.934579500E+01      8     0.000000000E+00     0.752147514E+03     0.733506210E+00     0.913349356E+00
     0.952380900E+01      8     0.000000000E+00     0.734505618E+03     0.725992444E+00     0.916077139E+00
     0.970873800E+01      8     0.000000000E+00     0.711092276E+03     0.715208291E+00     0.918946106E+00
     0.990099000E+01      8     0.000000000E+00     0.682199994E+03     0.700929912E+00     0.921706765E+00
     0.101010100E+02      8     0.000000000E+00     0.643833128E+03     0.676304752E+00     0.924791715E+00
     0.103092780E+02      8     0.000000000E+00     0.599849130E+03     0.642466252E+00     0.927563716E+00
     0.105263160E+02      8     0.000000000E+00     0.556277857E+03     0.605601584E+00     0.929478861E+00
     0.107526880E+02      8     0.000000000E+00     0.514864606E+03     0.546277830E+00     0.930844143E+00
     0.109890110E+02      8     0.000000000E+00     0.482778159E+03     0.486199394E+00     0.930983721E+00
     0.112359550E+02      8     0.000000000E+00     0.466522317E+03     0.436871254E+00     0.929492219E+00
     0.114942530E+02      8     0.000000000E+00     0.458348724E+03     0.403905277E+00     0.926839406E+00
     0.117647060E+02      8     0.000000000E+00     0.475572853E+03     0.395323915E+00     0.921872732E+00
     0.120481930E+02      8     0.000000000E+00     0.491670071E+03     0.393517525E+00     0.916156644E+00
     0.123456790E+02      8     0.000000000E+00     0.506375553E+03     0.395117153E+00     0.909790590E+00
     0.126582280E+02      8     0.000000000E+00     0.523075867E+03     0.400437051E+00     0.903157019E+00
     0.129870130E+02      8     0.000000000E+00     0.540892270E+03     0.407022222E+00     0.896448039E+00
     0.133333330E+02      8     0.000000000E+00     0.557747702E+03     0.413220791E+00     0.890318418E+00
     0.136986300E+02      8     0.000000000E+00     0.573319758E+03     0.418530716E+00     0.883862876E+00
     0.140845070E+02      8     0.000000000E+00     0.587169957E+03     0.422857377E+00     0.877363909E+00
     0.144927540E+02      8     0.000000000E+00     0.598430472E+03     0.425999202E+00     0.871690285E+00
     0.149253730E+02      8     0.000000000E+00     0.609514169E+03     0.428951234E+00     0.865627532E+00
     0.153846150E+02      8     0.000000000E+00     0.619561681E+03     0.431469154E+00     0.859734965E+00
     0.158730150E+02      8     0.000000000E+00     0.629393116E+03     0.433851884E+00     0.853489649E+00
     0.163934420E+02      8     0.000000000E+00     0.639198797E+03     0.436152692E+00     0.846744469E+00
     0.169491520E+02      8     0.000000000E+00     0.648370460E+03     0.438525930E+00     0.840349547E+00
     0.175438590E+02      8     0.000000000E+00     0.657547577E+03     0.441103388E+00     0.833588262E+00
     0.181818180E+02      8     0.000000000E+00     0.666577244E+03     0.443937796E+00     0.826486907E+00
     0.188679240E+02      8     0.000000000E+00     0.673304402E+03     0.446551085E+00     0.819785143E+00
     0.196078430E+02      8     0.000000000E+00     0.678759762E+03     0.449507969E+00     0.812928737E+00
# Betal
# lambda =      8.0000
#     l     alpha1            alpha2            alpha3            alpha4             beta1            beta2
      0     0.100000000E+01     0.000000000E+00     0.000000000E+00     0.976570166E+00     0.000000000E+00     0.000000000E+00
      1     0.266222839E+01     0.000000000E+00     0.000000000E+00     0.265892838E+01     0.000000000E+00     0.000000000E+00
      2     0.388463374E+01     0.452987927E+01     0.449138926E+01     0.387149193E+01    -0.822918164E-02    -0.140201897E-01
      3     0.465506269E+01     0.511295266E+01     0.509457086E+01     0.464915376E+01    -0.432720978E-01     0.355685517E-01
      4     0.511603878E+01     0.553529687E+01     0.551605369E+01     0.511230289E+01    -0.441989602E-01     0.386447894E-01
      5     0.533922093E+01     0.565557342E+01     0.563675684E+01     0.533783398E+01    -0.769412618E-01     0.814235147E-01
      6     0.538260128E+01     0.568523272E+01     0.566761130E+01     0.538489704E+01    -0.673212629E-01     0.102077294E+00
      7     0.529008647E+01     0.552282865E+01     0.550506376E+01     0.529527909E+01    -0.853702573E-01     0.135718227E+00
      8     0.507657544E+01     0.531200407E+01     0.529292654E+01     0.508258900E+01    -0.758886674E-01     0.161452549E+00
# lambda =      8.1301
#     l     alpha1            alpha2            alpha3            alpha4             beta1            beta2
      0     0.100000000E+01     0.000000000E+00     0.000000000E+00     0.977423582E+00     0.000000000E+00     0.000000000E+00
      1     0.267094864E+01     0.000000000E+00     0.000000000E+00     0.266767785E+01     0.000000000E+00     0.000000000E+00
      2     0.390329184E+01     0.454028018E+01     0.450325355E+01     0.389054230E+01    -0.607501875E-02    -0.118594440E-01
      3     0.468475803E+01     0.514271541E+01     0.512503649E+01     0.467904813E+01    -0.412367543E-01     0.365440559E-01
      4     0.514825147E+01     0.556983720E+01     0.555124869E+01     0.514463605E+01    -0.424787395E-01     0.427337083E-01
      5     0.536630394E+01     0.568875577E+01     0.567068409E+01     0.536521549E+01    -0.749627946E-01     0.843641436E-01
      6     0.539673333E+01     0.570391909E+01     0.568681828E+01     0.539921449E+01    -0.667901625E-01     0.106980524E+00
      7     0.528571988E+01     0.552495466E+01     0.550767133E+01     0.529105140E+01    -0.841133958E-01     0.139933996E+00
      8     0.505072445E+01     0.528956354E+01     0.527099692E+01     0.505690845E+01    -0.755287096E-01     0.165900394E+00
# lambda =      8.2645
#     l     alpha1            alpha2            alpha3            alpha4             beta1            beta2
      0     0.100000000E+01     0.000000000E+00     0.000000000E+00     0.978227644E+00     0.000000000E+00     0.000000000E+00
      1     0.267962873E+01     0.000000000E+00     0.000000000E+00     0.267639528E+01     0.000000000E+00     0.000000000E+00
      2     0.392199900E+01     0.455066256E+01     0.451500979E+01     0.390963862E+01    -0.384771059E-02    -0.966269230E-02
      3     0.471453461E+01     0.517258425E+01     0.515555750E+01     0.470902435E+01    -0.389157701E-01     0.375662546E-01
      4     0.518084639E+01     0.560462330E+01     0.558665186E+01     0.517735767E+01    -0.404541411E-01     0.468484788E-01
      5     0.539396031E+01     0.572252073E+01     0.570515146E+01     0.539316032E+01    -0.724324041E-01     0.874955683E-01
      6     0.541160030E+01     0.572334526E+01     0.570674070E+01     0.541426146E+01    -0.656444823E-01     0.111991476E+00
      7     0.528208651E+01     0.552785324E+01     0.551103194E+01     0.528755176E+01    -0.821225116E-01     0.144395529E+00
      8     0.502557653E+01     0.526787822E+01     0.524979567E+01     0.503190956E+01    -0.743666407E-01     0.170509810E+00
# lambda =      8.4034
#     l     alpha1            alpha2            alpha3            alpha4             beta1            beta2
      0     0.100000000E+01     0.000000000E+00     0.000000000E+00     0.978978713E+00     0.000000000E+00     0.000000000E+00
      1     0.268820356E+01     0.000000000E+00     0.000000000E+00     0.268501398E+01     0.000000000E+00     0.000000000E+00
      2     0.394057280E+01     0.456094045E+01     0.452656727E+01     0.392859866E+01    -0.155225794E-02    -0.743497848E-02
      3     0.474401885E+01     0.520225090E+01     0.518581990E+01     0.473870698E+01    -0.363110152E-01     0.386449661E-01
      4     0.521323519E+01     0.563912197E+01     0.562172811E+01     0.520988111E+01    -0.381202601E-01     0.509814793E-01
      5     0.542140035E+01     0.575609174E+01     0.573937849E+01     0.542088008E+01    -0.693504681E-01     0.908173160E-01
      6     0.542624038E+01     0.574256423E+01     0.572642738E+01     0.542907703E+01    -0.638619689E-01     0.117100046E+00
      7     0.527810252E+01     0.553042218E+01     0.551404036E+01     0.528369825E+01    -0.793792413E-01     0.149081541E+00
      8     0.499998264E+01     0.524578609E+01     0.522815679E+01     0.500644401E+01    -0.723688349E-01     0.175254119E+00
# lambda =      8.5470
#     l     alpha1            alpha2            alpha3            alpha4             beta1            beta2
      0     0.100000000E+01     0.000000000E+00     0.000000000E+00     0.979693876E+00     0.000000000E+00     0.000000000E+00
      1     0.269664928E+01     0.000000000E+00     0.000000000E+00     0.269352987E+01     0.000000000E+00     0.000000000E+00
      2     0.395897086E+01     0.457110337E+01     0.453792841E+01     0.394738529E+01     0.817472083E-03    -0.521278887E-02
      3     0.477303419E+01     0.523159667E+01     0.521573091E+01     0.476792498E+01    -0.334450772E-01     0.397604956E-01
      4     0.524498788E+01     0.567300972E+01     0.565617941E+01     0.524178428E+01    -0.354591539E-01     0.550764701E-01
      5     0.544788654E+01     0.578878428E+01     0.577269702E+01     0.544763489E+01    -0.657421323E-01     0.942527412E-01
      6     0.543958935E+01     0.576056477E+01     0.574488918E+01     0.544259627E+01    -0.614329043E-01     0.122215468E+00
      7     0.527241758E+01     0.553131266E+01     0.551536617E+01     0.527813391E+01    -0.758977139E-01     0.153849852E+00
      8     0.497238623E+01     0.522172085E+01     0.520453419E+01     0.497894722E+01    -0.695333918E-01     0.179978586E+00
# lambda =      8.6957
#     l     alpha1            alpha2            alpha3            alpha4             beta1            beta2
      0     0.100000000E+01     0.000000000E+00     0.000000000E+00     0.980396385E+00     0.000000000E+00     0.000000000E+00
      1     0.270530644E+01     0.000000000E+00     0.000000000E+00     0.270227902E+01     0.000000000E+00     0.000000000E+00
      2     0.397801910E+01     0.458156903E+01     0.454955698E+01     0.396684586E+01     0.334481584E-02    -0.293638846E-02
      3     0.480300734E+01     0.526197222E+01     0.524664536E+01     0.479810221E+01    -0.301836039E-01     0.409013281E-01
      4     0.527795418E+01     0.570810625E+01     0.569184757E+01     0.527492020E+01    -0.323387225E-01     0.591920631E-01
      5     0.547550711E+01     0.582280408E+01     0.580732987E+01     0.547551123E+01    -0.614195656E-01     0.978006850E-01
      6     0.545378463E+01     0.577955014E+01     0.576434670E+01     0.545695256E+01    -0.582004724E-01     0.127374059E+00
      7     0.526704964E+01     0.553269201E+01     0.551719295E+01     0.527286887E+01    -0.714813160E-01     0.158692683E+00
      8     0.494461665E+01     0.519756657E+01     0.518083213E+01     0.495124392E+01    -0.656933583E-01     0.184679479E+00
# lambda =      8.8496
#     l     alpha1            alpha2            alpha3            alpha4             beta1            beta2
      0     0.100000000E+01     0.000000000E+00     0.000000000E+00     0.981100557E+00     0.000000000E+00     0.000000000E+00
      1     0.271442800E+01     0.000000000E+00     0.000000000E+00     0.271151319E+01     0.000000000E+00     0.000000000E+00
      2     0.399836729E+01     0.459265554E+01     0.456179903E+01     0.398764858E+01     0.610010232E-02    -0.564226529E-03
      3     0.483505110E+01     0.529443642E+01     0.527962028E+01     0.483034885E+01    -0.263844422E-01     0.420576867E-01
      4     0.531358875E+01     0.574584155E+01     0.573017883E+01     0.531074787E+01    -0.286094203E-01     0.633508309E-01
      5     0.550589885E+01     0.585988044E+01     0.584501614E+01     0.550614226E+01    -0.561662390E-01     0.101454347E+00
      6     0.547048627E+01     0.580124320E+01     0.578653666E+01     0.547380231E+01    -0.539536860E-01     0.132575320E+00
      7     0.526354189E+01     0.553621868E+01     0.552119121E+01     0.526943812E+01    -0.658845933E-01     0.163584494E+00
      8     0.491803799E+01     0.517474274E+01     0.515848672E+01     0.492469323E+01    -0.606147957E-01     0.189320306E+00
# lambda =      9.0090
#     l     alpha1            alpha2            alpha3            alpha4             beta1            beta2
      0     0.100000000E+01     0.000000000E+00     0.000000000E+00     0.981723123E+00     0.000000000E+00     0.000000000E+00
      1     0.272281652E+01     0.000000000E+00     0.000000000E+00     0.272003671E+01     0.000000000E+00     0.000000000E+00
      2     0.401699516E+01     0.460286312E+01     0.457300511E+01     0.400671684E+01     0.883856058E-02     0.171030585E-02
      3     0.486377752E+01     0.532403971E+01     0.530966247E+01     0.485927730E+01    -0.224041945E-01     0.432732912E-01
      4     0.534454754E+01     0.577914656E+01     0.576402700E+01     0.534191583E+01    -0.245876167E-01     0.673407547E-01
      5     0.553035001E+01     0.589100946E+01     0.587668735E+01     0.553082468E+01    -0.504546233E-01     0.105165912E+00
      6     0.548026586E+01     0.581606582E+01     0.580181321E+01     0.548372888E+01    -0.490048799E-01     0.137624763E+00
      7     0.525244510E+01     0.553193928E+01     0.551734624E+01     0.525841555E+01    -0.595401065E-01     0.168399768E+00
      8     0.488359304E+01     0.514396669E+01     0.512814646E+01     0.489025530E+01    -0.546184177E-01     0.193726654E+00
# lambda =      9.1743
#     l     alpha1            alpha2            alpha3            alpha4             beta1            beta2
      0     0.100000000E+01     0.000000000E+00     0.000000000E+00     0.982292150E+00     0.000000000E+00     0.000000000E+00
      1     0.273121017E+01     0.000000000E+00     0.000000000E+00     0.272855573E+01     0.000000000E+00     0.000000000E+00
      2     0.403569821E+01     0.461307947E+01     0.458414301E+01     0.402588572E+01     0.117391456E-01     0.406120019E-02
      3     0.489235410E+01     0.535375681E+01     0.533972404E+01     0.488804347E+01    -0.179036415E-01     0.445704032E-01
      4     0.537510087E+01     0.581214604E+01     0.579753328E+01     0.537269440E+01    -0.199676389E-01     0.713574002E-01
      5     0.555388240E+01     0.592142190E+01     0.590758944E+01     0.555458100E+01    -0.438169890E-01     0.109042765E+00
      6     0.548851231E+01     0.582951400E+01     0.581568245E+01     0.549211625E+01    -0.429641210E-01     0.142716759E+00
      7     0.523912127E+01     0.552553472E+01     0.551135048E+01     0.524515700E+01    -0.519570976E-01     0.173289781E+00
      8     0.484640569E+01     0.511049846E+01     0.509508867E+01     0.485305530E+01    -0.472807965E-01     0.198070388E+00
# lambda =      9.3458
#     l     alpha1            alpha2            alpha3            alpha4             beta1            beta2
      0     0.100000000E+01     0.000000000E+00     0.000000000E+00     0.982839245E+00     0.000000000E+00     0.000000000E+00
      1     0.274002935E+01     0.000000000E+00     0.000000000E+00     0.273750083E+01     0.000000000E+00     0.000000000E+00
      2     0.405561183E+01     0.462385266E+01     0.459581039E+01     0.404632311E+01     0.149248669E-01     0.652943829E-02
      3     0.492271011E+01     0.538541585E+01     0.537164486E+01     0.491857809E+01    -0.126387247E-01     0.459147820E-01
      4     0.540773514E+01     0.584731384E+01     0.583320873E+01     0.540557982E+01    -0.144557339E-01     0.753872620E-01
      5     0.557924449E+01     0.595402756E+01     0.594065767E+01     0.558015212E+01    -0.358664323E-01     0.113013063E+00
      6     0.549794845E+01     0.584443821E+01     0.583103016E+01     0.550168056E+01    -0.354284231E-01     0.147774329E+00
      7     0.522603577E+01     0.551966092E+01     0.550589004E+01     0.523211009E+01    -0.426930187E-01     0.178115079E+00
      8     0.480858421E+01     0.507654645E+01     0.506156102E+01     0.481518904E+01    -0.381752287E-01     0.202187916E+00
# lambda =      9.5238
#     l     alpha1            alpha2            alpha3            alpha4             beta1            beta2
      0     0.100000000E+01     0.000000000E+00     0.000000000E+00     0.983305228E+00     0.000000000E+00     0.000000000E+00
      1     0.274821303E+01     0.000000000E+00     0.000000000E+00     0.274581813E+01     0.000000000E+00     0.000000000E+00
      2     0.407399301E+01     0.463384728E+01     0.460655902E+01     0.406523666E+01     0.181810778E-01     0.892158293E-02
      3     0.494991956E+01     0.541450673E+01     0.540089691E+01     0.494596102E+01    -0.698254553E-02     0.473187118E-01
      4     0.543559613E+01     0.587811249E+01     0.586445855E+01     0.543371016E+01    -0.836392309E-02     0.792275974E-01
      5     0.559818126E+01     0.598034004E+01     0.596736336E+01     0.559929295E+01    -0.271138923E-01     0.116955689E+00
      6     0.549952275E+01     0.585165604E+01     0.583862484E+01     0.550338057E+01    -0.267793102E-01     0.152569697E+00
      7     0.520403304E+01     0.550470292E+01     0.549130544E+01     0.521013774E+01    -0.322598632E-01     0.182647459E+00
      8     0.476132320E+01     0.503305705E+01     0.501845982E+01     0.476786512E+01    -0.277460833E-01     0.205816209E+00
# lambda =      9.7087
#     l     alpha1            alpha2            alpha3            alpha4             beta1            beta2
      0     0.100000000E+01     0.000000000E+00     0.000000000E+00     0.983736512E+00     0.000000000E+00     0.000000000E+00
      1     0.275682025E+01     0.000000000E+00     0.000000000E+00     0.275455078E+01     0.000000000E+00     0.000000000E+00
      2     0.409363684E+01     0.464439846E+01     0.461782596E+01     0.408548937E+01     0.217982900E-01     0.114118003E-01
      3     0.497887570E+01     0.544560964E+01     0.543204180E+01     0.497507906E+01    -0.307762381E-03     0.487519466E-01
      4     0.546527271E+01     0.591094977E+01     0.589773246E+01     0.546368406E+01    -0.101140311E-02     0.829687106E-01
      5     0.561835383E+01     0.600833886E+01     0.599571734E+01     0.561965504E+01    -0.165918348E-01     0.120852477E+00
      6     0.550130945E+01     0.585947465E+01     0.584681445E+01     0.550527810E+01    -0.160619980E-01     0.157112524E+00
      7     0.518097145E+01     0.548899064E+01     0.547596430E+01     0.518707366E+01    -0.195657228E-01     0.186823884E+00
      8     0.471190867E+01     0.498757857E+01     0.497338562E+01     0.471835651E+01    -0.149601032E-01     0.208871714E+00
# lambda =      9.9010
#     l     alpha1            alpha2            alpha3            alpha4             beta1            beta2
      0     0.100000000E+01     0.000000000E+00     0.000000000E+00     0.984080873E+00     0.000000000E+00     0.000000000E+00
      1     0.276510256E+01     0.000000000E+00     0.000000000E+00     0.276293981E+01     0.000000000E+00     0.000000000E+00
      2     0.411257596E+01     0.465454584E+01     0.462856671E+01     0.410507872E+01     0.256536122E-01     0.138704222E-01
      3     0.500602989E+01     0.547550262E+01     0.546182583E+01     0.500238783E+01     0.720064263E-02     0.502239173E-01
      4     0.549177352E+01     0.594109457E+01     0.592823813E+01     0.549049995E+01     0.749723466E-02     0.864635805E-01
      5     0.563370492E+01     0.603182283E+01     0.601947831E+01     0.563519330E+01    -0.452295912E-02     0.124585108E+00
      6     0.549663174E+01     0.586113330E+01     0.584878771E+01     0.550070618E+01    -0.338903826E-02     0.161206562E+00
      7     0.515008751E+01     0.546543525E+01     0.545273297E+01     0.515617277E+01    -0.481126823E-02     0.190421267E+00
      8     0.465385849E+01     0.493343898E+01     0.491961829E+01     0.466019831E+01     0.895898018E-05     0.211106022E+00
# lambda =     10.1010
#     l     alpha1            alpha2            alpha3            alpha4             beta1            beta2
      0     0.100000000E+01     0.000000000E+00     0.000000000E+00     0.984255140E+00     0.000000000E+00     0.000000000E+00
      1     0.277435772E+01     0.000000000E+00     0.000000000E+00     0.277213835E+01     0.000000000E+00     0.000000000E+00
      2     0.413437433E+01     0.466584434E+01     0.464032708E+01     0.412762244E+01     0.302673693E-01     0.167448968E-01
      3     0.503767813E+01     0.551015366E+01     0.549599219E+01     0.503414975E+01     0.169271718E-01     0.520372120E-01
      4     0.552383428E+01     0.597698548E+01     0.596427904E+01     0.552288433E+01     0.187114417E-01     0.901997206E-01
      5     0.565468360E+01     0.606162344E+01     0.604937435E+01     0.565638217E+01     0.112640172E-01     0.128705672E+00
      6     0.549682399E+01     0.586832430E+01     0.585612195E+01     0.550102381E+01     0.135839988E-01     0.165463487E+00
      7     0.512271184E+01     0.544604224E+01     0.543351161E+01     0.512880161E+01     0.146263274E-01     0.194088558E+00
      8     0.459790741E+01     0.488186884E+01     0.486829602E+01     0.460418192E+01     0.197857617E-01     0.213171554E+00
# lambda =     10.3093
#     l     alpha1            alpha2            alpha3            alpha4             beta1            beta2
      0     0.100000000E+01     0.000000000E+00     0.000000000E+00     0.984151823E+00     0.000000000E+00     0.000000000E+00
      1     0.278267406E+01     0.000000000E+00     0.000000000E+00     0.278025198E+01     0.000000000E+00     0.000000000E+00
      2     0.415399133E+01     0.467587520E+01     0.465047393E+01     0.414795504E+01     0.353512630E-01     0.196168231E-01
      3     0.506480968E+01     0.554127171E+01     0.552625812E+01     0.506138431E+01     0.281664021E-01     0.541428185E-01
      4     0.554875094E+01     0.600659507E+01     0.599370834E+01     0.554811856E+01     0.321895462E-01     0.938206407E-01
      5     0.566587280E+01     0.608195797E+01     0.606954157E+01     0.566783507E+01     0.298738790E-01     0.132838555E+00
      6     0.548493615E+01     0.586382974E+01     0.585150467E+01     0.548932305E+01     0.341521220E-01     0.169413312E+00
      7     0.508174183E+01     0.541289007E+01     0.540027982E+01     0.508790877E+01     0.377876691E-01     0.197248724E+00
      8     0.452777186E+01     0.481604314E+01     0.480248389E+01     0.453406416E+01     0.434192311E-01     0.214472672E+00
# lambda =     10.5263
#     l     alpha1            alpha2            alpha3            alpha4             beta1            beta2
      0     0.100000000E+01     0.000000000E+00     0.000000000E+00     0.983818005E+00     0.000000000E+00     0.000000000E+00
      1     0.278841990E+01     0.000000000E+00     0.000000000E+00     0.278575219E+01     0.000000000E+00     0.000000000E+00
      2     0.416667005E+01     0.468257183E+01     0.465691795E+01     0.416122815E+01     0.404516456E-01     0.219533562E-01
      3     0.507891665E+01     0.556096289E+01     0.554493027E+01     0.507562399E+01     0.395502772E-01     0.561250658E-01
      4     0.555442978E+01     0.601838219E+01     0.600505362E+01     0.555411094E+01     0.465291748E-01     0.967328726E-01
      5     0.565256011E+01     0.607776424E+01     0.606497646E+01     0.565483708E+01     0.492341557E-01     0.136136153E+00
      6     0.544487971E+01     0.583109637E+01     0.581844082E+01     0.544951936E+01     0.560193938E-01     0.172146831E+00
      7     0.501113601E+01     0.534907700E+01     0.533618043E+01     0.501744879E+01     0.620279950E-01     0.198831550E+00
      8     0.442854228E+01     0.472028708E+01     0.470653729E+01     0.443491077E+01     0.680818310E-01     0.213935759E+00
# lambda =     10.7527
#     l     alpha1            alpha2            alpha3            alpha4             beta1            beta2
      0     0.100000000E+01     0.000000000E+00     0.000000000E+00     0.982377726E+00     0.000000000E+00     0.000000000E+00
      1     0.279251617E+01     0.000000000E+00     0.000000000E+00     0.278890972E+01     0.000000000E+00     0.000000000E+00
      2     0.417563105E+01     0.468669661E+01     0.465945846E+01     0.417039267E+01     0.473402593E-01     0.251599499E-01
      3     0.508635365E+01     0.557533945E+01     0.555699754E+01     0.508305783E+01     0.549558635E-01     0.599999380E-01
      4     0.555077377E+01     0.602171572E+01     0.600664790E+01     0.555074841E+01     0.664421699E-01     0.101995599E+00
      5     0.562795963E+01     0.606268958E+01     0.604840703E+01     0.563085469E+01     0.755315619E-01     0.142577213E+00
      6     0.539261561E+01     0.578660092E+01     0.577243072E+01     0.539794766E+01     0.861117657E-01     0.178408543E+00
      7     0.492852725E+01     0.527341455E+01     0.525903138E+01     0.493551318E+01     0.949902246E-01     0.204162685E+00
      8     0.431855157E+01     0.461401688E+01     0.459886828E+01     0.432554063E+01     0.101520189E+00     0.217175282E+00
# lambda =     10.9890
#     l     alpha1            alpha2            alpha3            alpha4             beta1            beta2
      0     0.100000000E+01     0.000000000E+00     0.000000000E+00     0.980003814E+00     0.000000000E+00     0.000000000E+00
      1     0.279293539E+01     0.000000000E+00     0.000000000E+00     0.278804626E+01     0.000000000E+00     0.000000000E+00
      2     0.417515874E+01     0.468589834E+01     0.465573096E+01     0.416967069E+01     0.556395483E-01     0.277930380E-01
      3     0.507711699E+01     0.557485981E+01     0.555336500E+01     0.507376196E+01     0.723603098E-01     0.640541317E-01
      4     0.552348529E+01     0.600295212E+01     0.598518616E+01     0.552384668E+01     0.898766625E-01     0.107452023E+00
      5     0.557444788E+01     0.601876840E+01     0.600206148E+01     0.557825159E+01     0.105756215E+00     0.149310691E+00
      6     0.530853927E+01     0.571017067E+01     0.569355032E+01     0.531500224E+01     0.120875452E+00     0.185035929E+00
      7     0.481404855E+01     0.516497843E+01     0.514811821E+01     0.482216688E+01     0.132499064E+00     0.209700416E+00
      8     0.417905119E+01     0.447744545E+01     0.445988517E+01     0.418706349E+01     0.139112403E+00     0.220515968E+00
# lambda =     11.2360
#     l     alpha1            alpha2            alpha3            alpha4             beta1            beta2
      0     0.100000000E+01     0.000000000E+00     0.000000000E+00     0.976270497E+00     0.000000000E+00     0.000000000E+00
      1     0.278846144E+01     0.000000000E+00     0.000000000E+00     0.278179899E+01     0.000000000E+00     0.000000000E+00
      2     0.416195218E+01     0.467849119E+01     0.464343151E+01     0.415557692E+01     0.657479945E-01     0.298142073E-01
      3     0.504616622E+01     0.555468808E+01     0.552878420E+01     0.504263101E+01     0.915726732E-01     0.683965217E-01
      4     0.546677668E+01     0.595599919E+01     0.593420736E+01     0.546772793E+01     0.116167405E+00     0.113833699E+00
      5     0.548664179E+01     0.594025918E+01     0.591977174E+01     0.549184828E+01     0.138937941E+00     0.157493487E+00
      6     0.518869620E+01     0.559737987E+01     0.557690752E+01     0.519697636E+01     0.158830547E+00     0.193638790E+00
      7     0.466579401E+01     0.502158744E+01     0.500077158E+01     0.467574992E+01     0.172789086E+00     0.217432595E+00
      8     0.401040785E+01     0.431070962E+01     0.428921232E+01     0.402001912E+01     0.178801876E+00     0.226145188E+00
# lambda =     11.4943
#     l     alpha1            alpha2            alpha3            alpha4             beta1            beta2
      0     0.100000000E+01     0.000000000E+00     0.000000000E+00     0.971766616E+00     0.000000000E+00     0.000000000E+00
      1     0.278050360E+01     0.000000000E+00     0.000000000E+00     0.277187530E+01     0.000000000E+00     0.000000000E+00
      2     0.413920458E+01     0.466643018E+01     0.462530333E+01     0.413163582E+01     0.770969983E-01     0.305938064E-01
      3     0.499868854E+01     0.551964063E+01     0.548863138E+01     0.499499542E+01     0.111609908E+00     0.714044833E-01
      4     0.538732885E+01     0.588730224E+01     0.586077165E+01     0.538916042E+01     0.143664604E+00     0.118872833E+00
      5     0.537194006E+01     0.583472786E+01     0.580965573E+01     0.537896964E+01     0.173054234E+00     0.164164785E+00
      6     0.504048832E+01     0.545565283E+01     0.543048560E+01     0.505105886E+01     0.197315722E+00     0.200646479E+00
      7     0.449060758E+01     0.485015242E+01     0.482449321E+01     0.450279122E+01     0.212784270E+00     0.223396084E+00
      8     0.381863497E+01     0.411967051E+01     0.409334410E+01     0.383005586E+01     0.217189870E+00     0.229884882E+00
# lambda =     11.7647
#     l     alpha1            alpha2            alpha3            alpha4             beta1            beta2
      0     0.100000000E+01     0.000000000E+00     0.000000000E+00     0.964638621E+00     0.000000000E+00     0.000000000E+00
      1     0.276560420E+01     0.000000000E+00     0.000000000E+00     0.275421307E+01     0.000000000E+00     0.000000000E+00
      2     0.409978987E+01     0.464514254E+01     0.459409554E+01     0.409016601E+01     0.902500943E-01     0.322685367E-01
      3     0.492567916E+01     0.546039559E+01     0.542160544E+01     0.492167374E+01     0.131392449E+00     0.778090625E-01
      4     0.527771527E+01     0.578806463E+01     0.575431110E+01     0.528096904E+01     0.169411642E+00     0.130427425E+00
      5     0.522750553E+01     0.569807548E+01     0.566588807E+01     0.523740913E+01     0.203815090E+00     0.180205947E+00
      6     0.486736330E+01     0.528770731E+01     0.525519016E+01     0.488147979E+01     0.231164278E+00     0.219383302E+00
      7     0.429827039E+01     0.466046849E+01     0.462723815E+01     0.431387697E+01     0.247088146E+00     0.242558880E+00
      8     0.361862887E+01     0.391985434E+01     0.388595679E+01     0.363274108E+01     0.249225646E+00     0.247288191E+00
# lambda =     12.0482
#     l     alpha1            alpha2            alpha3            alpha4             beta1            beta2
      0     0.100000000E+01     0.000000000E+00     0.000000000E+00     0.956421665E+00     0.000000000E+00     0.000000000E+00
      1     0.274845656E+01     0.000000000E+00     0.000000000E+00     0.273411978E+01     0.000000000E+00     0.000000000E+00
      2     0.405555140E+01     0.462102505E+01     0.455838863E+01     0.404383235E+01     0.104683183E+00     0.331291297E-01
      3     0.484555126E+01     0.539469669E+01     0.534688285E+01     0.484148549E+01     0.152123193E+00     0.834184886E-01
      4     0.515950662E+01     0.568066772E+01     0.563859574E+01     0.516473511E+01     0.195821240E+00     0.141450112E+00
      5     0.507406446E+01     0.555266237E+01     0.551223368E+01     0.508748102E+01     0.234744885E+00     0.195812814E+00
      6     0.468596255E+01     0.511157572E+01     0.507056607E+01     0.470416860E+01     0.264457729E+00     0.237581068E+00
      7     0.409948703E+01     0.446421795E+01     0.442230564E+01     0.411882218E+01     0.279939799E+00     0.260848365E+00
      8     0.341481280E+01     0.371595796E+01     0.367349593E+01     0.343163633E+01     0.278891851E+00     0.263365557E+00
# lambda =     12.3457
#     l     alpha1            alpha2            alpha3            alpha4             beta1            beta2
      0     0.100000000E+01     0.000000000E+00     0.000000000E+00     0.947157058E+00     0.000000000E+00     0.000000000E+00
      1     0.272935901E+01     0.000000000E+00     0.000000000E+00     0.271193325E+01     0.000000000E+00     0.000000000E+00
      2     0.400734794E+01     0.459450237E+01     0.451865889E+01     0.399358768E+01     0.120210985E+00     0.333155760E-01
      3     0.475972343E+01     0.532394983E+01     0.526587973E+01     0.475595380E+01     0.173719832E+00     0.884345834E-01
      4     0.503456035E+01     0.556702261E+01     0.551552760E+01     0.504237640E+01     0.222808561E+00     0.152096678E+00
      5     0.491375206E+01     0.540070739E+01     0.535092086E+01     0.493132940E+01     0.265751186E+00     0.211058791E+00
      6     0.449855712E+01     0.492957921E+01     0.487895889E+01     0.452133122E+01     0.297081217E+00     0.255174483E+00
      7     0.389652153E+01     0.426368169E+01     0.421203985E+01     0.391977146E+01     0.311209607E+00     0.278064238E+00
      8     0.320932054E+01     0.351008954E+01     0.345818485E+01     0.322873911E+01     0.306074242E+00     0.277821227E+00
# lambda =     12.6582
#     l     alpha1            alpha2            alpha3            alpha4             beta1            beta2
      0     0.100000000E+01     0.000000000E+00     0.000000000E+00     0.937664050E+00     0.000000000E+00     0.000000000E+00
      1     0.270945889E+01     0.000000000E+00     0.000000000E+00     0.268909823E+01     0.000000000E+00     0.000000000E+00
      2     0.395745787E+01     0.456715817E+01     0.447764471E+01     0.394193329E+01     0.134005576E+00     0.348823584E-01
      3     0.467173391E+01     0.525113067E+01     0.518247779E+01     0.466868202E+01     0.191617052E+00     0.959747518E-01
      4     0.490762690E+01     0.545140564E+01     0.539017996E+01     0.491849282E+01     0.244208858E+00     0.166223697E+00
      5     0.475238363E+01     0.524749875E+01     0.518803399E+01     0.477446111E+01     0.289408362E+00     0.230272417E+00
      6     0.431174724E+01     0.474783697E+01     0.468729351E+01     0.433915130E+01     0.320944948E+00     0.276697144E+00
      7     0.369632945E+01     0.406537690E+01     0.400380760E+01     0.372327101E+01     0.332804350E+00     0.298698521E+00
      8     0.300897726E+01     0.330874266E+01     0.324737577E+01     0.303053834E+01     0.323314092E+00     0.294872925E+00
# lambda =     12.9870
#     l     alpha1            alpha2            alpha3            alpha4             beta1            beta2
      0     0.100000000E+01     0.000000000E+00     0.000000000E+00     0.928128044E+00     0.000000000E+00     0.000000000E+00
      1     0.268933252E+01     0.000000000E+00     0.000000000E+00     0.266615208E+01     0.000000000E+00     0.000000000E+00
      2     0.390721337E+01     0.453966230E+01     0.443635676E+01     0.389019755E+01     0.145660845E+00     0.384190150E-01
      3     0.458353128E+01     0.517811622E+01     0.509875560E+01     0.458161830E+01     0.205628568E+00     0.106757231E+00
      4     0.478090528E+01     0.533612733E+01     0.526499226E+01     0.479524594E+01     0.260084080E+00     0.184477505E+00
      5     0.459204625E+01     0.509528183E+01     0.502593261E+01     0.461890057E+01     0.306071951E+00     0.253927116E+00
      6     0.412724753E+01     0.456820361E+01     0.449753277E+01     0.415925984E+01     0.336729805E+00     0.302378567E+00
      7     0.350010771E+01     0.387059871E+01     0.379902145E+01     0.353043844E+01     0.345720334E+00     0.322715425E+00
      8     0.281443254E+01     0.311262257E+01     0.304190132E+01     0.283763239E+01     0.331878539E+00     0.314255874E+00
# lambda =     13.3333
#     l     alpha1            alpha2            alpha3            alpha4             beta1            beta2
      0     0.100000000E+01     0.000000000E+00     0.000000000E+00     0.919939612E+00     0.000000000E+00     0.000000000E+00
      1     0.267094420E+01     0.000000000E+00     0.000000000E+00     0.264533436E+01     0.000000000E+00     0.000000000E+00
      2     0.385971954E+01     0.451439856E+01     0.439930089E+01     0.384168825E+01     0.153470798E+00     0.444749697E-01
      3     0.449854934E+01     0.510831825E+01     0.501968120E+01     0.449817863E+01     0.213928308E+00     0.120838048E+00
      4     0.465723086E+01     0.522405249E+01     0.514414626E+01     0.467518181E+01     0.268570412E+00     0.206154968E+00
      5     0.443438850E+01     0.494550177E+01     0.486730839E+01     0.446581107E+01     0.313899186E+00     0.280504016E+00
      6     0.394533977E+01     0.439051998E+01     0.431074967E+01     0.398136652E+01     0.342718694E+00     0.329967300E+00
      7     0.330692699E+01     0.367778269E+01     0.359735542E+01     0.333981999E+01     0.348464528E+00     0.347347237E+00
      8     0.262390073E+01     0.291923771E+01     0.284048325E+01     0.264785306E+01     0.330590451E+00     0.332978640E+00
# lambda =     13.6986
#     l     alpha1            alpha2            alpha3            alpha4             beta1            beta2
      0     0.100000000E+01     0.000000000E+00     0.000000000E+00     0.911156682E+00     0.000000000E+00     0.000000000E+00
      1     0.265157811E+01     0.000000000E+00     0.000000000E+00     0.262334601E+01     0.000000000E+00     0.000000000E+00
      2     0.381012600E+01     0.448780934E+01     0.436011017E+01     0.379120365E+01     0.161314125E+00     0.511511570E-01
      3     0.441032303E+01     0.503594063E+01     0.493726930E+01     0.441196742E+01     0.222303959E+00     0.135917250E+00
      4     0.452946576E+01     0.510854937E+01     0.501903834E+01     0.455163368E+01     0.277164389E+00     0.228909728E+00
      5     0.427246631E+01     0.479184080E+01     0.470391660E+01     0.430895141E+01     0.321740217E+00     0.307751806E+00
      6     0.375993252E+01     0.420938303E+01     0.411963263E+01     0.380013704E+01     0.348485594E+00     0.357360939E+00
      7     0.311194863E+01     0.348282969E+01     0.339283710E+01     0.314722463E+01     0.350632236E+00     0.370682488E+00
      8     0.243390941E+01     0.272582415E+01     0.263860135E+01     0.245820560E+01     0.328416211E+00     0.349405585E+00
# lambda =     14.0845
#     l     alpha1            alpha2            alpha3            alpha4             beta1            beta2
      0     0.100000000E+01     0.000000000E+00     0.000000000E+00     0.902441118E+00     0.000000000E+00     0.000000000E+00
      1     0.263208173E+01     0.000000000E+00     0.000000000E+00     0.260122173E+01     0.000000000E+00     0.000000000E+00
      2     0.375969571E+01     0.446096739E+01     0.432083177E+01     0.374017078E+01     0.168425699E+00     0.586592306E-01
      3     0.432021166E+01     0.496234640E+01     0.485360346E+01     0.432439108E+01     0.229840809E+00     0.152016464E+00
      4     0.439877522E+01     0.499072902E+01     0.489139771E+01     0.442564812E+01     0.284807873E+00     0.252449521E+00
      5     0.410714873E+01     0.463493426E+01     0.453698863E+01     0.414891814E+01     0.328394730E+00     0.335001577E+00
      6     0.357164540E+01     0.402502416E+01     0.392503355E+01     0.361582872E+01     0.352730494E+00     0.383538895E+00
      7     0.291565028E+01     0.328573614E+01     0.318613256E+01     0.295277990E+01     0.350899483E+00     0.391482305E+00
      8     0.224487953E+01     0.253232685E+01     0.243690246E+01     0.226885866E+01     0.324117410E+00     0.362277237E+00
# lambda =     14.4928
#     l     alpha1            alpha2            alpha3            alpha4             beta1            beta2
      0     0.100000000E+01     0.000000000E+00     0.000000000E+00     0.895945215E+00     0.000000000E+00     0.000000000E+00
      1     0.261506137E+01     0.000000000E+00     0.000000000E+00     0.258214943E+01     0.000000000E+00     0.000000000E+00
      2     0.371215063E+01     0.443714963E+01     0.428790241E+01     0.369265543E+01     0.172303583E+00     0.676397512E-01
      3     0.423209630E+01     0.489119985E+01     0.477477295E+01     0.423920876E+01     0.233321350E+00     0.169213879E+00
      4     0.426837628E+01     0.487334874E+01     0.476613036E+01     0.429982455E+01     0.287694602E+00     0.276012404E+00
      5     0.394063613E+01     0.447605386E+01     0.436989823E+01     0.398697792E+01     0.329603265E+00     0.360618859E+00
      6     0.338169700E+01     0.383743767E+01     0.372907374E+01     0.342866226E+01     0.351022039E+00     0.406165178E+00
      7     0.271852247E+01     0.308564378E+01     0.297852645E+01     0.275616874E+01     0.344987267E+00     0.407079671E+00
      8     0.205686744E+01     0.233756592E+01     0.223626486E+01     0.207939111E+01     0.313893107E+00     0.369001516E+00
# lambda =     14.9254
#     l     alpha1            alpha2            alpha3            alpha4             beta1            beta2
      0     0.100000000E+01     0.000000000E+00     0.000000000E+00     0.888995182E+00     0.000000000E+00     0.000000000E+00
      1     0.259687362E+01     0.000000000E+00     0.000000000E+00     0.256177511E+01     0.000000000E+00     0.000000000E+00
      2     0.366161637E+01     0.441174865E+01     0.425278504E+01     0.364239033E+01     0.176076988E+00     0.774221119E-01
      3     0.413920577E+01     0.481603935E+01     0.469128526E+01     0.414982752E+01     0.236674081E+00     0.187581927E+00
      4     0.413217712E+01     0.475065055E+01     0.463476143E+01     0.416876186E+01     0.290438933E+00     0.300680152E+00
      5     0.376863792E+01     0.431155146E+01     0.419637086E+01     0.381981230E+01     0.330528044E+00     0.386614130E+00
      6     0.318807625E+01     0.364556299E+01     0.352811116E+01     0.323762783E+01     0.348794826E+00     0.427955727E+00
      7     0.252070035E+01     0.288384758E+01     0.276882580E+01     0.255837448E+01     0.338270480E+00     0.420603856E+00
      8     0.187158330E+01     0.214448788E+01     0.203732172E+01     0.189211820E+01     0.302762098E+00     0.372859073E+00
# lambda =     15.3846
#     l     alpha1            alpha2            alpha3            alpha4             beta1            beta2
      0     0.100000000E+01     0.000000000E+00     0.000000000E+00     0.883036239E+00     0.000000000E+00     0.000000000E+00
      1     0.257919641E+01     0.000000000E+00     0.000000000E+00     0.254219826E+01     0.000000000E+00     0.000000000E+00
      2     0.361041044E+01     0.438690029E+01     0.421971444E+01     0.359194223E+01     0.178202829E+00     0.882686252E-01
      3     0.404388152E+01     0.473905992E+01     0.460695698E+01     0.405849349E+01     0.237968351E+00     0.206892973E+00
      4     0.399206765E+01     0.462415225E+01     0.450025952E+01     0.403387845E+01     0.290808154E+00     0.325520124E+00
      5     0.359246229E+01     0.414198291E+01     0.401840832E+01     0.364802140E+01     0.328701255E+00     0.411336346E+00
      6     0.299159908E+01     0.344926190E+01     0.332350614E+01     0.304281199E+01     0.343508518E+00     0.446723049E+00
      7     0.232266955E+01     0.267983609E+01     0.255805099E+01     0.235933924E+01     0.328330353E+00     0.429704554E+00
      8     0.168929845E+01     0.195251487E+01     0.184096244E+01     0.170705201E+01     0.288631986E+00     0.371719181E+00
# lambda =     15.8730
#     l     alpha1            alpha2            alpha3            alpha4             beta1            beta2
      0     0.100000000E+01     0.000000000E+00     0.000000000E+00     0.876900037E+00     0.000000000E+00     0.000000000E+00
      1     0.256046094E+01     0.000000000E+00     0.000000000E+00     0.252155949E+01     0.000000000E+00     0.000000000E+00
      2     0.355606923E+01     0.436064445E+01     0.418500851E+01     0.353874599E+01     0.179963329E+00     0.999881377E-01
      3     0.394340546E+01     0.465768296E+01     0.451785151E+01     0.396264154E+01     0.238852045E+00     0.227282767E+00
      4     0.384579911E+01     0.449176133E+01     0.435929805E+01     0.389324918E+01     0.290744270E+00     0.351021361E+00
      5     0.341086425E+01     0.396633609E+01     0.383382186E+01     0.347073286E+01     0.326267503E+00     0.435529515E+00
      6     0.279221490E+01     0.324882671E+01     0.311444706E+01     0.284451112E+01     0.337376189E+00     0.463393469E+00
      7     0.212540303E+01     0.247502824E+01     0.234662304E+01     0.216033686E+01     0.317310542E+00     0.435464635E+00
      8     0.151159106E+01     0.176374765E+01     0.164840406E+01     0.152601564E+01     0.273488332E+00     0.366823773E+00
# lambda =     16.3934
#     l     alpha1            alpha2            alpha3            alpha4             beta1            beta2
      0     0.100000000E+01     0.000000000E+00     0.000000000E+00     0.870290415E+00     0.000000000E+00     0.000000000E+00
      1     0.254022587E+01     0.000000000E+00     0.000000000E+00     0.249936433E+01     0.000000000E+00     0.000000000E+00
      2     0.349786547E+01     0.433244786E+01     0.414769312E+01     0.348212517E+01     0.181590942E+00     0.112664493E+00
      3     0.383701756E+01     0.457118869E+01     0.442286568E+01     0.386162629E+01     0.239647461E+00     0.248920583E+00
      4     0.369289001E+01     0.435300106E+01     0.421103054E+01     0.374647221E+01     0.290626591E+00     0.377341607E+00
      5     0.322391479E+01     0.378460732E+01     0.364228342E+01     0.328801949E+01     0.323615326E+00     0.459239609E+00
      6     0.259062740E+01     0.304489228E+01     0.290133586E+01     0.264339161E+01     0.330768437E+00     0.477927680E+00
      7     0.193007274E+01     0.227058872E+01     0.213558363E+01     0.196254108E+01     0.305553162E+00     0.437891106E+00
      8     0.133978395E+01     0.157960318E+01     0.146100482E+01     0.135039932E+01     0.257682153E+00     0.358371766E+00
# lambda =     16.9492
#     l     alpha1            alpha2            alpha3            alpha4             beta1            beta2
      0     0.100000000E+01     0.000000000E+00     0.000000000E+00     0.865759171E+00     0.000000000E+00     0.000000000E+00
      1     0.252104157E+01     0.000000000E+00     0.000000000E+00     0.247889812E+01     0.000000000E+00     0.000000000E+00
      2     0.343882802E+01     0.430555310E+01     0.411469439E+01     0.342536677E+01     0.180168095E+00     0.126635933E+00
      3     0.372738726E+01     0.448165886E+01     0.432702254E+01     0.375765756E+01     0.236474200E+00     0.271242456E+00
      4     0.353519003E+01     0.420862894E+01     0.405892311E+01     0.359429066E+01     0.285934626E+00     0.402717594E+00
      5     0.303270504E+01     0.359611698E+01     0.344586523E+01     0.309964054E+01     0.315873824E+00     0.479677944E+00
      6     0.238737878E+01     0.283615601E+01     0.268568022E+01     0.243889671E+01     0.318936478E+00     0.486994852E+00
      7     0.173688460E+01     0.206504471E+01     0.192617115E+01     0.176557079E+01     0.288863477E+00     0.433827903E+00
      8     0.117383919E+01     0.139883057E+01     0.127988286E+01     0.118008994E+01     0.237903111E+00     0.343882769E+00
# lambda =     17.5439
#     l     alpha1            alpha2            alpha3            alpha4             beta1            beta2
      0     0.100000000E+01     0.000000000E+00     0.000000000E+00     0.861593732E+00     0.000000000E+00     0.000000000E+00
      1     0.250075816E+01     0.000000000E+00     0.000000000E+00     0.245759310E+01     0.000000000E+00     0.000000000E+00
      2     0.337582926E+01     0.427729913E+01     0.408082717E+01     0.336523490E+01     0.177642246E+00     0.141582588E+00
      3     0.361137045E+01     0.438612483E+01     0.422533711E+01     0.364784339E+01     0.231976811E+00     0.294343950E+00
      4     0.337044745E+01     0.405668217E+01     0.389919146E+01     0.343494648E+01     0.279835273E+00     0.427662232E+00
      5     0.283644135E+01     0.340053714E+01     0.324252074E+01     0.290537557E+01     0.306523199E+00     0.497688643E+00
      6     0.218314903E+01     0.262397381E+01     0.246724664E+01     0.223228184E+01     0.305401925E+00     0.491771380E+00
      7     0.154751456E+01     0.186093731E+01     0.171946828E+01     0.157161074E+01     0.270553915E+00     0.424783707E+00
      8     0.101575310E+01     0.122435260E+01     0.110662309E+01     0.101745223E+01     0.217082282E+00     0.325142843E+00
# lambda =     18.1818
#     l     alpha1            alpha2            alpha3            alpha4             beta1            beta2
      0     0.100000000E+01     0.000000000E+00     0.000000000E+00     0.858079171E+00     0.000000000E+00     0.000000000E+00
      1     0.247945453E+01     0.000000000E+00     0.000000000E+00     0.243566909E+01     0.000000000E+00     0.000000000E+00
      2     0.330873225E+01     0.424784628E+01     0.404662117E+01     0.330166266E+01     0.173858568E+00     0.157396695E+00
      3     0.348876791E+01     0.428416860E+01     0.411769005E+01     0.353187015E+01     0.226054032E+00     0.317850244E+00
      4     0.319866822E+01     0.389674897E+01     0.373174613E+01     0.326814119E+01     0.272285260E+00     0.451364354E+00
      5     0.263563352E+01     0.319775606E+01     0.303256408E+01     0.270539450E+01     0.295534424E+00     0.512138832E+00
      6     0.197896503E+01     0.240888261E+01     0.224711136E+01     0.202441467E+01     0.290171028E+00     0.491150514E+00
      7     0.136322085E+01     0.165929357E+01     0.151702401E+01     0.138199511E+01     0.250715136E+00     0.410076354E+00
      8     0.866623070E+00     0.105729851E+01     0.942717701E+00     0.863798732E+00     0.195432332E+00     0.302056804E+00
# lambda =     18.8679
#     l     alpha1            alpha2            alpha3            alpha4             beta1            beta2
      0     0.100000000E+01     0.000000000E+00     0.000000000E+00     0.857138085E+00     0.000000000E+00     0.000000000E+00
      1     0.245934966E+01     0.000000000E+00     0.000000000E+00     0.241606913E+01     0.000000000E+00     0.000000000E+00
      2     0.324054162E+01     0.422014787E+01     0.401764258E+01     0.323772634E+01     0.168883215E+00     0.172929296E+00
      3     0.336230605E+01     0.417827181E+01     0.400885759E+01     0.341173271E+01     0.219185218E+00     0.339358323E+00
      4     0.302184252E+01     0.372965497E+01     0.355974903E+01     0.309464777E+01     0.264058068E+00     0.469904373E+00
      5     0.243159287E+01     0.298753773E+01     0.281823097E+01     0.249985884E+01     0.283625088E+00     0.518275793E+00
      6     0.177572864E+01     0.219022539E+01     0.202713191E+01     0.181563285E+01     0.273717769E+00     0.480498207E+00
      7     0.118459599E+01     0.145969285E+01     0.132057249E+01     0.119731462E+01     0.229700330E+00     0.386168094E+00
      8     0.726660298E+00     0.897331409E+00     0.789410532E+00     0.719687066E+00     0.173204134E+00     0.272481541E+00
# lambda =     19.6078
#     l     alpha1            alpha2            alpha3            alpha4             beta1            beta2
      0     0.100000000E+01     0.000000000E+00     0.000000000E+00     0.857621850E+00     0.000000000E+00     0.000000000E+00
      1     0.243878085E+01     0.000000000E+00     0.000000000E+00     0.239680451E+01     0.000000000E+00     0.000000000E+00
      2     0.316863427E+01     0.419210947E+01     0.399012677E+01     0.317063786E+01     0.163436772E+00     0.188423010E+00
      3     0.322943623E+01     0.406563177E+01     0.389471217E+01     0.328492694E+01     0.212112939E+00     0.359512565E+00
      4     0.283852937E+01     0.355376328E+01     0.338038794E+01     0.291326045E+01     0.255850375E+00     0.484228792E+00
      5     0.222452433E+01     0.277011768E+01     0.259869928E+01     0.228944004E+01     0.271407103E+00     0.517525990E+00
      6     0.157506239E+01     0.197014532E+01     0.180843016E+01     0.160820948E+01     0.256635743E+00     0.461925929E+00
      7     0.101386944E+01     0.126527859E+01     0.113214790E+01     0.102041180E+01     0.208193810E+00     0.355801486E+00
      8     0.597844094E+00     0.747455326E+00     0.648496587E+00     0.587450020E+00     0.151162930E+00     0.239362253E+00
