# ARTDECO : output file
# Radiances at the top of the atmosphere
#   
# Result given for each geometry
# sza : solar zenith angle(s) (degree)
# vza : view  zenith angle(s) (degree)
# vaa : view azimuthal angle(s) (degree)
#
# total number of geometries
         270
# nsza, nvza, nvaa
           1          90           3
# number of elements of the Stokes vector
# 4 = full polarization, 3 = 3x3 approximation, 1 = scalar
           3
# number of wavelengths
           1
##################
# Wavelength (microns) 
       0.412000000
# CPU time for RT in sec(s) 
     0.132259903E+02
#         sza               vza              vaa               theta              I                 Q                U                 dI                dQ                dU              Polar. (%)
      60.000000000       0.000000000       0.000000000     120.000000000       0.022873467      -0.013931736       0.000039383       0.000423091       0.000257153       0.000076284      60.908088009
      60.000000000       0.000000000      90.000000000     120.000000000       0.022873467      -0.013931736       0.000039383       0.000423091       0.000257153       0.000076284      60.908088009
      60.000000000       0.000000000     180.000000000     120.000000000       0.022873467      -0.013931736       0.000039383       0.000423091       0.000257153       0.000076284      60.908088009
      60.000000000       1.000000000       0.000000000     119.000000000       0.022625216      -0.011801636      -0.000022924       0.000419834       0.000244713       0.000120952      52.161526026
      60.000000000       1.000000000      90.000000000     119.994961924       0.022875191       0.011549125      -0.000230608       0.000422841       0.000242108       0.000122617      50.497619363
      60.000000000       1.000000000     180.000000000     121.000000000       0.023133847      -0.011293004      -0.000024569       0.000426598       0.000240487       0.000124426      48.816053458
      60.000000000       2.000000000       0.000000000     118.000000000       0.022389210      -0.012051166      -0.000022099       0.000416829       0.000246860       0.000119302      53.825864560
      60.000000000       2.000000000      90.000000000     119.979850765       0.022882013       0.011551509      -0.000485087       0.000422711       0.000241697       0.000122752      50.527417023
      60.000000000       2.000000000     180.000000000     122.000000000       0.023406252      -0.011034123      -0.000025390       0.000430356       0.000238424       0.000126244      47.141902152
      60.000000000       3.000000000       0.000000000     117.000000000       0.022165573      -0.012297361      -0.000021273       0.000414075       0.000249019       0.000117711      55.479636419
      60.000000000       3.000000000      90.000000000     119.954675720       0.022893944       0.011556038      -0.000739811       0.000422700       0.000241352       0.000123067      50.579731724
      60.000000000       3.000000000     180.000000000     123.000000000       0.023690586      -0.010772348      -0.000026210       0.000434364       0.000236405       0.000128115      45.471140726
      60.000000000       4.000000000       0.000000000     116.000000000       0.021954440      -0.012540116      -0.000020444       0.000411575       0.000251185       0.000116183      57.118891228
      60.000000000       4.000000000      90.000000000     119.919452093       0.022911002       0.011562721      -0.000994906       0.000422807       0.000241071       0.000123562      50.654462758
      60.000000000       4.000000000     180.000000000     124.000000000       0.023986763      -0.010507793      -0.000027031       0.000438621       0.000234439       0.000130037      43.806774465
      60.000000000       5.000000000       0.000000000     115.000000000       0.021755954      -0.012779326      -0.000019613       0.000409329       0.000253351       0.000114721      58.739510968
      60.000000000       5.000000000      90.000000000     119.874201258       0.022933212       0.011571569      -0.001250493       0.000423031       0.000240853       0.000124235      50.751463910
      60.000000000       5.000000000     180.000000000     125.000000000       0.024294707      -0.010240573      -0.000027852       0.000443128       0.000232535       0.000132008      42.151612882
      60.000000000       6.000000000       0.000000000     114.000000000       0.021570271      -0.013014889      -0.000018778       0.000407339       0.000255511       0.000113327      60.337222733
      60.000000000       6.000000000      90.000000000     119.818950607       0.022960608       0.011582599      -0.001506699       0.000423373       0.000240697       0.000125086      50.870544328
      60.000000000       6.000000000     180.000000000     126.000000000       0.024614352      -0.009970807      -0.000028673       0.000447885       0.000230702       0.000134028      40.508271487
      60.000000000       7.000000000       0.000000000     113.000000000       0.021397553      -0.013246702      -0.000017941       0.000405604       0.000257659       0.000112004      61.907614158
      60.000000000       7.000000000      90.000000000     119.753733483       0.022993230       0.011595832      -0.001763648       0.000423833       0.000240603       0.000126113      51.011469645
      60.000000000       7.000000000     180.000000000     127.000000000       0.024945641      -0.009698615      -0.000029496       0.000452891       0.000228950       0.000136094      38.879174895
      60.000000000       8.000000000       0.000000000     112.000000000       0.021237976      -0.013474668      -0.000017099       0.000404129       0.000259789       0.000110756      63.446151573
      60.000000000       8.000000000      90.000000000     119.678589103       0.023031126       0.011611289      -0.002021470       0.000424411       0.000240569       0.000127314      51.173963333
      60.000000000       8.000000000     180.000000000     128.000000000       0.025288528      -0.009424116      -0.000030320       0.000458147       0.000227289       0.000138207      37.266561094
      60.000000000       9.000000000       0.000000000     111.000000000       0.021091726      -0.013698687      -0.000016254       0.000402913       0.000261897       0.000109586      64.948200924
      60.000000000       9.000000000      90.000000000     119.593562462       0.023074351       0.011628999      -0.002280292       0.000425108       0.000240595       0.000128687      51.357708287
      60.000000000       9.000000000     180.000000000     129.000000000       0.025642978      -0.009147435      -0.000031145       0.000463654       0.000225730       0.000140366      35.672486697
      60.000000000      10.000000000       0.000000000     110.000000000       0.020958998      -0.013918663      -0.000015404       0.000401959       0.000263979       0.000108497      66.409051437
      60.000000000      10.000000000      90.000000000     119.498704231       0.023122969       0.011648992      -0.002540247       0.000425924       0.000240681       0.000130230      51.562348580
      60.000000000      10.000000000     180.000000000     130.000000000       0.026008965      -0.008868696      -0.000031973       0.000469411       0.000224283       0.000142570      34.098833008
      60.000000000      11.000000000       0.000000000     109.000000000       0.020839999      -0.014134501      -0.000014549       0.000401269       0.000266029       0.000107494      67.823941942
      60.000000000      11.000000000      90.000000000     119.394070634       0.023177051       0.011671302      -0.002801468       0.000426860       0.000240828       0.000131941      51.787491398
      60.000000000      11.000000000     180.000000000     131.000000000       0.026386474      -0.008588026      -0.000032803       0.000475420       0.000222960       0.000144819      32.547312748
      60.000000000      12.000000000       0.000000000     108.000000000       0.020734948      -0.014346108      -0.000013688       0.000400846       0.000268043       0.000106581      69.188089740
      60.000000000      12.000000000      90.000000000     119.279723324       0.023236677       0.011695970      -0.003064090       0.000427918       0.000241034       0.000133816      52.032709104
      60.000000000      12.000000000     180.000000000     132.000000000       0.026775503      -0.008305553      -0.000033636       0.000481681       0.000221770       0.000147112      31.019477300
      60.000000000      13.000000000       0.000000000     107.000000000       0.020644076      -0.014553391      -0.000012822       0.000400691       0.000270019       0.000105761      70.496721800
      60.000000000      13.000000000      90.000000000     119.155729238       0.023301935       0.011723037      -0.003328253       0.000429099       0.000241301       0.000135854      52.297541404
      60.000000000      13.000000000     180.000000000     133.000000000       0.027176059      -0.008021408      -0.000034472       0.000488195       0.000220725       0.000149449      29.516724341
      60.000000000      14.000000000       0.000000000     106.000000000       0.020567627      -0.014756261      -0.000011949       0.000400809       0.000271952       0.000105038      71.745108043
      60.000000000      14.000000000      90.000000000     119.022160452       0.023372922       0.011752550      -0.003594100       0.000430404       0.000241629       0.000138051      52.581497604
      60.000000000      14.000000000     180.000000000     134.000000000       0.027588163      -0.007735725      -0.000035312       0.000494963       0.000219837       0.000151831      28.040305736
      60.000000000      15.000000000       0.000000000     105.000000000       0.020505856      -0.014954629      -0.000011070       0.000401203       0.000273840       0.000104418      72.928596372
      60.000000000      15.000000000      90.000000000     118.879094017       0.023449745       0.011784561      -0.003861774       0.000431837       0.000242020       0.000140405      52.884058903
      60.000000000      15.000000000     180.000000000     135.000000000       0.028011848      -0.007448637      -0.000036156       0.000501987       0.000219115       0.000154257      26.591335607
      60.000000000      16.000000000       0.000000000     104.000000000       0.020459032      -0.015148406      -0.000010184       0.000401875       0.000275680       0.000103904      74.042649076
      60.000000000      16.000000000      90.000000000     118.726611796       0.023532518       0.011819126      -0.004131427       0.000433398       0.000242474       0.000142913      53.204680718
      60.000000000      16.000000000     180.000000000     136.000000000       0.028447157      -0.007160281      -0.000037004       0.000509268       0.000218572       0.000156727      25.170798463
      60.000000000      17.000000000       0.000000000     103.000000000       0.020427440      -0.015337508      -0.000009290       0.000402830       0.000277470       0.000103501      75.082880154
      60.000000000      17.000000000      90.000000000     118.564800285       0.023621366       0.011856306      -0.004403211       0.000435092       0.000242994       0.000145574      53.542795004
      60.000000000      17.000000000     180.000000000     137.000000000       0.028894151      -0.006870797      -0.000037857       0.000516807       0.000218218       0.000159243      23.779557331
      60.000000000      18.000000000       0.000000000     102.000000000       0.020411377      -0.015521849      -0.000008388       0.000404072       0.000279206       0.000103213      76.045093052
      60.000000000      18.000000000      90.000000000     118.393750435       0.023716426       0.011896166      -0.004677285       0.000436919       0.000243580       0.000148384      53.897812551
      60.000000000      18.000000000     180.000000000     138.000000000       0.029352900      -0.006580326      -0.000038716       0.000524607       0.000218063       0.000161804      22.418361801
      60.000000000      19.000000000       0.000000000     101.000000000       0.020411158      -0.015701346      -0.000007478       0.000405606       0.000280889       0.000103046      76.925318287
      60.000000000      19.000000000      90.000000000     118.213557466       0.023817842       0.011938776      -0.004953811       0.000438885       0.000244235       0.000151342      54.269125231
      60.000000000      19.000000000     180.000000000     139.000000000       0.029823493      -0.006289011      -0.000039580       0.000532670       0.000218117       0.000164411      21.087855943
      60.000000000      20.000000000       0.000000000     100.000000000       0.020427111      -0.015875919      -0.000006558       0.000407436       0.000282515       0.000103002      77.719850350
      60.000000000      20.000000000      90.000000000     118.024320674       0.023925772       0.011984212      -0.005232959       0.000440992       0.000244962       0.000154447      54.656108187
      60.000000000      20.000000000     180.000000000     140.000000000       0.030306031      -0.005996999      -0.000040450       0.000540998       0.000218389       0.000167065      19.788586037
      60.000000000      21.000000000       0.000000000      99.000000000       0.020459584      -0.016045486      -0.000005629       0.000409569       0.000284084       0.000103087      78.425283322
      60.000000000      21.000000000      90.000000000     117.826143233       0.024040384       0.012032556      -0.005514903       0.000443245       0.000245764       0.000157696      55.058121940
      60.000000000      21.000000000     180.000000000     141.000000000       0.030800632      -0.005704438      -0.000041327       0.000549593       0.000218890       0.000169767      18.521008081
      60.000000000      22.000000000       0.000000000      98.000000000       0.020508942      -0.016209969      -0.000004690       0.000412009       0.000285595       0.000103305      79.038544560
      60.000000000      22.000000000      90.000000000     117.619132006       0.024161859       0.012083896      -0.005799822       0.000445647       0.000246643       0.000161089      55.474514402
      60.000000000      22.000000000     180.000000000     142.000000000       0.031307431      -0.005411480      -0.000042211       0.000558459       0.000219626       0.000172518      17.285495049
      60.000000000      23.000000000       0.000000000      97.000000000       0.020575569      -0.016369290      -0.000003740       0.000414765       0.000287047       0.000103659      79.556925879
      60.000000000      23.000000000      90.000000000     117.403397336       0.024290390       0.012138323      -0.006087905       0.000448203       0.000247602       0.000164624      55.904622796
      60.000000000      23.000000000     180.000000000     143.000000000       0.031826580      -0.005118279      -0.000043102       0.000567599       0.000220606       0.000175318      16.082343870
      60.000000000      24.000000000       0.000000000      96.000000000       0.020659869      -0.016523373      -0.000002778       0.000417841       0.000288441       0.000104154      79.978111645
      60.000000000      24.000000000      90.000000000     117.179052852       0.024426185       0.012195940      -0.006379347       0.000450919       0.000248647       0.000168302      56.347775452
      60.000000000      24.000000000     180.000000000     144.000000000       0.032358251      -0.004824991      -0.000044002       0.000577016       0.000221835       0.000178170      14.911782124
      60.000000000      25.000000000       0.000000000      95.000000000       0.020762269      -0.016672144      -0.000001805       0.000421247       0.000289776       0.000104794      80.300203241
      60.000000000      25.000000000      90.000000000     116.946215263       0.024569464       0.012256851      -0.006674349       0.000453799       0.000249780       0.000172122      56.803293509
      60.000000000      25.000000000     180.000000000     145.000000000       0.032902635      -0.004531778      -0.000044910       0.000586714       0.000223321       0.000181074      13.773974428
      60.000000000      26.000000000       0.000000000      94.000000000       0.020883215      -0.016815528      -0.000000819       0.000424989       0.000291052       0.000105582      80.521739444
      60.000000000      26.000000000      90.000000000     116.705004161       0.024720463       0.012321171      -0.006973122       0.000456849       0.000251008       0.000176084      57.270492483
      60.000000000      26.000000000     180.000000000     146.000000000       0.033459941      -0.004238802      -0.000045827       0.000596697       0.000225069       0.000184032      12.669028538
      60.000000000      27.000000000       0.000000000      93.000000000       0.021023181      -0.016953454       0.000000180       0.000429076       0.000292272       0.000106521      80.641712291
      60.000000000      27.000000000      90.000000000     116.455541824       0.024879435       0.012389021      -0.007275888       0.000460076       0.000252334       0.000180188      57.748683726
      60.000000000      27.000000000     180.000000000     147.000000000       0.034030405      -0.003946230      -0.000046754       0.000606971       0.000227082       0.000187046      11.597001144
      60.000000000      28.000000000       0.000000000      92.000000000       0.021182666      -0.017085849       0.000001193       0.000433517       0.000293436       0.000107614      80.659578123
      60.000000000      28.000000000      90.000000000     116.197953011       0.025046648       0.012460531      -0.007582875       0.000463487       0.000253764       0.000184436      58.237175770
      60.000000000      28.000000000     180.000000000     148.000000000       0.034614284      -0.003654231      -0.000047691       0.000617539       0.000229365       0.000190117      10.557903399
      60.000000000      29.000000000       0.000000000      91.000000000       0.021362195      -0.017212645       0.000002221       0.000438323       0.000294545       0.000108866      80.575263592
      60.000000000      29.000000000      90.000000000     115.932364776       0.025222388       0.012535838      -0.007894326       0.000467088       0.000255304       0.000188829      58.735275555
      60.000000000      29.000000000     180.000000000     149.000000000       0.035211858      -0.003362982      -0.000048638       0.000628408       0.000231919       0.000193247       9.551706198
      60.000000000      30.000000000       0.000000000      90.000000000       0.021562323      -0.017333771       0.000003265       0.000443503       0.000295603       0.000110277      80.389166480
      60.000000000      30.000000000      90.000000000     115.658906273       0.025406962       0.012615089      -0.008210491       0.000470888       0.000256960       0.000193369      59.242289547
      60.000000000      30.000000000     180.000000000     150.000000000       0.035823436      -0.003072658      -0.000049598       0.000639584       0.000234748       0.000196439       8.578345263
      60.000000000      31.000000000       0.000000000      89.000000000       0.021783637      -0.017449161       0.000004324       0.000449069       0.000296612       0.000111851      80.102151344
      60.000000000      31.000000000      90.000000000     115.377708569       0.025600694       0.012698442      -0.008531636       0.000474895       0.000258739       0.000198058      59.757524758
      60.000000000      31.000000000     180.000000000     151.000000000       0.036449355      -0.002783443      -0.000050569       0.000651074       0.000237851       0.000199694       7.637726134
      60.000000000      32.000000000       0.000000000      88.000000000       0.022026756      -0.017558747       0.000005401       0.000455033       0.000297574       0.000113591      79.715540059
      60.000000000      32.000000000      90.000000000     115.088904462       0.025803931       0.012786062      -0.008858038       0.000479117       0.000260649       0.000202898      60.280289659
      60.000000000      32.000000000     180.000000000     152.000000000       0.037089981      -0.002495523      -0.000051553       0.000662883       0.000241230       0.000203015       6.729729215
      60.000000000      33.000000000       0.000000000      87.000000000       0.022292338      -0.017662463       0.000006495       0.000461407       0.000298495       0.000115498      79.231097458
      60.000000000      33.000000000      90.000000000     114.792628303       0.026017045       0.012878127      -0.009189990       0.000483564       0.000262697       0.000207892      60.809895009
      60.000000000      33.000000000     180.000000000     153.000000000       0.037745711      -0.002209090      -0.000052550       0.000675021       0.000244885       0.000206405       5.854215221
      60.000000000      34.000000000       0.000000000      86.000000000       0.022581077      -0.017760244       0.000007608       0.000468205       0.000299377       0.000117576      78.651012360
      60.000000000      34.000000000      90.000000000     114.489015821       0.026240428       0.012974827      -0.009527798       0.000488246       0.000264892       0.000213045      61.345654596
      60.000000000      34.000000000     180.000000000     154.000000000       0.038416980      -0.001924342      -0.000053562       0.000687495       0.000248815       0.000209867       5.011031703
      60.000000000      35.000000000       0.000000000      85.000000000       0.022893709      -0.017852026       0.000008741       0.000475441       0.000300227       0.000119826      77.977874366
      60.000000000      35.000000000      90.000000000     114.178203960       0.026474502       0.013076364      -0.009871788       0.000493174       0.000267242       0.000218359      61.886885905
      60.000000000      35.000000000     180.000000000     155.000000000       0.039104255      -0.001641480      -0.000054588       0.000700315       0.000253019       0.000213403       4.200022252
      60.000000000      36.000000000       0.000000000      84.000000000       0.023231016      -0.017937744       0.000009895       0.000483131       0.000301049       0.000122252      77.214646878
      60.000000000      36.000000000      90.000000000     113.860330715       0.026719716       0.013182952      -0.010222301       0.000498359       0.000269756       0.000223839      62.432910713
      60.000000000      36.000000000     180.000000000     156.000000000       0.039808046      -0.001360713      -0.000055630       0.000713491       0.000257496       0.000217016       3.421042492
      60.000000000      37.000000000       0.000000000      83.000000000       0.023593826      -0.018017336       0.000011071       0.000491291       0.000301851       0.000124855      76.364636863
      60.000000000      37.000000000      90.000000000     113.535534978       0.026976547       0.013294822      -0.010579699       0.000503814       0.000272445       0.000229490      62.983055624
      60.000000000      37.000000000     180.000000000     157.000000000       0.040528904      -0.001082257      -0.000056689       0.000727033       0.000262244       0.000220710       2.673995216
      60.000000000      38.000000000       0.000000000      82.000000000       0.023983019      -0.018090738       0.000012270       0.000499938       0.000302640       0.000127637      75.431461913
      60.000000000      38.000000000      90.000000000     113.203956389       0.027245508       0.013412217      -0.010944365       0.000509551       0.000275320       0.000235318      63.536652552
      60.000000000      38.000000000     180.000000000     158.000000000       0.041267424      -0.000806333      -0.000057765       0.000740953       0.000267263       0.000224489       1.958929806
      60.000000000      39.000000000       0.000000000      81.000000000       0.024399535      -0.018157888       0.000013493       0.000509090       0.000303423       0.000130603      74.419015213
      60.000000000      39.000000000      90.000000000     112.865735196       0.027527144       0.013535401      -0.011316703       0.000515585       0.000278390       0.000241329      64.093039159
      60.000000000      39.000000000     180.000000000     159.000000000       0.042024251      -0.000533171      -0.000058859       0.000755263       0.000272551       0.000228356       1.276430770
      60.000000000      40.000000000       0.000000000      80.000000000       0.024844368      -0.018218724       0.000014741       0.000518769       0.000304210       0.000133755      73.331429012
      60.000000000      40.000000000      90.000000000     112.521012118       0.027822038       0.013664651      -0.011697145       0.000521930       0.000281669       0.000247529      64.651559248
      60.000000000      40.000000000     180.000000000     160.000000000       0.042800083      -0.000263009      -0.000059972       0.000769978       0.000278106       0.000232316       0.630279507
      60.000000000      41.000000000       0.000000000      79.000000000       0.025318583      -0.018273183       0.000016015       0.000528993       0.000305011       0.000137096      72.173037202
      60.000000000      41.000000000      90.000000000     112.169928217       0.028130814       0.013800267      -0.012086145       0.000528602       0.000285169       0.000253926      65.211563132
      60.000000000      41.000000000     180.000000000     161.000000000       0.043595673       0.000003907      -0.000061106       0.000785111       0.000283927       0.000236373       0.140451727
      60.000000000      42.000000000       0.000000000      78.000000000       0.025823312      -0.018321203       0.000017318       0.000539787       0.000305837       0.000140630      70.948337603
      60.000000000      42.000000000      90.000000000     111.812624777       0.028454140       0.013942568      -0.012484191       0.000535617       0.000288902       0.000260527      65.772407978
      60.000000000      42.000000000     180.000000000     162.000000000       0.044411835       0.000267320      -0.000062261       0.000800680       0.000290013       0.000240531       0.618021666
      60.000000000      43.000000000       0.000000000      77.000000000       0.026359767      -0.018362720       0.000018651       0.000551173       0.000306701       0.000144361      69.661954503
      60.000000000      43.000000000      90.000000000     111.449243191       0.028792729       0.014091894      -0.012891798       0.000542995       0.000292884       0.000267343      66.333458128
      60.000000000      43.000000000     180.000000000     163.000000000       0.045249450       0.000526964      -0.000063438       0.000816700       0.000296364       0.000244796       1.172983204
      60.000000000      44.000000000       0.000000000      76.000000000       0.026929241      -0.018397670       0.000020014       0.000563177       0.000307616       0.000148293      68.318601965
      60.000000000      44.000000000      90.000000000     111.079924852       0.029147347       0.014248613      -0.013309516       0.000550754       0.000297128       0.000274381      66.894085413
      60.000000000      44.000000000     180.000000000     164.000000000       0.046109471       0.000782560      -0.000064639       0.000833192       0.000302980       0.000249174       1.702957332
      60.000000000      45.000000000       0.000000000      75.000000000       0.027533119      -0.018425990       0.000021410       0.000575827       0.000308598       0.000152432      66.923048384
      60.000000000      45.000000000      90.000000000     110.704811055       0.029518813       0.014413116      -0.013737934       0.000558915       0.000301650       0.000281652      67.453669459
      60.000000000      45.000000000     180.000000000     165.000000000       0.046992926       0.001033817      -0.000065864       0.000850175       0.000309861       0.000253670       2.204401351
      60.000000000      46.000000000       0.000000000      74.000000000       0.028172883      -0.018447613       0.000022840       0.000589152       0.000309664       0.000156784      65.480082680
      60.000000000      46.000000000      90.000000000     110.324042898       0.029908010       0.014585823      -0.014177679       0.000567499       0.000306467       0.000289169      68.011598002
      60.000000000      46.000000000     180.000000000     166.000000000       0.047900927       0.001280430      -0.000067116       0.000867671       0.000317009       0.000258290       2.676750193
      60.000000000      47.000000000       0.000000000      73.000000000       0.028850125      -0.018462472       0.000024307       0.000603182       0.000310831       0.000161353      63.994482487
      60.000000000      47.000000000      90.000000000     109.937761204       0.030315880       0.014767187      -0.014629423       0.000576531       0.000311597       0.000296942      68.567267198
      60.000000000      47.000000000     180.000000000     167.000000000       0.048834679       0.001522081      -0.000068394       0.000885704       0.000324425       0.000263041       3.119948157
      60.000000000      48.000000000       0.000000000      72.000000000       0.029566552      -0.018470498       0.000025811       0.000617951       0.000312120       0.000166149      62.470984616
      60.000000000      48.000000000      90.000000000     109.546106430       0.030743442       0.014957692      -0.015093885       0.000586036       0.000317057       0.000304986      69.120081952
      60.000000000      48.000000000     180.000000000     168.000000000       0.049795482       0.001758431      -0.000069701       0.000904300       0.000332112       0.000267931       3.534080402
      60.000000000      49.000000000       0.000000000      71.000000000       0.030324000      -0.018471619       0.000027356       0.000633496       0.000313554       0.000171177      60.914258003
      60.000000000      49.000000000      90.000000000     109.149218605       0.031191787       0.015157860      -0.015571837       0.000596041       0.000322867       0.000313315      69.669456269
      60.000000000      49.000000000     180.000000000     169.000000000       0.050784747       0.001989128      -0.000071039       0.000923488       0.000340074       0.000272967       3.919278761
      60.000000000      50.000000000       0.000000000      70.000000000       0.031124444      -0.018465761       0.000028943       0.000649854       0.000315156       0.000176448      59.328879308
      60.000000000      50.000000000      90.000000000     108.747237251       0.031662093       0.015368253      -0.016064106       0.000606575       0.000329048       0.000321946      70.214813622
      60.000000000      50.000000000     180.000000000     170.000000000       0.051803999       0.002213794      -0.000072408       0.000943298       0.000348316       0.000278157       4.275689504
      60.000000000      51.000000000       0.000000000      69.000000000       0.031970012      -0.018452846       0.000030575       0.000667068       0.000316954       0.000181969      57.719311246
      60.000000000      51.000000000      90.000000000     108.340301333       0.032155629       0.015589476      -0.016571583       0.000617671       0.000335623       0.000330894      70.755587354
      60.000000000      51.000000000     180.000000000     171.000000000       0.052854892       0.002432034      -0.000073810       0.000963762       0.000356843       0.000283510       4.603459894
      60.000000000      52.000000000       0.000000000      68.000000000       0.032863002      -0.018432791       0.000032254       0.000685182       0.000318975       0.000187752      56.089883701
      60.000000000      52.000000000      90.000000000     107.928549195       0.032673762       0.015822182      -0.017095227       0.000629361       0.000342615       0.000340180      71.291221119
      60.000000000      52.000000000     180.000000000     172.000000000       0.053939217       0.002643424      -0.000075248       0.000984918       0.000365663       0.000289037       4.902731639
      60.000000000      53.000000000       0.000000000      67.000000000       0.033805892      -0.018405511       0.000033982       0.000704245       0.000321252       0.000193808      54.444777608
      60.000000000      53.000000000      90.000000000     107.512118518       0.033217970       0.016067076      -0.017636071       0.000641684       0.000350049       0.000349824      71.821169365
      60.000000000      53.000000000     180.000000000     173.000000000       0.055058919       0.002847515      -0.000076722       0.001006805       0.000374784       0.000294748       5.173637261
      60.000000000      54.000000000       0.000000000      66.000000000       0.034801366      -0.018370914       0.000035763       0.000724309       0.000323819       0.000200151      52.788011552
      60.000000000      54.000000000      90.000000000     107.091146270       0.033789852       0.016324921      -0.018195231       0.000654679       0.000357952       0.000359848      72.344897869
      60.000000000      54.000000000     180.000000000     174.000000000       0.056216107       0.003043827      -0.000078234       0.001029467       0.000384216       0.000300654       5.416297824
      60.000000000      55.000000000       0.000000000      65.000000000       0.035852327      -0.018328901       0.000037599       0.000745430       0.000326713       0.000206792      51.123430995
      60.000000000      55.000000000      90.000000000     106.665768674       0.034391136       0.016596540      -0.018773911       0.000668390       0.000366352       0.000370278      72.861884333
      60.000000000      55.000000000     180.000000000     175.000000000       0.057413071       0.003231843      -0.000079787       0.001052949       0.000393970       0.000306768       5.630821366
      60.000000000      56.000000000       0.000000000      64.000000000       0.036961924      -0.018279366       0.000039493       0.000767672       0.000329975       0.000213750      49.454700015
      60.000000000      56.000000000      90.000000000     106.236121171       0.035023694       0.016882826      -0.019373415       0.000682863       0.000375282       0.000381140      73.371619060
      60.000000000      56.000000000     180.000000000     176.000000000       0.058652300       0.003411011      -0.000081383       0.001077304       0.000404061       0.000313102       5.817301696
      60.000000000      57.000000000       0.000000000      63.000000000       0.038133574      -0.018222194       0.000041450       0.000791099       0.000333648       0.000221039      47.785295409
      60.000000000      57.000000000      90.000000000     105.802338394       0.035689558       0.017184749      -0.019995156       0.000698151       0.000384774       0.000392465      73.873605704
      60.000000000      57.000000000     180.000000000     177.000000000       0.059936501       0.003580733      -0.000083023       0.001102588       0.000414503       0.000319672       5.975817411
      60.000000000      58.000000000       0.000000000      62.000000000       0.039370990      -0.018157259       0.000043471       0.000815787       0.000337779       0.000228680      46.118503009
      60.000000000      58.000000000      90.000000000     105.364554146       0.036390931       0.017503359      -0.020640665       0.000714309       0.000394864       0.000404285      74.367362131
      60.000000000      58.000000000     180.000000000     178.000000000       0.061268616       0.003740367      -0.000084710       0.001128863       0.000425314       0.000326494       6.106431015
      60.000000000      59.000000000       0.000000000      61.000000000       0.040678214      -0.018084425       0.000045561       0.000841815       0.000342419       0.000236692      44.457416046
      60.000000000      59.000000000      90.000000000     104.922901380       0.037130208       0.017839799      -0.021311608       0.000731398       0.000405592       0.000416637      74.852421395
      60.000000000      59.000000000     180.000000000     179.000000000       0.062651850       0.003889211      -0.000086446       0.001156198       0.000436515       0.000333585       6.209188093
      60.000000000      60.000000000       0.000000000      60.000000000       0.042059646      -0.018003541       0.000047723       0.000869270       0.000347624       0.000245098      42.804935371
      60.000000000      60.000000000      90.000000000     104.477512186       0.037909990       0.018195309      -0.022009791       0.000749488       0.000417000       0.000429562      75.328332866
      60.000000000      60.000000000     180.000000000     180.000000000       0.064089691       0.004026504      -0.000088232       0.001184667       0.000448129       0.000340965       6.284116495
      60.000000000      61.000000000       0.000000000      59.000000000       0.043520085      -0.017914439       0.000049962       0.000898248       0.000353453       0.000253925      41.163771397
      60.000000000      61.000000000      90.000000000     104.028517782       0.038733110       0.018571241      -0.022737183       0.000768650       0.000429134       0.000443104      75.794663529
      60.000000000      61.000000000     180.000000000     179.000000000       0.065585940       0.004151417      -0.000090072       0.001214354       0.000460181       0.000348653       6.331225478
      60.000000000      62.000000000       0.000000000      58.000000000       0.045064769      -0.017816932       0.000052282       0.000928855       0.000359969       0.000263199      39.536447562
      60.000000000      62.000000000      90.000000000     103.576048509       0.039602653       0.018969067      -0.023495927       0.000788969       0.000442044       0.000457313      76.250999501
      60.000000000      62.000000000     180.000000000     178.000000000       0.067144738       0.004263038      -0.000091967       0.001245349       0.000472700       0.000356674       6.350504774
      60.000000000      63.000000000       0.000000000      57.000000000       0.046699418      -0.017710812       0.000054687       0.000961207       0.000367242       0.000272951      37.925305189
      60.000000000      63.000000000      90.000000000     103.120233826       0.040521977       0.019390391      -0.024288359       0.000810534       0.000455786       0.000472246      76.696947817
      60.000000000      63.000000000     180.000000000     177.000000000       0.068770598       0.004360367      -0.000093920       0.001277755       0.000485722       0.000365052       6.341923552
      60.000000000      64.000000000       0.000000000      56.000000000       0.048430287      -0.017595846       0.000057182       0.000995434       0.000375347       0.000283216      36.332509604
      60.000000000      64.000000000      90.000000000     102.661202316       0.041494742       0.019836960      -0.025117028       0.000833447       0.000470420       0.000487965      77.132138546
      60.000000000      64.000000000     180.000000000     176.000000000       0.070468435       0.004442302      -0.000095932       0.001311685       0.000499283       0.000373817       6.305429202
      60.000000000      65.000000000       0.000000000      55.000000000       0.050264213      -0.017471767       0.000059770       0.001031679       0.000384364       0.000294032      34.760057391
      60.000000000      65.000000000      90.000000000     102.199081690       0.042524936       0.020310680      -0.025984712       0.000857820       0.000486014       0.000504543      77.556227329
      60.000000000      65.000000000     180.000000000     175.000000000       0.072243599       0.004507619      -0.000098004       0.001347265       0.000513426       0.000383000       6.240945889
      60.000000000      66.000000000       0.000000000      54.000000000       0.052208674      -0.017338276       0.000062456       0.001070100       0.000394381       0.000305441      33.209784730
      60.000000000      66.000000000      90.000000000     101.733998795       0.043616901       0.020813626      -0.026894442       0.000883779       0.000502639       0.000522060      77.968898448
      60.000000000      66.000000000     180.000000000     174.000000000       0.074101911       0.004554961      -0.000100139       0.001384636       0.000528201       0.000392636       6.148372796
      60.000000000      67.000000000       0.000000000      53.000000000       0.054271845      -0.017195029       0.000065246       0.001110877       0.000405492       0.000317492      31.683376754
      60.000000000      67.000000000      90.000000000     101.266079624       0.044775362       0.021348059      -0.027849524       0.000911466       0.000520379       0.000540609      78.369868585
      60.000000000      67.000000000     180.000000000     173.000000000       0.076049689       0.004582815      -0.000102336       0.001423959       0.000543661       0.000402766       6.027581934
      60.000000000      68.000000000       0.000000000      52.000000000       0.056462653      -0.017041635       0.000068141       0.001154209       0.000417804       0.000330236      30.182377962
      60.000000000      68.000000000      90.000000000     100.795449334       0.046005446       0.021916435      -0.028853555       0.000941041       0.000539324       0.000560296      78.758891468
      60.000000000      68.000000000     180.000000000     172.000000000       0.078093773       0.004589485      -0.000104595       0.001465414       0.000559870       0.000413433       5.878415380
      60.000000000      69.000000000       0.000000000      51.000000000       0.058790836      -0.016877643       0.000071147       0.001200322       0.000431430       0.000343736      28.708203754
      60.000000000      69.000000000      90.000000000     100.322232261       0.047312708       0.022521416      -0.029910446       0.000972686       0.000559574       0.000581245      79.135763689
      60.000000000      69.000000000     180.000000000     171.000000000       0.080241544       0.004573065      -0.000106914       0.001509204       0.000576900       0.000424690       5.700681741
      60.000000000      70.000000000       0.000000000      50.000000000       0.061266976      -0.016702532       0.000074264       0.001249474       0.000446496       0.000358059      27.262153270
      60.000000000      70.000000000      90.000000000      99.846551940       0.048703136       0.023165875      -0.031024429       0.001006610       0.000581243       0.000603602      79.500332075
      60.000000000      70.000000000     180.000000000     170.000000000       0.082500915       0.004531408      -0.000109292       0.001555567       0.000594830       0.000436595       5.494151555
      60.000000000      71.000000000       0.000000000      49.000000000       0.063902532      -0.016515698       0.000077495       0.001301958       0.000463143       0.000373284      25.845423830
      60.000000000      71.000000000      90.000000000      99.368531127       0.050183143       0.023852898      -0.032200065       0.001043050       0.000604458       0.000627538      79.852503144
      60.000000000      71.000000000     180.000000000     169.000000000       0.084880306       0.004462076      -0.000111721       0.001604772       0.000613754       0.000449218       5.258551239
      60.000000000      72.000000000       0.000000000      48.000000000       0.066709827      -0.016316441       0.000080837       0.001358114       0.000481528       0.000389502      24.459127453
      60.000000000      72.000000000      90.000000000      98.888291823       0.051759536       0.024585764      -0.033442231       0.001082287       0.000629361       0.000653258      80.192255396
      60.000000000      72.000000000     180.000000000     168.000000000       0.087388571       0.004362302      -0.000114194       0.001657138       0.000633778       0.000462639       4.993555032
      60.000000000      73.000000000       0.000000000      47.000000000       0.069701984      -0.016103942       0.000084287       0.001418338       0.000501828       0.000406818      23.104310209
      60.000000000      73.000000000      90.000000000      98.405955301       0.053439438       0.025367916      -0.034756083       0.001124645       0.000656113       0.000681012      80.519655514
      60.000000000      73.000000000     180.000000000     167.000000000       0.090034851       0.004228924      -0.000116698       0.001713040       0.000655022       0.000476955       4.698774127
      60.000000000      74.000000000       0.000000000      46.000000000       0.072892772      -0.015877243       0.000087835       0.001483103       0.000524241       0.000425359      21.781975528
      60.000000000      74.000000000      90.000000000      97.921642135       0.055230143       0.026202893      -0.036146978       0.001170514       0.000684901       0.000711105      80.834880002
      60.000000000      74.000000000     180.000000000     166.000000000       0.092828336       0.004058321      -0.000119213       0.001772928       0.000677626       0.000492283       4.373741828
      60.000000000      75.000000000       0.000000000      45.000000000       0.076296306      -0.015635221       0.000091467       0.001552976       0.000548996       0.000445275      20.493113205
      60.000000000      75.000000000      90.000000000      97.435472226       0.057138871       0.027094222      -0.037620336       0.001220359       0.000715936       0.000743925      81.138244551
      60.000000000      75.000000000     180.000000000     165.000000000       0.095777854       0.003846326      -0.000121713       0.001837355       0.000701751       0.000508769       4.017893050
      60.000000000      76.000000000       0.000000000      44.000000000       0.079926530      -0.015376560       0.000095156       0.001628658       0.000576351       0.000466750      19.238736758
      60.000000000      76.000000000      90.000000000      96.947564839       0.059172358       0.028045224      -0.039181401       0.001274756       0.000749466       0.000779965      81.430244474
      60.000000000      76.000000000     180.000000000     164.000000000       0.098891224       0.003588134      -0.000124159       0.001907013       0.000727580       0.000526596       3.630535686
      60.000000000      77.000000000       0.000000000      43.000000000       0.083796340      -0.015099721       0.000098864       0.001711041       0.000606601       0.000490016      18.019933288
      60.000000000      77.000000000      90.000000000      96.458038631       0.061336206       0.029058718      -0.040834853       0.001334422       0.000785785       0.000819875      81.711611330
      60.000000000      77.000000000     180.000000000     163.000000000       0.102174242       0.003278181      -0.000126495       0.001982795       0.000755327       0.000546004       3.210810308
      60.000000000      78.000000000       0.000000000      42.000000000       0.087916172      -0.014802910       0.000102533       0.001801298       0.000640086       0.000515376      16.837932368
      60.000000000      78.000000000      90.000000000      95.967011691       0.063633853       0.030136543      -0.042584192       0.001400287       0.000825251       0.000864526      81.983393516
      60.000000000      78.000000000     180.000000000     162.000000000       0.105629104       0.002910021      -0.000128646       0.002065892       0.000785235       0.000567312       2.757633567
      60.000000000      79.000000000       0.000000000      41.000000000       0.092291758      -0.014484069       0.000106074       0.001901032       0.000677189       0.000543230      15.694204450
      60.000000000      79.000000000      90.000000000      95.474601570       0.066064981       0.031278811      -0.044430762       0.001473586       0.000868318       0.000915129      82.247072984
      60.000000000      79.000000000     180.000000000     161.000000000       0.109251997       0.002476170      -0.000130500       0.002157955       0.000817582       0.000590959       2.269621187
      60.000000000      80.000000000       0.000000000      40.000000000       0.096920623      -0.014140883       0.000109359       0.002012546       0.000718336       0.000574134      14.590605877
      60.000000000      80.000000000      90.000000000      94.980925322       0.068623064       0.032482762      -0.046372259       0.001556028       0.000915592       0.000973411      82.504737145
      60.000000000      80.000000000     180.000000000     160.000000000       0.113029453       0.001967948      -0.000131901       0.002261370       0.000852679       0.000617565       1.744999210
      60.000000000      81.000000000       0.000000000      39.000000000       0.101786727      -0.013770879       0.000112194       0.002139312       0.000763985       0.000608887      13.529598721
      60.000000000      81.000000000      90.000000000      94.486099541       0.071291680       0.033741031      -0.048400458       0.001650084       0.000967938       0.001041924      82.759336014
      60.000000000      81.000000000     180.000000000     159.000000000       0.116932923       0.001375317      -0.000132627       0.002379748       0.000890860       0.000648032       1.181615343
      60.000000000      82.000000000       0.000000000      38.000000000       0.106852519      -0.013371669       0.000114292       0.002286845       0.000814573       0.000648673      12.514592261
      60.000000000      82.000000000      90.000000000      93.990240398       0.074039089       0.035039087      -0.050497890       0.001759507       0.001026701       0.001124570      83.015071483
      60.000000000      82.000000000     180.000000000     158.000000000       0.120910929       0.000686741      -0.000132358       0.002518815       0.000932449       0.000683709       0.578425792
      60.000000000      83.000000000       0.000000000      37.000000000       0.112047765      -0.012941545       0.000115226       0.002464359       0.000870413       0.000695306      11.550482779
      60.000000000      83.000000000      90.000000000      93.493463685       0.076810690       0.036351655      -0.052633233       0.001890299       0.001094165       0.001227518      83.277988691
      60.000000000      83.000000000     180.000000000     157.000000000       0.124878397      -0.000110913      -0.000130629       0.002688064       0.000977678       0.000726640       0.137224303
      60.000000000      84.000000000       0.000000000      36.000000000       0.117255618      -0.012480762       0.000114347       0.002687967       0.000931411       0.000751622      10.644510281
      60.000000000      84.000000000      90.000000000      92.995884851       0.079519679       0.037638250      -0.054755702       0.002052588       0.001174549       0.001360882      83.556860906
      60.000000000      84.000000000     180.000000000     156.000000000       0.128703974      -0.001032406      -0.000126760       0.002903918       0.001026474       0.000779966       0.808179375
      60.000000000      85.000000000       0.000000000      35.000000000       0.122300319      -0.011994197       0.000110664       0.002986934       0.000996446       0.000822099       9.807584769
      60.000000000      85.000000000      90.000000000      92.497619045       0.082038846       0.038839178      -0.056790434       0.002264378       0.001276215       0.001541811      83.864439954
      60.000000000      85.000000000     180.000000000     155.000000000       0.132200335      -0.002094180      -0.000119748       0.003195793       0.001077955       0.000848496       1.586683690
      60.000000000      86.000000000       0.000000000      34.000000000       0.126951268      -0.011496453       0.000102626       0.003415808       0.001061968       0.000913810       9.056160776
      60.000000000      86.000000000      90.000000000      91.998781159       0.084203107       0.039876591      -0.058641219       0.002559224       0.001416541       0.001800367      84.218964613
      60.000000000      86.000000000     180.000000000     154.000000000       0.135132858      -0.003314864      -0.000108073       0.003617692       0.001129250       0.000939494       2.454343751
      60.000000000      87.000000000       0.000000000      33.000000000       0.130973074      -0.011020138       0.000087692       0.004076874       0.001119435       0.001038306       8.414314939
      60.000000000      87.000000000      90.000000000      91.499485870       0.085841526       0.040670001      -0.060212626       0.003001913       0.001631915       0.002190981      84.645419572
      60.000000000      87.000000000     180.000000000     153.000000000       0.137275731      -0.004717481      -0.000089341       0.004269361       0.001173220       0.001064194       3.437116613
      60.000000000      88.000000000       0.000000000      32.000000000       0.134199904      -0.010622467       0.000060892       0.005154749       0.001156381       0.001221662       7.915536192
      60.000000000      88.000000000      90.000000000      90.999847680       0.086820969       0.041161356      -0.061438716       0.003716440       0.001991595       0.002813850      85.178161645
      60.000000000      88.000000000     180.000000000     152.000000000       0.138488195      -0.006334177      -0.000058893       0.005327884       0.001198912       0.001247163       4.574000304
      60.000000000      89.000000000       0.000000000      31.000000000       0.136086602      -0.010350898      -0.000013369       0.006910952       0.001281697       0.001627463       7.606117238
      60.000000000      89.000000000      90.000000000      90.499980961       0.086735813       0.041197926      -0.062078411       0.004868919       0.002561958       0.003807435      85.898798176
      60.000000000      89.000000000     180.000000000     151.000000000       0.138253348      -0.008184153       0.000018524       0.007033648       0.001306065       0.001647959       5.919692819
