#
# Optical properties to be used by ARTDECO
#
# Used model to obtain that properties is:
 mie3
# Used material is:
 lwat
# Number of phase matrix elements :
           4
# number of wavelengths
           1
#  wlambda(microns)   nteta   Cext (microns^2)       SSA              g 
     0.550000000E+00    901     0.859542345E+03     0.999999468E+00    -0.327680000E+05
# Phase matrix
# lambda =      0.5500
#         u                 F11              F44               F21               F34
    -0.100000000E+01     0.671355589E+00    -0.671355589E+00     0.000000000E+00     0.000000000E+00
    -0.999996426E+00     0.626733277E+00    -0.625405567E+00    -0.188234497E-01    -0.437045940E-02
    -0.999981170E+00     0.478704882E+00    -0.446230326E+00    -0.783225669E-01    -0.189582497E-01
    -0.999953722E+00     0.342871229E+00    -0.186825168E+00    -0.120914633E+00    -0.322541129E-01
    -0.999914078E+00     0.316558922E+00     0.692548542E-01    -0.978826214E-01    -0.332705662E-01
    -0.999862238E+00     0.391978461E+00     0.247711128E+00    -0.135053432E-01    -0.205007456E-01
    -0.999798200E+00     0.480134043E+00     0.313093538E+00     0.837953852E-01    -0.170796383E-02
    -0.999721967E+00     0.498138921E+00     0.278530019E+00     0.144222264E+00     0.130916860E-01
    -0.999633539E+00     0.430515139E+00     0.190633954E+00     0.150748697E+00     0.185462250E-01
    -0.999532918E+00     0.321930290E+00     0.100752462E+00     0.120582820E+00     0.158219703E-01
    -0.999420104E+00     0.228831804E+00     0.411253010E-01     0.832507099E-01     0.974807456E-02
    -0.999295099E+00     0.180116278E+00     0.177618107E-01     0.589612990E-01     0.481102123E-02
    -0.999157904E+00     0.170839559E+00     0.186133194E-01     0.515152231E-01     0.293967503E-02
    -0.999008521E+00     0.179353714E+00     0.271709710E-01     0.540050174E-01     0.362602710E-02
    -0.998846952E+00     0.186561627E+00     0.322406512E-01     0.579219834E-01     0.526971483E-02
    -0.998673199E+00     0.184606648E+00     0.305642482E-01     0.586110440E-01     0.647572112E-02
    -0.998487263E+00     0.175113376E+00     0.242778593E-01     0.557670234E-01     0.668010017E-02
    -0.998289148E+00     0.163272492E+00     0.169950465E-01     0.512734059E-01     0.609944013E-02
    -0.998078856E+00     0.153174212E+00     0.111845364E-01     0.470042016E-01     0.530281629E-02
    -0.997856389E+00     0.146231843E+00     0.750684982E-02     0.438271572E-01     0.475740072E-02
    -0.997621750E+00     0.141865448E+00     0.541886948E-02     0.417016833E-01     0.459821993E-02
    -0.997374941E+00     0.138847972E+00     0.406093701E-02     0.402066347E-01     0.468025442E-02
    -0.997115967E+00     0.136226522E+00     0.282308506E-02     0.389571840E-01     0.478609416E-02
    -0.996844829E+00     0.133570001E+00     0.148138910E-02     0.377479074E-01     0.479987506E-02
    -0.996561531E+00     0.130823577E+00     0.734199905E-04     0.365246721E-01     0.474157727E-02
    -0.996266078E+00     0.128100064E+00    -0.128350637E-02     0.353193630E-01     0.468951210E-02
    -0.995958471E+00     0.125541630E+00    -0.251190895E-02     0.341927510E-01     0.468890526E-02
    -0.995638716E+00     0.123244699E+00    -0.360341808E-02     0.331800983E-01     0.472031235E-02
    -0.995306815E+00     0.121228909E+00    -0.458450923E-02     0.322544704E-01     0.473423445E-02
    -0.994962774E+00     0.119450585E+00    -0.546500777E-02     0.313444322E-01     0.470732904E-02
    -0.994606596E+00     0.117846569E+00    -0.621381187E-02     0.304085007E-01     0.466514358E-02
    -0.994238285E+00     0.116371753E+00    -0.678838355E-02     0.295008683E-01     0.464845852E-02
    -0.993857847E+00     0.115008818E+00    -0.720381370E-02     0.287455888E-01     0.465975386E-02
    -0.993465285E+00     0.113760928E+00    -0.757663847E-02     0.282175281E-01     0.465866010E-02
    -0.993060604E+00     0.112638640E+00    -0.807058905E-02     0.278389609E-01     0.462444448E-02
    -0.992643810E+00     0.111637608E+00    -0.874882482E-02     0.274123161E-01     0.460816382E-02
    -0.992214908E+00     0.110718341E+00    -0.945725077E-02     0.267837239E-01     0.468566600E-02
    -0.991773902E+00     0.109820524E+00    -0.989565946E-02     0.259881224E-01     0.484556075E-02
    -0.991320798E+00     0.108918667E+00    -0.988227880E-02     0.252285406E-01     0.496037270E-02
    -0.990855602E+00     0.108065463E+00    -0.958419700E-02     0.247028572E-01     0.491525890E-02
    -0.990378320E+00     0.107356206E+00    -0.944046269E-02     0.244394049E-01     0.476205038E-02
    -0.989888956E+00     0.106828960E+00    -0.978095928E-02     0.242835721E-01     0.469695379E-02
    -0.989387518E+00     0.106407801E+00    -0.104944984E-01     0.240304677E-01     0.485648685E-02
    -0.988874010E+00     0.105966447E+00    -0.111061393E-01     0.235819801E-01     0.515935291E-02
    -0.988348441E+00     0.105450956E+00    -0.112151740E-01     0.230081026E-01     0.538332066E-02
    -0.987810815E+00     0.104925746E+00    -0.108567685E-01     0.224783164E-01     0.539072773E-02
    -0.987261139E+00     0.104496091E+00    -0.104325193E-01     0.221246261E-01     0.525008926E-02
    -0.986699421E+00     0.104200541E+00    -0.103143573E-01     0.219452902E-01     0.514076643E-02
    -0.986125667E+00     0.103987447E+00    -0.105373671E-01     0.218228943E-01     0.517446062E-02
    -0.985539883E+00     0.103780902E+00    -0.108461905E-01     0.216310035E-01     0.532228431E-02
    -0.984942078E+00     0.103549170E+00    -0.109758645E-01     0.213279076E-01     0.548186909E-02
    -0.984332259E+00     0.103312513E+00    -0.108623048E-01     0.209611915E-01     0.557803263E-02
    -0.983710432E+00     0.103107220E+00    -0.106239678E-01     0.206022525E-01     0.560298832E-02
    -0.983076606E+00     0.102953960E+00    -0.104054815E-01     0.202883670E-01     0.559499392E-02
    -0.982430787E+00     0.102850452E+00    -0.102621180E-01     0.200178825E-01     0.560130363E-02
    -0.981772985E+00     0.102779305E+00    -0.101621567E-01     0.197766252E-01     0.565249538E-02
    -0.981103208E+00     0.102720849E+00    -0.100532994E-01     0.195529177E-01     0.575028253E-02
    -0.980421462E+00     0.102666792E+00    -0.991030437E-02     0.193332653E-01     0.587024939E-02
    -0.979727757E+00     0.102626576E+00    -0.973773455E-02     0.191014330E-01     0.598144676E-02
    -0.979022101E+00     0.102618840E+00    -0.955199803E-02     0.188516260E-01     0.606992418E-02
    -0.978304502E+00     0.102655170E+00    -0.936657283E-02     0.185985560E-01     0.614464807E-02
    -0.977574971E+00     0.102732152E+00    -0.918388642E-02     0.183667170E-01     0.622160924E-02
    -0.976833514E+00     0.102836229E+00    -0.899304815E-02     0.181675293E-01     0.630579822E-02
    -0.976080142E+00     0.102952135E+00    -0.877774926E-02     0.179889772E-01     0.638968600E-02
    -0.975314863E+00     0.103068242E+00    -0.853194720E-02     0.178075611E-01     0.646476863E-02
    -0.974537687E+00     0.103181041E+00    -0.826851562E-02     0.176078177E-01     0.653057613E-02
    -0.973748624E+00     0.103299312E+00    -0.800920649E-02     0.173906597E-01     0.659400696E-02
    -0.972947682E+00     0.103440747E+00    -0.776344060E-02     0.171677984E-01     0.666288473E-02
    -0.972134872E+00     0.103617632E+00    -0.751664521E-02     0.169515945E-01     0.673946382E-02
    -0.971310204E+00     0.103823867E+00    -0.724103155E-02     0.167472873E-01     0.681837056E-02
    -0.970473688E+00     0.104039205E+00    -0.692075966E-02     0.165491336E-01     0.689182554E-02
    -0.969625334E+00     0.104247978E+00    -0.656890148E-02     0.163428138E-01     0.695854853E-02
    -0.968765151E+00     0.104452781E+00    -0.621892955E-02     0.161164950E-01     0.702660245E-02
    -0.967893152E+00     0.104670897E+00    -0.589629667E-02     0.158740532E-01     0.710550833E-02
    -0.967009346E+00     0.104919801E+00    -0.559630892E-02     0.156357391E-01     0.719585959E-02
    -0.966113744E+00     0.105204471E+00    -0.529003320E-02     0.154208713E-01     0.728868504E-02
    -0.965206358E+00     0.105513694E+00    -0.495170553E-02     0.152286477E-01     0.737540882E-02
    -0.964287197E+00     0.105827366E+00    -0.457954956E-02     0.150388306E-01     0.745642337E-02
    -0.963356274E+00     0.106131726E+00    -0.419163580E-02     0.148320604E-01     0.753823572E-02
    -0.962413600E+00     0.106430892E+00    -0.380619825E-02     0.146064121E-01     0.762327721E-02
    -0.961459186E+00     0.106742270E+00    -0.342831595E-02     0.143731680E-01     0.770535202E-02
    -0.960493044E+00     0.107079469E+00    -0.305171060E-02     0.141413581E-01     0.777658062E-02
    -0.959515186E+00     0.107441374E+00    -0.266731980E-02     0.139110965E-01     0.783710395E-02
    -0.958525623E+00     0.107817746E+00    -0.226911729E-02     0.136792259E-01     0.789485102E-02
    -0.957524368E+00     0.108201191E+00    -0.185593947E-02     0.134443732E-01     0.795501579E-02
    -0.956511432E+00     0.108590755E+00    -0.143093479E-02     0.132036828E-01     0.801257123E-02
    -0.955486829E+00     0.108986758E+00    -0.998417875E-03     0.129481972E-01     0.805857734E-02
    -0.954450571E+00     0.109387386E+00    -0.559567367E-03     0.126667092E-01     0.809422128E-02
    -0.953402670E+00     0.109792086E+00    -0.111335314E-03     0.123568468E-01     0.813551025E-02
    -0.952343139E+00     0.110205519E+00     0.349688623E-03     0.120310621E-01     0.820097408E-02
    -0.951271992E+00     0.110634541E+00     0.822591328E-03     0.117075466E-01     0.829495031E-02
    -0.950189240E+00     0.111080802E+00     0.130213989E-02     0.113923827E-01     0.840543720E-02
    -0.949094898E+00     0.111538986E+00     0.178389745E-02     0.110724595E-01     0.851910372E-02
    -0.947988979E+00     0.112004142E+00     0.226872291E-02     0.107300452E-01     0.863617766E-02
    -0.946871496E+00     0.112478376E+00     0.276073349E-02     0.103652421E-01     0.876848017E-02
    -0.945742462E+00     0.112967090E+00     0.326029295E-02     0.100011170E-01     0.892408318E-02
    -0.944601893E+00     0.113470179E+00     0.376084980E-02     0.966469790E-02     0.909773744E-02
    -0.943449801E+00     0.113981653E+00     0.425495317E-02     0.936474445E-02     0.927818075E-02
    -0.942286200E+00     0.114498367E+00     0.474295172E-02     0.909044763E-02     0.946141801E-02
    -0.941111105E+00     0.115024356E+00     0.523346933E-02     0.883009454E-02     0.965147751E-02
    -0.939924530E+00     0.115564107E+00     0.573464616E-02     0.858630867E-02     0.984742712E-02
    -0.938726490E+00     0.116114789E+00     0.624594427E-02     0.837137437E-02     0.100343734E-01
    -0.937516999E+00     0.116668385E+00     0.675851477E-02     0.819170479E-02     0.101906412E-01
    -0.936296072E+00     0.117220395E+00     0.726284192E-02     0.804145102E-02     0.103010189E-01
    -0.935063724E+00     0.117774088E+00     0.775728360E-02     0.790941019E-02     0.103583236E-01
    -0.933819970E+00     0.118336376E+00     0.825149760E-02     0.778534123E-02     0.103531533E-01
    -0.932564825E+00     0.118910593E+00     0.876149513E-02     0.765661489E-02     0.102688778E-01
    -0.931298304E+00     0.119492881E+00     0.929913296E-02     0.750302168E-02     0.100913490E-01
    -0.930020423E+00     0.120075203E+00     0.986532087E-02     0.729953083E-02     0.982209509E-02
    -0.928731197E+00     0.120652849E+00     0.104539704E-01     0.702330204E-02     0.947863101E-02
    -0.927430642E+00     0.121229352E+00     0.110623941E-01     0.665513161E-02     0.908158670E-02
    -0.926118775E+00     0.121813131E+00     0.116969570E-01     0.617483800E-02     0.864408816E-02
    -0.924795610E+00     0.122409952E+00     0.123691118E-01     0.555885650E-02     0.817565027E-02
    -0.923461165E+00     0.123021446E+00     0.130874880E-01     0.478438248E-02     0.769619080E-02
    -0.922115455E+00     0.123651563E+00     0.138533102E-01     0.383604840E-02     0.724520114E-02
    -0.920758496E+00     0.124310749E+00     0.146602531E-01     0.271039935E-02     0.687692539E-02
    -0.919390307E+00     0.125010145E+00     0.154962861E-01     0.141806115E-02     0.664658761E-02
    -0.918010902E+00     0.125752112E+00     0.163466464E-01    -0.153286443E-04     0.660005950E-02
    -0.916620299E+00     0.126528936E+00     0.171978216E-01    -0.155042476E-02     0.677341629E-02
    -0.915218515E+00     0.127331651E+00     0.180403073E-01    -0.313799633E-02     0.719759375E-02
    -0.913805567E+00     0.128159237E+00     0.188673754E-01    -0.472223876E-02     0.789957876E-02
    -0.912381472E+00     0.129018148E+00     0.196702327E-01    -0.624038214E-02     0.889729129E-02
    -0.910946247E+00     0.129911710E+00     0.204335541E-01    -0.761999227E-02     0.101914433E-01
    -0.909499911E+00     0.130828703E+00     0.211356661E-01    -0.877926672E-02     0.117584423E-01
    -0.908042480E+00     0.131742149E+00     0.217540213E-01    -0.963357742E-02     0.135467842E-01
    -0.906573973E+00     0.132620406E+00     0.222721726E-01    -0.101057367E-01     0.154783156E-01
    -0.905094408E+00     0.133440840E+00     0.226836732E-01    -0.101348415E-01     0.174541313E-01
    -0.903603801E+00     0.134194176E+00     0.229916432E-01    -0.968147890E-02     0.193621625E-01
    -0.902102173E+00     0.134877377E+00     0.232059810E-01    -0.873128940E-02     0.210823242E-01
    -0.900589540E+00     0.135483645E+00     0.233407156E-01    -0.729955152E-02     0.224880614E-01
    -0.899065922E+00     0.135999486E+00     0.234131359E-01    -0.543630999E-02     0.234480965E-01
    -0.897531336E+00     0.136411306E+00     0.234452973E-01    -0.322882500E-02     0.238330185E-01
    -0.895985803E+00     0.136715989E+00     0.234669050E-01    -0.799594311E-03     0.235266043E-01
    -0.894429340E+00     0.136927798E+00     0.235171790E-01     0.169818436E-02     0.224378842E-01
    -0.892861966E+00     0.137078160E+00     0.236436562E-01     0.408563118E-02     0.205116896E-01
    -0.891283701E+00     0.137210616E+00     0.238977684E-01     0.616491131E-02     0.177383221E-01
    -0.889694564E+00     0.137375418E+00     0.243289137E-01     0.772953319E-02     0.141614483E-01
    -0.888094575E+00     0.137625853E+00     0.249794391E-01     0.857600444E-02     0.988076086E-02
    -0.886483752E+00     0.138015726E+00     0.258818959E-01     0.851287906E-02     0.504874280E-02
    -0.884862115E+00     0.138597772E+00     0.270578997E-01     0.736870092E-02    -0.134353756E-03
    -0.883229685E+00     0.139424199E+00     0.285173654E-01     0.500539859E-02    -0.542508104E-02
    -0.881586481E+00     0.140548849E+00     0.302584335E-01     0.133851300E-02    -0.105448913E-01
    -0.879932524E+00     0.142026436E+00     0.322687004E-01    -0.364471047E-02    -0.151955236E-01
    -0.878267832E+00     0.143903135E+00     0.345253252E-01    -0.987943417E-02    -0.190780147E-01
    -0.876592427E+00     0.146198637E+00     0.369900427E-01    -0.172287921E-01    -0.219079003E-01
    -0.874906330E+00     0.148890102E+00     0.396005762E-01    -0.254908499E-01    -0.234249542E-01
    -0.873209560E+00     0.151912427E+00     0.422678111E-01    -0.344006665E-01    -0.234040207E-01
    -0.871502138E+00     0.155177723E+00     0.448867806E-01    -0.436326543E-01    -0.216736093E-01
    -0.869784086E+00     0.158597600E+00     0.473566022E-01    -0.528123833E-01    -0.181397937E-01
    -0.868055424E+00     0.162086502E+00     0.495933284E-01    -0.615382220E-01    -0.128046455E-01
    -0.866316173E+00     0.165542778E+00     0.515247108E-01    -0.694037580E-01    -0.577049512E-02
    -0.864566355E+00     0.168828232E+00     0.530741882E-01    -0.760142855E-01     0.276843719E-02
    -0.862805990E+00     0.171770115E+00     0.541541397E-01    -0.810009374E-01     0.125379512E-01
    -0.861035101E+00     0.174188786E+00     0.546810216E-01    -0.840403609E-01     0.231925038E-01
    -0.859253708E+00     0.175931631E+00     0.546032821E-01    -0.848808005E-01     0.343220315E-01
    -0.857461835E+00     0.176890160E+00     0.539185769E-01    -0.833661630E-01     0.454631826E-01
    -0.855659501E+00     0.176993920E+00     0.526656309E-01    -0.794490787E-01     0.561187887E-01
    -0.853846730E+00     0.176195798E+00     0.509002233E-01    -0.731916558E-01     0.657845399E-01
    -0.852023544E+00     0.174469350E+00     0.486794472E-01    -0.647594880E-01     0.739787080E-01
    -0.850189965E+00     0.171824605E+00     0.460688337E-01    -0.544151549E-01     0.802693363E-01
    -0.848346015E+00     0.168328730E+00     0.431634606E-01    -0.425133606E-01     0.842940947E-01
    -0.846491716E+00     0.164112123E+00     0.400997678E-01    -0.294946040E-01     0.857721264E-01
    -0.844627092E+00     0.159354488E+00     0.370430589E-01    -0.158721103E-01     0.845124086E-01
    -0.842752164E+00     0.154265015E+00     0.341590929E-01    -0.220986332E-02     0.804245356E-01
    -0.840866957E+00     0.149074326E+00     0.315933423E-01     0.109056433E-01     0.735322433E-01
    -0.838971493E+00     0.144038122E+00     0.294716937E-01     0.228954353E-01     0.639807935E-01
    -0.837065794E+00     0.139435149E+00     0.279127802E-01     0.332152557E-01     0.520275887E-01
    -0.835149885E+00     0.135548739E+00     0.270325446E-01     0.413752277E-01     0.380177501E-01
    -0.833223789E+00     0.132643261E+00     0.269351355E-01     0.469506121E-01     0.223610554E-01
    -0.831287528E+00     0.130953753E+00     0.277006986E-01     0.495898919E-01     0.552378225E-02
    -0.829341128E+00     0.130689168E+00     0.293799448E-01     0.490293117E-01    -0.119717709E-01
    -0.827384611E+00     0.132031880E+00     0.319932056E-01     0.451134657E-01    -0.295616765E-01
    -0.825418001E+00     0.135122767E+00     0.355273586E-01     0.378084860E-01    -0.466781296E-01
    -0.823441323E+00     0.140042056E+00     0.399322202E-01     0.271957723E-01    -0.627931517E-01
    -0.821454600E+00     0.146802404E+00     0.451244100E-01     0.134516977E-01    -0.774414799E-01
    -0.819457857E+00     0.155355520E+00     0.510002622E-01    -0.316826464E-02    -0.902169562E-01
    -0.817451117E+00     0.165600029E+00     0.574484427E-01    -0.223310822E-01    -0.100764182E+00
    -0.815434407E+00     0.177383516E+00     0.643526848E-01    -0.436239454E-01    -0.108788683E+00
    -0.813407749E+00     0.190504502E+00     0.715858008E-01    -0.665666778E-01    -0.114083252E+00
    -0.811371170E+00     0.204721116E+00     0.790044130E-01    -0.906431006E-01    -0.116546513E+00
    -0.809324693E+00     0.219763756E+00     0.864518235E-01    -0.115336395E+00    -0.116176799E+00
    -0.807268344E+00     0.235345090E+00     0.937691010E-01    -0.140150339E+00    -0.113049511E+00
    -0.805202147E+00     0.251166401E+00     0.100808609E+00    -0.164612670E+00    -0.107299095E+00
    -0.803126129E+00     0.266923187E+00     0.107442209E+00    -0.188271792E+00    -0.991156571E-01
    -0.801040314E+00     0.282310536E+00     0.113560068E+00    -0.210699749E+00    -0.887478220E-01
    -0.798944727E+00     0.297027994E+00     0.119064559E+00    -0.231505324E+00    -0.764985704E-01
    -0.796839395E+00     0.310787859E+00     0.123868511E+00    -0.250352286E+00    -0.627104213E-01
    -0.794724343E+00     0.323330832E+00     0.127900822E+00    -0.266975401E+00    -0.477460160E-01
    -0.792599596E+00     0.334443888E+00     0.131112332E+00    -0.281188752E+00    -0.319703897E-01
    -0.790465181E+00     0.343967663E+00     0.133474814E+00    -0.292883528E+00    -0.157366746E-01
    -0.788321124E+00     0.351787128E+00     0.134975905E+00    -0.302015563E+00     0.624442523E-03
    -0.786167451E+00     0.357815069E+00     0.135618121E+00    -0.308587582E+00     0.168096838E-01
    -0.784004188E+00     0.361984555E+00     0.135422897E+00    -0.312635291E+00     0.325416971E-01
    -0.781831362E+00     0.364256196E+00     0.134431261E+00    -0.314225742E+00     0.475652595E-01
    -0.779648998E+00     0.364631016E+00     0.132695427E+00    -0.313467858E+00     0.616494125E-01
    -0.777457124E+00     0.363156714E+00     0.130267676E+00    -0.310522970E+00     0.746001742E-01
    -0.775255767E+00     0.359923044E+00     0.127198247E+00    -0.305599272E+00     0.862769393E-01
    -0.773044953E+00     0.355049428E+00     0.123544594E+00    -0.298926782E+00     0.965973812E-01
    -0.770824709E+00     0.348670074E+00     0.119381077E+00    -0.290729026E+00     0.105523024E+00
    -0.768595062E+00     0.340922683E+00     0.114796851E+00    -0.281212701E+00     0.113036280E+00
    -0.766356040E+00     0.331946322E+00     0.109881489E+00    -0.270579276E+00     0.119128965E+00
    -0.764107670E+00     0.321887694E+00     0.104709692E+00    -0.259040883E+00     0.123810373E+00
    -0.761849979E+00     0.310907145E+00     0.993372389E-01    -0.246820475E+00     0.127123210E+00
    -0.759582994E+00     0.299176279E+00     0.938109974E-01    -0.234134310E+00     0.129149327E+00
    -0.757306744E+00     0.286867738E+00     0.881841402E-01    -0.221172919E+00     0.129998099E+00
    -0.755021257E+00     0.274144005E+00     0.825226060E-01    -0.208096038E+00     0.129785727E+00
    -0.752726559E+00     0.261150878E+00     0.768958817E-01    -0.195041105E+00     0.128620528E+00
    -0.750422679E+00     0.248017517E+00     0.713602275E-01    -0.182133248E+00     0.126603061E+00
    -0.748109646E+00     0.234861864E+00     0.659506165E-01    -0.169488120E+00     0.123836075E+00
    -0.745787487E+00     0.221796587E+00     0.606883840E-01    -0.157208680E+00     0.120430771E+00
    -0.743456231E+00     0.208929115E+00     0.555945794E-01    -0.145380457E+00     0.116501726E+00
    -0.741115906E+00     0.196354586E+00     0.506946144E-01    -0.134068124E+00     0.112156630E+00
    -0.738766540E+00     0.184148957E+00     0.460123010E-01    -0.123315678E+00     0.107492099E+00
    -0.736408163E+00     0.172369917E+00     0.415634268E-01    -0.113151495E+00     0.102597802E+00
    -0.734040803E+00     0.161064260E+00     0.373563351E-01    -0.103595126E+00     0.975605517E-01
    -0.731664489E+00     0.150273582E+00     0.333964743E-01    -0.946600932E-01     0.924613494E-01
    -0.729279250E+00     0.140033393E+00     0.296883065E-01    -0.863516931E-01     0.873682696E-01
    -0.726885115E+00     0.130368365E+00     0.262332270E-01    -0.786648689E-01     0.823331939E-01
    -0.724482113E+00     0.121289669E+00     0.230270601E-01    -0.715860901E-01     0.773960215E-01
    -0.722070274E+00     0.112797284E+00     0.200602302E-01    -0.650968444E-01     0.725925624E-01
    -0.719649627E+00     0.104884993E+00     0.173208605E-01    -0.591745433E-01     0.679590555E-01
    -0.717220202E+00     0.975439397E-01     0.147990698E-01    -0.537917643E-01     0.635293814E-01
    -0.714782027E+00     0.907631629E-01     0.124895948E-01    -0.489183028E-01     0.593281290E-01
    -0.712335134E+00     0.845287453E-01     0.103901397E-01    -0.445261073E-01     0.553672587E-01
    -0.709879551E+00     0.788232893E-01     0.849597631E-02    -0.405910929E-01     0.516505212E-01
    -0.707415310E+00     0.736257933E-01     0.679521925E-02    -0.370883183E-01     0.481810142E-01
    -0.704942438E+00     0.689116070E-01     0.526929587E-02    -0.339859319E-01     0.449635837E-01
    -0.702460968E+00     0.646531273E-01     0.389871890E-02    -0.312459860E-01     0.420001694E-01
    -0.699970929E+00     0.608218560E-01     0.266975363E-02    -0.288322513E-01     0.392847504E-01
    -0.697472352E+00     0.573908177E-01     0.157696524E-02    -0.267170326E-01     0.368045928E-01
    -0.694965267E+00     0.543353771E-01     0.619897112E-03    -0.248806739E-01     0.345466806E-01
    -0.692449704E+00     0.516318451E-01    -0.203582618E-03    -0.233053902E-01     0.325025418E-01
    -0.689925695E+00     0.492554936E-01    -0.902420290E-03    -0.219695889E-01     0.306670646E-01
    -0.687393270E+00     0.471802639E-01    -0.149219135E-02    -0.208470802E-01     0.290333967E-01
    -0.684852459E+00     0.453808155E-01    -0.198948850E-02    -0.199113536E-01     0.275894391E-01
    -0.682303295E+00     0.438351739E-01    -0.240497747E-02    -0.191414706E-01     0.263191367E-01
    -0.679745808E+00     0.425253716E-01    -0.274084868E-02    -0.185243843E-01     0.252068695E-01
    -0.677180029E+00     0.414351217E-01    -0.299529305E-02    -0.180507825E-01     0.242405711E-01
    -0.674605990E+00     0.405464297E-01    -0.317038120E-02    -0.177079177E-01     0.234109013E-01
    -0.672023722E+00     0.398386220E-01    -0.327590905E-02    -0.174772580E-01     0.227079821E-01
    -0.669433257E+00     0.392914629E-01    -0.332504033E-02    -0.173405112E-01     0.221196451E-01
    -0.666834625E+00     0.388895902E-01    -0.332576341E-02    -0.172877273E-01     0.216331651E-01
    -0.664227859E+00     0.386231475E-01    -0.327695385E-02    -0.173176222E-01     0.212382877E-01
    -0.661612991E+00     0.384831863E-01    -0.317336854E-02    -0.174287716E-01     0.209278502E-01
    -0.658990052E+00     0.384567850E-01    -0.301440617E-02    -0.176113415E-01     0.206951708E-01
    -0.656359075E+00     0.385277112E-01    -0.280744544E-02    -0.178487250E-01     0.205312537E-01
    -0.653720092E+00     0.386818443E-01    -0.256273610E-02    -0.181269415E-01     0.204251594E-01
    -0.651073134E+00     0.389108176E-01    -0.228603227E-02    -0.184411923E-01     0.203671366E-01
    -0.648418234E+00     0.392102071E-01    -0.197667282E-02    -0.187933758E-01     0.203508999E-01
    -0.645755425E+00     0.395755709E-01    -0.163166803E-02    -0.191848610E-01     0.203726747E-01
    -0.643084738E+00     0.400005760E-01    -0.125024470E-02    -0.196121591E-01     0.204282217E-01
    -0.640406207E+00     0.404766891E-01    -0.834948948E-03    -0.200674957E-01     0.205106280E-01
    -0.637719864E+00     0.409928465E-01    -0.390250796E-03    -0.205414741E-01     0.206107303E-01
    -0.635025743E+00     0.415372146E-01     0.793146347E-04    -0.210262185E-01     0.207202679E-01
    -0.632323875E+00     0.421025416E-01     0.571118553E-03    -0.215187573E-01     0.208355001E-01
    -0.629614293E+00     0.426899929E-01     0.108589703E-02    -0.220219078E-01     0.209573961E-01
    -0.626897032E+00     0.433046503E-01     0.162650475E-02    -0.225394396E-01     0.210868230E-01
    -0.624172124E+00     0.439449951E-01     0.219345807E-02    -0.230685034E-01     0.212187941E-01
    -0.621439601E+00     0.445979106E-01     0.278135633E-02    -0.235979291E-01     0.213422012E-01
    -0.618699499E+00     0.452463424E-01     0.338120547E-02    -0.241161358E-01     0.214462075E-01
    -0.615951849E+00     0.458822685E-01     0.398760241E-02    -0.246207238E-01     0.215270444E-01
    -0.613196686E+00     0.465108814E-01     0.460322415E-02    -0.251183585E-01     0.215883846E-01
    -0.610434042E+00     0.471414500E-01     0.523494649E-02    -0.256143958E-01     0.216352218E-01
    -0.607663953E+00     0.477744482E-01     0.588503364E-02    -0.261039086E-01     0.216671273E-01
    -0.604886451E+00     0.483974021E-01     0.654672922E-02    -0.265740225E-01     0.216764318E-01
    -0.602101571E+00     0.489925293E-01     0.720921143E-02    -0.270144434E-01     0.216523232E-01
    -0.599309346E+00     0.495486437E-01     0.786683782E-02    -0.274246620E-01     0.215874425E-01
    -0.596509810E+00     0.500670355E-01     0.852284131E-02    -0.278109204E-01     0.214819710E-01
    -0.593702999E+00     0.505568472E-01     0.918342375E-02    -0.281769133E-01     0.213421947E-01
    -0.590888945E+00     0.510243683E-01     0.984833834E-02    -0.285178025E-01     0.211745453E-01
    -0.588067683E+00     0.514654087E-01     0.105077677E-01    -0.288228877E-01     0.209793149E-01
    -0.585239248E+00     0.518668598E-01     0.111488886E-01    -0.290835240E-01     0.207487985E-01
    -0.582403674E+00     0.522156533E-01     0.117657305E-01    -0.292984204E-01     0.204719707E-01
    -0.579560995E+00     0.525071820E-01     0.123625974E-01    -0.294718185E-01     0.201426754E-01
    -0.576711247E+00     0.527458040E-01     0.129476282E-01    -0.296070037E-01     0.197643856E-01
    -0.573854464E+00     0.529372294E-01     0.135226819E-01    -0.297014597E-01     0.193468048E-01
    -0.570990682E+00     0.530805018E-01     0.140790930E-01    -0.297478917E-01     0.188973396E-01
    -0.568119934E+00     0.531678412E-01     0.146028486E-01    -0.297397976E-01     0.184156858E-01
    -0.565242256E+00     0.531920708E-01     0.150837738E-01    -0.296761024E-01     0.178960412E-01
    -0.562357683E+00     0.531528566E-01     0.155203817E-01    -0.295601583E-01     0.173334321E-01
    -0.559466250E+00     0.530548642E-01     0.159172409E-01    -0.293940304E-01     0.167278882E-01
    -0.556567993E+00     0.529006751E-01     0.162785708E-01    -0.291744829E-01     0.160841406E-01
    -0.553662947E+00     0.526866620E-01     0.166035221E-01    -0.288957736E-01     0.154085721E-01
    -0.550751146E+00     0.524057738E-01     0.168856838E-01    -0.285563355E-01     0.147058854E-01
    -0.547832628E+00     0.520539919E-01     0.171163100E-01    -0.281610972E-01     0.139774796E-01
    -0.544907427E+00     0.516343677E-01     0.172891725E-01    -0.277160783E-01     0.132228823E-01
    -0.541975580E+00     0.511548630E-01     0.174037832E-01    -0.272214870E-01     0.124434605E-01
    -0.539037121E+00     0.506214946E-01     0.174639968E-01    -0.266717598E-01     0.116450068E-01
    -0.536092087E+00     0.500331730E-01     0.174725849E-01    -0.260628010E-01     0.108360548E-01
    -0.533140513E+00     0.493839974E-01     0.174268932E-01    -0.253980516E-01     0.100228676E-01
    -0.530182436E+00     0.486712608E-01     0.173204311E-01    -0.246864140E-01     0.920610725E-02
    -0.527217892E+00     0.479005749E-01     0.171490050E-01    -0.239346902E-01     0.838331578E-02
    -0.524246916E+00     0.470822998E-01     0.169146070E-01    -0.231433863E-01     0.755550505E-02
    -0.521269546E+00     0.462234204E-01     0.166227554E-01    -0.223103013E-01     0.673125207E-02
    -0.518285817E+00     0.453241018E-01     0.162767545E-01    -0.214370581E-01     0.592358286E-02
    -0.515295766E+00     0.443822920E-01     0.158756699E-01    -0.205308657E-01     0.514236059E-02
    -0.512299430E+00     0.434003790E-01     0.154175614E-01    -0.196001629E-01     0.438976695E-02
    -0.509296844E+00     0.423862335E-01     0.149029723E-01    -0.186498563E-01     0.366301105E-02
    -0.506288046E+00     0.413484711E-01     0.143346526E-01    -0.176812323E-01     0.296083184E-02
    -0.503273071E+00     0.402927267E-01     0.137156640E-01    -0.166956180E-01     0.228751551E-02
    -0.500251958E+00     0.392231999E-01     0.130495969E-01    -0.156976958E-01     0.165187884E-02
    -0.497224743E+00     0.381456391E-01     0.123418449E-01    -0.146961291E-01     0.106312713E-02
    -0.494191462E+00     0.370663196E-01     0.115984164E-01    -0.137013890E-01     0.526746575E-03
    -0.491152153E+00     0.359887684E-01     0.108230023E-01    -0.127216575E-01     0.430584481E-04
    -0.488106853E+00     0.349144751E-01     0.100168303E-01    -0.117595620E-01    -0.390195180E-03
    -0.485055599E+00     0.338479678E-01     0.918258823E-02    -0.108136415E-01    -0.772978867E-03
    -0.481998428E+00     0.327990481E-01     0.832773438E-02    -0.988445682E-02    -0.110065307E-02
    -0.478935377E+00     0.317778059E-01     0.746249013E-02    -0.897913615E-02    -0.136724665E-02
    -0.475866485E+00     0.307882824E-01     0.659429085E-02    -0.810892689E-02    -0.157090347E-02
    -0.472791787E+00     0.298295464E-01     0.572520406E-02    -0.728250480E-02    -0.171499282E-02
    -0.469711323E+00     0.289032315E-01     0.485554192E-02    -0.650260625E-02    -0.180353299E-02
    -0.466625128E+00     0.280173145E-01     0.398951954E-02    -0.576888162E-02    -0.183674860E-02
    -0.463533242E+00     0.271806466E-01     0.313656080E-02    -0.508265709E-02    -0.181224954E-02
    -0.460435701E+00     0.263955730E-01     0.230729618E-02    -0.444833440E-02    -0.172989252E-02
    -0.457332544E+00     0.256588621E-01     0.150915407E-02    -0.387087370E-02    -0.159379097E-02
    -0.454223809E+00     0.249696778E-01     0.745648884E-03    -0.335279553E-02    -0.140914601E-02
    -0.451109532E+00     0.243335911E-01     0.184364539E-04    -0.289386194E-02    -0.117858257E-02
    -0.447989753E+00     0.237573878E-01    -0.670780249E-03    -0.249342321E-02    -0.903020728E-03
    -0.444864509E+00     0.232421433E-01    -0.131921552E-02    -0.215261731E-02    -0.585827857E-03
    -0.441733839E+00     0.227837289E-01    -0.192229348E-02    -0.187379068E-02    -0.234743713E-03
    -0.438597780E+00     0.223792649E-01    -0.247407536E-02    -0.165776802E-02     0.141039131E-03
    -0.435456371E+00     0.220306297E-01    -0.296962171E-02    -0.150239264E-02     0.535387263E-03
    -0.432309650E+00     0.217409950E-01    -0.340739505E-02    -0.140421966E-02     0.946316613E-03
    -0.429157656E+00     0.215093176E-01    -0.378879014E-02    -0.136105430E-02     0.137268999E-02
    -0.426000427E+00     0.213293917E-01    -0.411508524E-02    -0.137197962E-02     0.181039521E-02
    -0.422838001E+00     0.211941560E-01    -0.438547152E-02    -0.143496622E-02     0.225188851E-02
    -0.419670418E+00     0.211003509E-01    -0.459854329E-02    -0.154513745E-02     0.268870256E-02
    -0.416497715E+00     0.210487684E-01    -0.475523840E-02    -0.169572923E-02     0.311367835E-02
    -0.413319932E+00     0.210400892E-01    -0.485938945E-02    -0.188080511E-02     0.352131922E-02
    -0.410137107E+00     0.210707694E-01    -0.491506730E-02    -0.209720809E-02     0.390741107E-02
    -0.406949279E+00     0.211331756E-01    -0.492401437E-02    -0.234389245E-02     0.426890905E-02
    -0.403756487E+00     0.212193461E-01    -0.488657964E-02    -0.261898199E-02     0.460342417E-02
    -0.400558770E+00     0.213239802E-01    -0.480524586E-02    -0.291722273E-02     0.490804976E-02
    -0.397356167E+00     0.214441163E-01    -0.468627790E-02    -0.323052232E-02     0.517898812E-02
    -0.394148716E+00     0.215772877E-01    -0.453712786E-02    -0.355105596E-02     0.541282279E-02
    -0.390936458E+00     0.217205463E-01    -0.436271079E-02    -0.387339788E-02     0.560774480E-02
    -0.387719431E+00     0.218699781E-01    -0.416519132E-02    -0.419365334E-02     0.576285812E-02
    -0.384497675E+00     0.220198078E-01    -0.394731130E-02    -0.450794564E-02     0.587661152E-02
    -0.381271228E+00     0.221626670E-01    -0.371485688E-02    -0.481328272E-02     0.594696966E-02
    -0.378040131E+00     0.222926770E-01    -0.347534108E-02    -0.510922007E-02     0.597350591E-02
    -0.374804422E+00     0.224088129E-01    -0.323482264E-02    -0.539603856E-02     0.595863834E-02
    -0.371564141E+00     0.225137462E-01    -0.299664103E-02    -0.566993546E-02     0.590617571E-02
    -0.368319328E+00     0.226081115E-01    -0.276309034E-02    -0.592184478E-02     0.581893478E-02
    -0.365070022E+00     0.226865867E-01    -0.253768483E-02    -0.614358736E-02     0.569824753E-02
    -0.361816262E+00     0.227408937E-01    -0.232554466E-02    -0.633504588E-02     0.554532465E-02
    -0.358558090E+00     0.227665571E-01    -0.213199651E-02    -0.650305031E-02     0.536215819E-02
    -0.355295543E+00     0.227658395E-01    -0.196121354E-02    -0.665262714E-02     0.515121553E-02
    -0.352028662E+00     0.227442484E-01    -0.181582805E-02    -0.678130528E-02     0.491554942E-02
    -0.348757488E+00     0.227051468E-01    -0.169697443E-02    -0.688303836E-02     0.465989247E-02
    -0.345482059E+00     0.226476235E-01    -0.160450886E-02    -0.695566522E-02     0.439063530E-02
    -0.342202416E+00     0.225682182E-01    -0.153801986E-02    -0.700235796E-02     0.411336861E-02
    -0.338918598E+00     0.224640613E-01    -0.149835296E-02    -0.702695612E-02     0.383052815E-02
    -0.335630647E+00     0.223353540E-01    -0.148789138E-02    -0.703081466E-02     0.354259555E-02
    -0.332338601E+00     0.221860616E-01    -0.150872017E-02    -0.701463316E-02     0.325196239E-02
    -0.329042501E+00     0.220221984E-01    -0.156040745E-02    -0.698092571E-02     0.296465116E-02
    -0.325742388E+00     0.218485019E-01    -0.163979345E-02    -0.693310714E-02     0.268739682E-02
    -0.322438301E+00     0.216661177E-01    -0.174287961E-02    -0.687324121E-02     0.242345890E-02
    -0.319130281E+00     0.214735399E-01    -0.186671737E-02    -0.680212827E-02     0.217222998E-02
    -0.315818368E+00     0.212699395E-01    -0.200967803E-02    -0.672120181E-02     0.193299584E-02
    -0.312502602E+00     0.210574264E-01    -0.217049104E-02    -0.663319270E-02     0.170824317E-02
    -0.309183025E+00     0.208401496E-01    -0.234731142E-02    -0.654104994E-02     0.150283780E-02
    -0.305859676E+00     0.206219947E-01    -0.253733996E-02    -0.644730897E-02     0.132054072E-02
    -0.302532596E+00     0.204058288E-01    -0.273685153E-02    -0.635482727E-02     0.116205446E-02
    -0.299201826E+00     0.201942172E-01    -0.294170176E-02    -0.626707141E-02     0.102615885E-02
    -0.295867406E+00     0.199892173E-01    -0.314838161E-02    -0.618643676E-02     0.911536212E-03
    -0.292529377E+00     0.197910336E-01    -0.335482643E-02    -0.611231848E-02     0.816927745E-03
    -0.289187780E+00     0.195982828E-01    -0.355986519E-02    -0.604219732E-02     0.740612527E-03
    -0.285842655E+00     0.194109361E-01    -0.376161426E-02    -0.597574055E-02     0.681279959E-03
    -0.282494043E+00     0.192326000E-01    -0.395669119E-02    -0.591735892E-02     0.639432121E-03
    -0.279141986E+00     0.190684880E-01    -0.414137262E-02    -0.587347501E-02     0.616607245E-03
    -0.275786523E+00     0.189207267E-01    -0.431341431E-02    -0.584702170E-02     0.612560727E-03
    -0.272427697E+00     0.187866833E-01    -0.447243892E-02    -0.583524445E-02     0.623864377E-03
    -0.269065547E+00     0.186627366E-01    -0.461865548E-02    -0.583279140E-02     0.645782728E-03
    -0.265700115E+00     0.185489122E-01    -0.475160128E-02    -0.583615614E-02     0.674992282E-03
    -0.262331442E+00     0.184484217E-01    -0.487019118E-02    -0.584540618E-02     0.710069735E-03
    -0.258959569E+00     0.183628190E-01    -0.497353261E-02    -0.586319996E-02     0.750155200E-03
    -0.255584537E+00     0.182894989E-01    -0.506126325E-02    -0.589287775E-02     0.794185280E-03
    -0.252206387E+00     0.182251388E-01    -0.513327286E-02    -0.593621904E-02     0.841175205E-03
    -0.248825161E+00     0.181703661E-01    -0.518971905E-02    -0.599146570E-02     0.890142051E-03
    -0.245440900E+00     0.181289336E-01    -0.523160609E-02    -0.605362036E-02     0.939390548E-03
    -0.242053645E+00     0.181020493E-01    -0.526089606E-02    -0.611785348E-02     0.986487877E-03
    -0.238663437E+00     0.180852403E-01    -0.527937240E-02    -0.618304120E-02     0.102934803E-02
    -0.235270318E+00     0.180719821E-01    -0.528726490E-02    -0.625144145E-02     0.106702372E-02
    -0.231874329E+00     0.180595877E-01    -0.528349588E-02    -0.632483362E-02     0.109918874E-02
    -0.228475511E+00     0.180503218E-01    -0.526777412E-02    -0.640183877E-02     0.112532531E-02
    -0.225073907E+00     0.180473677E-01    -0.524237645E-02    -0.647945903E-02     0.114502083E-02
    -0.221669557E+00     0.180514736E-01    -0.521139345E-02    -0.655622841E-02     0.115879601E-02
    -0.218262503E+00     0.180616266E-01    -0.517793162E-02    -0.663263938E-02     0.116769828E-02
    -0.214852787E+00     0.180767392E-01    -0.514216131E-02    -0.670893847E-02     0.117164710E-02
    -0.211440450E+00     0.180948795E-01    -0.510222791E-02    -0.678408211E-02     0.116874288E-02
    -0.208025533E+00     0.181119633E-01    -0.505692334E-02    -0.685713006E-02     0.115696539E-02
    -0.204608079E+00     0.181238337E-01    -0.500733683E-02    -0.692810764E-02     0.113668655E-02
    -0.201188129E+00     0.181306188E-01    -0.495616360E-02    -0.699651547E-02     0.111114680E-02
    -0.197765726E+00     0.181376760E-01    -0.490588339E-02    -0.706022919E-02     0.108411447E-02
    -0.194340909E+00     0.181506940E-01    -0.485775323E-02    -0.711754284E-02     0.105685951E-02
    -0.190913722E+00     0.181698423E-01    -0.481210349E-02    -0.716997288E-02     0.102722780E-02
    -0.187484207E+00     0.181895508E-01    -0.476884035E-02    -0.722145037E-02     0.991676589E-03
    -0.184052404E+00     0.182042318E-01    -0.472726473E-02    -0.727436066E-02     0.948626778E-03
    -0.180618356E+00     0.182136269E-01    -0.468586734E-02    -0.732728885E-02     0.900424679E-03
    -0.177182105E+00     0.182221493E-01    -0.464329801E-02    -0.737677152E-02     0.852282715E-03
    -0.173743693E+00     0.182335567E-01    -0.460010614E-02    -0.742024869E-02     0.808917693E-03
    -0.170303161E+00     0.182474117E-01    -0.455915570E-02    -0.745722597E-02     0.771368143E-03
    -0.166860552E+00     0.182611271E-01    -0.452350539E-02    -0.748914032E-02     0.736330708E-03
    -0.163415907E+00     0.182742859E-01    -0.449340795E-02    -0.751919132E-02     0.698618673E-03
    -0.159969269E+00     0.182893758E-01    -0.446549240E-02    -0.755117851E-02     0.655241826E-03
    -0.156520680E+00     0.183082579E-01    -0.443521548E-02    -0.758658435E-02     0.608246398E-03
    -0.153070182E+00     0.183294889E-01    -0.440034287E-02    -0.762257960E-02     0.563844779E-03
    -0.149617816E+00     0.183502518E-01    -0.436222742E-02    -0.765434152E-02     0.527983450E-03
    -0.146163625E+00     0.183703593E-01    -0.432403054E-02    -0.768017531E-02     0.501771068E-03
    -0.142707652E+00     0.183932326E-01    -0.428798437E-02    -0.770355582E-02     0.480819870E-03
    -0.139249937E+00     0.184227325E-01    -0.425411857E-02    -0.772925438E-02     0.459160644E-03
    -0.135790524E+00     0.184594760E-01    -0.422075397E-02    -0.775807879E-02     0.434084039E-03
    -0.132329454E+00     0.185004109E-01    -0.418540928E-02    -0.778663440E-02     0.407618651E-03
    -0.128866771E+00     0.185418397E-01    -0.414534408E-02    -0.781207212E-02     0.383955789E-03
    -0.125402515E+00     0.185828786E-01    -0.409836594E-02    -0.783556520E-02     0.365862788E-03
    -0.121936730E+00     0.186261968E-01    -0.404432721E-02    -0.786043462E-02     0.353231648E-03
    -0.118469457E+00     0.186756382E-01    -0.398599264E-02    -0.788797366E-02     0.344127264E-03
    -0.115000739E+00     0.187331817E-01    -0.392745661E-02    -0.791634698E-02     0.336580514E-03
    -0.111530618E+00     0.187978174E-01    -0.387063009E-02    -0.794316975E-02     0.329626246E-03
    -0.108059137E+00     0.188667542E-01    -0.381304115E-02    -0.796790273E-02     0.323288421E-03
    -0.104586338E+00     0.189376172E-01    -0.374952837E-02    -0.799163042E-02     0.317843124E-03
    -0.101112263E+00     0.190100389E-01    -0.367647734E-02    -0.801561236E-02     0.313050903E-03
    -0.976369546E-01     0.190856097E-01    -0.359451729E-02    -0.804048970E-02     0.308338274E-03
    -0.941604551E-01     0.191662968E-01    -0.350736047E-02    -0.806602466E-02     0.304036681E-03
    -0.906828071E-01     0.192528631E-01    -0.341852713E-02    -0.809097920E-02     0.301985120E-03
    -0.872040529E-01     0.193448586E-01    -0.332921196E-02    -0.811386709E-02     0.303813064E-03
    -0.837242350E-01     0.194418041E-01    -0.323836758E-02    -0.813452596E-02     0.308196900E-03
    -0.802433958E-01     0.195436985E-01    -0.314371060E-02    -0.815456008E-02     0.310709390E-03
    -0.767615777E-01     0.196501676E-01    -0.304257934E-02    -0.817552529E-02     0.307602115E-03
    -0.732788233E-01     0.197597522E-01    -0.293297707E-02    -0.819686589E-02     0.300044551E-03
    -0.697951750E-01     0.198708751E-01    -0.281505186E-02    -0.821634938E-02     0.294050739E-03
    -0.663106754E-01     0.199838270E-01    -0.269188217E-02    -0.823254564E-02     0.295471860E-03
    -0.628253669E-01     0.201014496E-01    -0.256813237E-02    -0.824617975E-02     0.304436816E-03
    -0.593392920E-01     0.202271490E-01    -0.244684542E-02    -0.825885220E-02     0.314389432E-03
    -0.558524933E-01     0.203617079E-01    -0.232666834E-02    -0.827121301E-02     0.316999725E-03
    -0.523650132E-01     0.205021165E-01    -0.220204662E-02    -0.828300888E-02     0.309190276E-03
    -0.488768945E-01     0.206440366E-01    -0.206692444E-02    -0.829427559E-02     0.296353247E-03
    -0.453881795E-01     0.207857397E-01    -0.191958125E-02    -0.830525013E-02     0.288545304E-03
    -0.418989108E-01     0.209295447E-01    -0.176466654E-02    -0.831488170E-02     0.292322531E-03
    -0.384091311E-01     0.210793535E-01    -0.161007341E-02    -0.832055161E-02     0.305049097E-03
    -0.349188828E-01     0.212371131E-01    -0.146055368E-02    -0.832047001E-02     0.316869009E-03
    -0.314282086E-01     0.214018532E-01    -0.131346669E-02    -0.831644394E-02     0.318949699E-03
    -0.279371510E-01     0.215716206E-01    -0.116085997E-02    -0.831337752E-02     0.310868257E-03
    -0.244457526E-01     0.217456207E-01    -0.996356927E-03    -0.831510050E-02     0.300634300E-03
    -0.209540561E-01     0.219244880E-01    -0.820489811E-03    -0.832036557E-02     0.297541026E-03
    -0.174621039E-01     0.221090691E-01    -0.639531213E-03    -0.832318950E-02     0.304516930E-03
    -0.139699388E-01     0.222992433E-01    -0.459340742E-03    -0.831762459E-02     0.316650556E-03
    -0.104776032E-01     0.224938266E-01    -0.280364342E-03    -0.830281055E-02     0.326350584E-03
    -0.698513979E-02     0.226917131E-01    -0.980789430E-04    -0.828386275E-02     0.329711412E-03
    -0.349259120E-02     0.228934248E-01     0.924514408E-04    -0.826774953E-02     0.328638855E-03
     0.246519033E-30     0.231014776E-01     0.292552240E-03    -0.825756107E-02     0.328054027E-03
     0.349259120E-02     0.233186605E-01     0.499637096E-03    -0.825005895E-02     0.331634072E-03
     0.698513979E-02     0.235455298E-01     0.710180223E-03    -0.823867449E-02     0.339690288E-03
     0.104776032E-01     0.237796818E-01     0.923049450E-03    -0.821920754E-02     0.350063063E-03
     0.139699388E-01     0.240177373E-01     0.114026671E-02    -0.819300141E-02     0.360411084E-03
     0.174621039E-01     0.242581484E-01     0.136457571E-02    -0.816497973E-02     0.369758148E-03
     0.209540561E-01     0.245022347E-01     0.159644952E-02    -0.813888679E-02     0.378333702E-03
     0.244457526E-01     0.247529193E-01     0.183407563E-02    -0.811429918E-02     0.386413522E-03
     0.279371510E-01     0.250127495E-01     0.207642746E-02    -0.808774080E-02     0.393800260E-03
     0.314282086E-01     0.252826697E-01     0.232535392E-02    -0.805633090E-02     0.400768575E-03
     0.349188828E-01     0.255616934E-01     0.258355731E-02    -0.802044704E-02     0.409165174E-03
     0.384091311E-01     0.258474095E-01     0.285085404E-02    -0.798305629E-02     0.421481807E-03
     0.418989108E-01     0.261376693E-01     0.312376686E-02    -0.794641393E-02     0.438012971E-03
     0.453881795E-01     0.264326924E-01     0.339931650E-02    -0.790942871E-02     0.455332263E-03
     0.488768945E-01     0.267352749E-01     0.367849354E-02    -0.786867691E-02     0.468773597E-03
     0.523650132E-01     0.270481886E-01     0.396545207E-02    -0.782229707E-02     0.477076494E-03
     0.558524933E-01     0.273714347E-01     0.426367078E-02    -0.777236529E-02     0.484172674E-03
     0.593392920E-01     0.277026154E-01     0.457324759E-02    -0.772259386E-02     0.495646490E-03
     0.628253669E-01     0.280399171E-01     0.489145884E-02    -0.767375905E-02     0.513217206E-03
     0.663106754E-01     0.283841139E-01     0.521532574E-02    -0.762250663E-02     0.533054866E-03
     0.697951750E-01     0.287375623E-01     0.554381055E-02    -0.756540820E-02     0.549843353E-03
     0.732788233E-01     0.291017515E-01     0.587828781E-02    -0.750343631E-02     0.562293690E-03
     0.767615777E-01     0.294760692E-01     0.622136939E-02    -0.744098585E-02     0.574146797E-03
     0.802433958E-01     0.298586769E-01     0.657512470E-02    -0.738023129E-02     0.589731938E-03
     0.837242350E-01     0.302484502E-01     0.693996764E-02    -0.731788413E-02     0.609305607E-03
     0.872040529E-01     0.306463481E-01     0.731482124E-02    -0.724883173E-02     0.629382544E-03
     0.906828071E-01     0.310549757E-01     0.769811086E-02    -0.717237342E-02     0.647100699E-03
     0.941604551E-01     0.314762627E-01     0.808873507E-02    -0.709322134E-02     0.663104096E-03
     0.976369546E-01     0.319091414E-01     0.848667214E-02    -0.701610382E-02     0.680031175E-03
     0.101112263E+00     0.323501187E-01     0.889325531E-02    -0.694073278E-02     0.699406040E-03
     0.104586338E+00     0.327971307E-01     0.931077877E-02    -0.686257067E-02     0.720785296E-03
     0.108059137E+00     0.332526750E-01     0.974107699E-02    -0.677728555E-02     0.743025727E-03
     0.111530618E+00     0.337219306E-01     0.101839223E-01    -0.668387322E-02     0.765184460E-03
     0.115000739E+00     0.342072668E-01     0.106369951E-01    -0.658499123E-02     0.786606667E-03
     0.118469457E+00     0.347054332E-01     0.110979414E-01    -0.648556073E-02     0.807461289E-03
     0.121936730E+00     0.352110761E-01     0.115667456E-01    -0.638964889E-02     0.829276866E-03
     0.125402515E+00     0.357229114E-01     0.120460655E-01    -0.629639120E-02     0.853763956E-03
     0.128866771E+00     0.362456148E-01     0.125390289E-01    -0.619914281E-02     0.880628842E-03
     0.132329454E+00     0.367850894E-01     0.130464590E-01    -0.609099128E-02     0.907462423E-03
     0.135790524E+00     0.373421561E-01     0.135662881E-01    -0.597207866E-02     0.932546563E-03
     0.139249937E+00     0.379117125E-01     0.140959245E-01    -0.584992793E-02     0.957162325E-03
     0.142707652E+00     0.384884731E-01     0.146351401E-01    -0.573142942E-02     0.984091263E-03
     0.146163625E+00     0.390729748E-01     0.151863041E-01    -0.561592072E-02     0.101398372E-02
     0.149617816E+00     0.396711948E-01     0.157518233E-01    -0.549762383E-02     0.104445187E-02
     0.153070182E+00     0.402884432E-01     0.163318789E-01    -0.537320614E-02     0.107336716E-02
     0.156520680E+00     0.409244904E-01     0.169249596E-01    -0.524389298E-02     0.110204206E-02
     0.159969269E+00     0.415748393E-01     0.175301784E-01    -0.511059906E-02     0.113380342E-02
     0.163415907E+00     0.422357456E-01     0.181483432E-01    -0.497122919E-02     0.116966681E-02
     0.166860552E+00     0.429071681E-01     0.187805443E-01    -0.482506727E-02     0.120687242E-02
     0.170303161E+00     0.435915665E-01     0.194263849E-01    -0.467674865E-02     0.124204539E-02
     0.173743693E+00     0.442914555E-01     0.200847260E-01    -0.453187055E-02     0.127462312E-02
     0.177182105E+00     0.450086328E-01     0.207564745E-01    -0.438927618E-02     0.130677790E-02
     0.180618356E+00     0.457443836E-01     0.214453686E-01    -0.424123417E-02     0.134133379E-02
     0.184052404E+00     0.464986896E-01     0.221543594E-01    -0.408206733E-02     0.138049224E-02
     0.187484207E+00     0.472692452E-01     0.228812880E-01    -0.391400598E-02     0.142495677E-02
     0.190913722E+00     0.480528752E-01     0.236199521E-01    -0.374326320E-02     0.147240757E-02
     0.194340909E+00     0.488488649E-01     0.243666315E-01    -0.357273654E-02     0.151749861E-02
     0.197765726E+00     0.496601241E-01     0.251248663E-01    -0.340094724E-02     0.155581822E-02
     0.201188129E+00     0.504904294E-01     0.259027951E-01    -0.322651378E-02     0.158907549E-02
     0.204608079E+00     0.513413596E-01     0.267058684E-01    -0.304980703E-02     0.162524894E-02
     0.208025533E+00     0.522124622E-01     0.275323216E-01    -0.286936653E-02     0.167176522E-02
     0.211440450E+00     0.531029045E-01     0.283750488E-01    -0.268023936E-02     0.172779653E-02
     0.214852787E+00     0.540113723E-01     0.292275852E-01    -0.247940335E-02     0.178397742E-02
     0.218262503E+00     0.549354560E-01     0.300895143E-01    -0.227208831E-02     0.183094379E-02
     0.221669557E+00     0.558737052E-01     0.309673718E-01    -0.206882110E-02     0.186875919E-02
     0.225073907E+00     0.568287640E-01     0.318697370E-01    -0.187382830E-02     0.190736406E-02
     0.228475511E+00     0.578064437E-01     0.327998487E-01    -0.167798534E-02     0.195670986E-02
     0.231874329E+00     0.588102318E-01     0.337526261E-01    -0.146656218E-02     0.201634993E-02
     0.235270318E+00     0.598375143E-01     0.347198436E-01    -0.123495246E-02     0.207580588E-02
     0.238663437E+00     0.608824652E-01     0.356985424E-01    -0.994693453E-03     0.212577995E-02
     0.242053645E+00     0.619423910E-01     0.366936305E-01    -0.762092528E-03     0.216796997E-02
     0.245440900E+00     0.630202761E-01     0.377122210E-01    -0.541658282E-03     0.221271396E-02
     0.248825161E+00     0.641213059E-01     0.387567641E-01    -0.322073863E-03     0.226776289E-02
     0.252206387E+00     0.652480293E-01     0.398243785E-01    -0.876973320E-04     0.233085759E-02
     0.255584537E+00     0.663992204E-01     0.409115534E-01     0.167306186E-03     0.239287034E-02
     0.258959569E+00     0.675724469E-01     0.420179476E-01     0.434995027E-03     0.244655746E-02
     0.262331442E+00     0.687667228E-01     0.431459094E-01     0.701313984E-03     0.249241179E-02
     0.265700115E+00     0.699827261E-01     0.442977146E-01     0.958023196E-03     0.253785981E-02
     0.269065547E+00     0.712213698E-01     0.454738076E-01     0.120964295E-02     0.259114067E-02
     0.272427697E+00     0.724830950E-01     0.466731064E-01     0.146941117E-02     0.265411806E-02
     0.275786523E+00     0.737687409E-01     0.478944854E-01     0.174666194E-02     0.271999599E-02
     0.279141986E+00     0.750803998E-01     0.491382478E-01     0.203761686E-02     0.277937701E-02
     0.282494043E+00     0.764204397E-01     0.504065951E-01     0.233035074E-02     0.282971120E-02
     0.285842655E+00     0.777891670E-01     0.517023744E-01     0.261887630E-02     0.287761757E-02
     0.289187780E+00     0.791836520E-01     0.530266829E-01     0.290895743E-02     0.293078526E-02
     0.292529377E+00     0.805997140E-01     0.543776958E-01     0.320847707E-02     0.298943996E-02
     0.295867406E+00     0.820360371E-01     0.557525020E-01     0.351633489E-02     0.304814477E-02
     0.299201826E+00     0.834965147E-01     0.571503707E-01     0.382557944E-02     0.310433774E-02
     0.302532596E+00     0.849878595E-01     0.585739577E-01     0.413539838E-02     0.316097559E-02
     0.305859676E+00     0.865142800E-01     0.600272536E-01     0.445373021E-02     0.322030368E-02
     0.309183025E+00     0.880743032E-01     0.615125085E-01     0.478636223E-02     0.327903914E-02
     0.312502602E+00     0.896626211E-01     0.630290208E-01     0.512795037E-02     0.333235801E-02
     0.315818368E+00     0.912749133E-01     0.645746426E-01     0.546747241E-02     0.338081485E-02
     0.319130281E+00     0.929111417E-01     0.661482679E-01     0.580104718E-02     0.343061816E-02
     0.322438301E+00     0.945747218E-01     0.677506299E-01     0.613617363E-02     0.348703735E-02
     0.325742388E+00     0.962693158E-01     0.693829155E-01     0.648309431E-02     0.354901536E-02
     0.329042501E+00     0.979972794E-01     0.710457557E-01     0.684440919E-02     0.361074691E-02
     0.332338601E+00     0.997607412E-01     0.727403632E-01     0.721452135E-02     0.366756646E-02
     0.335630647E+00     0.101561763E+00     0.744696429E-01     0.758723672E-02     0.371917801E-02
     0.338918598E+00     0.103399347E+00     0.762363745E-01     0.796066519E-02     0.376776910E-02
     0.342202416E+00     0.105267228E+00     0.780398210E-01     0.833493704E-02     0.381553555E-02
     0.345482059E+00     0.107157903E+00     0.798753289E-01     0.870964883E-02     0.386536974E-02
     0.348757488E+00     0.109071236E+00     0.817388384E-01     0.908674689E-02     0.392137669E-02
     0.352028662E+00     0.111018473E+00     0.836323144E-01     0.947314425E-02     0.398492705E-02
     0.355295543E+00     0.113014730E+00     0.855637066E-01     0.987517478E-02     0.405016591E-02
     0.358558090E+00     0.115064777E+00     0.875399839E-01     0.102894825E-01     0.410710591E-02
     0.361816262E+00     0.117156320E+00     0.895598544E-01     0.107034733E-01     0.415170075E-02
     0.365070022E+00     0.119269946E+00     0.916146458E-01     0.111079759E-01     0.419147287E-02
     0.368319328E+00     0.121398199E+00     0.936978203E-01     0.115078283E-01     0.423869784E-02
     0.371564141E+00     0.123554849E+00     0.958134443E-01     0.119167987E-01     0.429835244E-02
     0.374804422E+00     0.125763442E+00     0.979733660E-01     0.123425605E-01     0.436479056E-02
     0.378040131E+00     0.128035205E+00     0.100184649E+00     0.127798365E-01     0.442955656E-02
     0.381271228E+00     0.130358644E+00     0.102441124E+00     0.132185663E-01     0.448898520E-02
     0.384497675E+00     0.132711700E+00     0.104729954E+00     0.136549648E-01     0.454335210E-02
     0.387719431E+00     0.135083589E+00     0.107046843E+00     0.140921442E-01     0.459295005E-02
     0.390936458E+00     0.137484184E+00     0.109402545E+00     0.145328617E-01     0.463940528E-02
     0.394148716E+00     0.139933367E+00     0.111812689E+00     0.149764402E-01     0.468949134E-02
     0.397356167E+00     0.142442845E+00     0.114281574E+00     0.154231506E-01     0.475207969E-02
     0.400558770E+00     0.145007687E+00     0.116797336E+00     0.158771596E-01     0.482821113E-02
     0.403756487E+00     0.147613559E+00     0.119344201E+00     0.163418105E-01     0.490661318E-02
     0.406949279E+00     0.150251191E+00     0.121919427E+00     0.168137278E-01     0.497302782E-02
     0.410137107E+00     0.152923980E+00     0.124536738E+00     0.172850697E-01     0.502440721E-02
     0.413319932E+00     0.155642627E+00     0.127212287E+00     0.177516410E-01     0.507178140E-02
     0.416497715E+00     0.158414445E+00     0.129948999E+00     0.182164175E-01     0.512924600E-02
     0.419670418E+00     0.161239222E+00     0.132736341E+00     0.186853404E-01     0.520237304E-02
     0.422838001E+00     0.164113609E+00     0.135563601E+00     0.191623964E-01     0.528667964E-02
     0.426000427E+00     0.167035787E+00     0.138429916E+00     0.196487875E-01     0.537309678E-02
     0.429157656E+00     0.170004710E+00     0.141341372E+00     0.201432089E-01     0.545313939E-02
     0.432309650E+00     0.173018179E+00     0.144302614E+00     0.206410136E-01     0.552254694E-02
     0.435456371E+00     0.176075802E+00     0.147315038E+00     0.211355833E-01     0.558442428E-02
     0.438597780E+00     0.179183686E+00     0.150381600E+00     0.216235203E-01     0.564910080E-02
     0.441733839E+00     0.182351702E+00     0.153507537E+00     0.221087391E-01     0.572791085E-02
     0.444864509E+00     0.185582968E+00     0.156692716E+00     0.226002487E-01     0.582424888E-02
     0.447989753E+00     0.188868168E+00     0.159926519E+00     0.231049909E-01     0.592960413E-02
     0.451109532E+00     0.192194567E+00     0.163196836E+00     0.236219264E-01     0.602918826E-02
     0.454223809E+00     0.195561385E+00     0.166506098E+00     0.241422946E-01     0.611372064E-02
     0.457332544E+00     0.198983099E+00     0.169873737E+00     0.246561790E-01     0.618778825E-02
     0.460435701E+00     0.202475027E+00     0.173317590E+00     0.251606511E-01     0.626669519E-02
     0.463533242E+00     0.206036874E+00     0.176833584E+00     0.256624658E-01     0.636320456E-02
     0.466625128E+00     0.209653482E+00     0.180398983E+00     0.261718177E-01     0.647604652E-02
     0.469711323E+00     0.213312535E+00     0.183997934E+00     0.266927809E-01     0.659219714E-02
     0.472791787E+00     0.217018810E+00     0.187639679E+00     0.272210309E-01     0.670076024E-02
     0.475866485E+00     0.220788531E+00     0.191347373E+00     0.277509146E-01     0.680235020E-02
     0.478935377E+00     0.224631216E+00     0.195131787E+00     0.282812185E-01     0.690380186E-02
     0.481998428E+00     0.228540680E+00     0.198982078E+00     0.288116459E-01     0.700799284E-02
     0.485055599E+00     0.232504549E+00     0.202882388E+00     0.293377304E-01     0.711395513E-02
     0.488106853E+00     0.236519707E+00     0.206831108E+00     0.298556093E-01     0.722485330E-02
     0.491152153E+00     0.240595636E+00     0.210839986E+00     0.303717364E-01     0.734810906E-02
     0.494191462E+00     0.244742996E+00     0.214917872E+00     0.309011889E-01     0.748413802E-02
     0.497224743E+00     0.248961817E+00     0.219061309E+00     0.314517045E-01     0.761971356E-02
     0.500251958E+00     0.253243089E+00     0.223262194E+00     0.320118034E-01     0.773894780E-02
     0.503273071E+00     0.257580700E+00     0.227520147E+00     0.325597317E-01     0.784166333E-02
     0.506288046E+00     0.261978719E+00     0.231843231E+00     0.330853634E-01     0.794681158E-02
     0.509296844E+00     0.266446527E+00     0.236237822E+00     0.336008339E-01     0.807479241E-02
     0.512299430E+00     0.270989537E+00     0.240701880E+00     0.341283713E-01     0.822719871E-02
     0.515295766E+00     0.275606177E+00     0.245229059E+00     0.346791989E-01     0.838528287E-02
     0.518285817E+00     0.280291936E+00     0.249816827E+00     0.352450141E-01     0.852754559E-02
     0.521269546E+00     0.285043552E+00     0.254468686E+00     0.358076981E-01     0.864821286E-02
     0.524246916E+00     0.289859415E+00     0.259189351E+00     0.363551456E-01     0.876047629E-02
     0.527217892E+00     0.294739651E+00     0.263980296E+00     0.368891911E-01     0.888412445E-02
     0.530182436E+00     0.299689392E+00     0.268841608E+00     0.374218403E-01     0.902955747E-02
     0.533140513E+00     0.304719790E+00     0.273776076E+00     0.379653862E-01     0.919075555E-02
     0.536092087E+00     0.309839299E+00     0.278787086E+00     0.385240989E-01     0.935118219E-02
     0.539037121E+00     0.315041843E+00     0.283871947E+00     0.390919983E-01     0.949690539E-02
     0.541975580E+00     0.320309136E+00     0.289022064E+00     0.396572205E-01     0.962702454E-02
     0.544907427E+00     0.325630051E+00     0.294233295E+00     0.402105508E-01     0.975383810E-02
     0.547832628E+00     0.331016077E+00     0.299514323E+00     0.407529001E-01     0.989232481E-02
     0.550751146E+00     0.336492679E+00     0.304881083E+00     0.412953323E-01     0.100472902E-01
     0.553662947E+00     0.342073484E+00     0.310341305E+00     0.418498453E-01     0.102095960E-01
     0.556567993E+00     0.347745406E+00     0.315885575E+00     0.424180937E-01     0.103650380E-01
     0.559466250E+00     0.353482460E+00     0.321496062E+00     0.429893226E-01     0.105075610E-01
     0.562357683E+00     0.359274252E+00     0.327165425E+00     0.435510887E-01     0.106445219E-01
     0.565242256E+00     0.365137819E+00     0.332905836E+00     0.441024391E-01     0.107888190E-01
     0.568119934E+00     0.371100273E+00     0.338738084E+00     0.446545199E-01     0.109450813E-01
     0.570990682E+00     0.377172217E+00     0.344672557E+00     0.452169250E-01     0.111044364E-01
     0.573854464E+00     0.383339306E+00     0.350701085E+00     0.457860579E-01     0.112546949E-01
     0.576711247E+00     0.389577586E+00     0.356805700E+00     0.463504454E-01     0.113949231E-01
     0.579560995E+00     0.395876125E+00     0.362975100E+00     0.469063843E-01     0.115368691E-01
     0.582403674E+00     0.402247339E+00     0.369215102E+00     0.474633804E-01     0.116909879E-01
     0.585239248E+00     0.408717475E+00     0.375545062E+00     0.480317117E-01     0.118535548E-01
     0.588067683E+00     0.415305435E+00     0.381982985E+00     0.486077735E-01     0.120102958E-01
     0.590888945E+00     0.422006897E+00     0.388530810E+00     0.491766392E-01     0.121524980E-01
     0.593702999E+00     0.428796804E+00     0.395172045E+00     0.497300655E-01     0.122867544E-01
     0.596509810E+00     0.435650034E+00     0.401885792E+00     0.502779361E-01     0.124272605E-01
     0.599309346E+00     0.442565195E+00     0.408667232E+00     0.508380249E-01     0.125806648E-01
     0.602101571E+00     0.449570085E+00     0.415535063E+00     0.514154496E-01     0.127409908E-01
     0.604886451E+00     0.456700009E+00     0.422515889E+00     0.519960016E-01     0.128976705E-01
     0.607663953E+00     0.463966145E+00     0.429619630E+00     0.525610671E-01     0.130449944E-01
     0.610434042E+00     0.471344037E+00     0.436830929E+00     0.531073321E-01     0.131841503E-01
     0.613196686E+00     0.478795372E+00     0.444125243E+00     0.536500838E-01     0.133199717E-01
     0.615951849E+00     0.486304675E+00     0.451493805E+00     0.542071708E-01     0.134578236E-01
     0.618699499E+00     0.493896400E+00     0.458953307E+00     0.547808955E-01     0.136019109E-01
     0.621439601E+00     0.501613752E+00     0.466530375E+00     0.553565677E-01     0.137532812E-01
     0.624172124E+00     0.509478015E+00     0.474236015E+00     0.559180462E-01     0.139078440E-01
     0.626897032E+00     0.517469312E+00     0.482056562E+00     0.564629051E-01     0.140580364E-01
     0.629614293E+00     0.525548624E+00     0.489969979E+00     0.570024548E-01     0.141991189E-01
     0.632323875E+00     0.533697466E+00     0.497969081E+00     0.575494055E-01     0.143338446E-01
     0.635025743E+00     0.541934755E+00     0.506068280E+00     0.581070346E-01     0.144692834E-01
     0.637719864E+00     0.550296502E+00     0.514289502E+00     0.586687194E-01     0.146092854E-01
     0.640406207E+00     0.558801826E+00     0.522642826E+00     0.592249792E-01     0.147514266E-01
     0.643084738E+00     0.567439694E+00     0.531120562E+00     0.597697349E-01     0.148912088E-01
     0.645755425E+00     0.576185880E+00     0.539708585E+00     0.603020797E-01     0.150284285E-01
     0.648418234E+00     0.585027767E+00     0.548400525E+00     0.608265112E-01     0.151688505E-01
     0.651073134E+00     0.593971866E+00     0.557200503E+00     0.613531133E-01     0.153179886E-01
     0.653720092E+00     0.603033371E+00     0.566116951E+00     0.618929966E-01     0.154718162E-01
     0.656359075E+00     0.612223936E+00     0.575158101E+00     0.624472330E-01     0.156157733E-01
     0.658990052E+00     0.621547675E+00     0.584331093E+00     0.629994614E-01     0.157376818E-01
     0.661612991E+00     0.631003380E+00     0.593640021E+00     0.635250784E-01     0.158440929E-01
     0.664227859E+00     0.640587204E+00     0.603082299E+00     0.640142639E-01     0.159611356E-01
     0.666834625E+00     0.650293199E+00     0.612648091E+00     0.644874120E-01     0.161128377E-01
     0.669433257E+00     0.660115224E+00     0.622327507E+00     0.649826560E-01     0.162943537E-01
     0.672023722E+00     0.670054075E+00     0.632122739E+00     0.655209490E-01     0.164696330E-01
     0.674605990E+00     0.680122915E+00     0.642051720E+00     0.660813323E-01     0.166026164E-01
     0.677180029E+00     0.690339231E+00     0.652133693E+00     0.666149012E-01     0.166935422E-01
     0.679745808E+00     0.700707562E+00     0.662369412E+00     0.670884224E-01     0.167816261E-01
     0.682303295E+00     0.711213604E+00     0.672740450E+00     0.675165534E-01     0.169091031E-01
     0.684852459E+00     0.721840204E+00     0.683231619E+00     0.679506714E-01     0.170820371E-01
     0.687393270E+00     0.732589254E+00     0.693851609E+00     0.684332651E-01     0.172660629E-01
     0.689925695E+00     0.743483255E+00     0.704626083E+00     0.689595562E-01     0.174198504E-01
     0.692449704E+00     0.754541200E+00     0.715568327E+00     0.694820249E-01     0.175326848E-01
     0.694965267E+00     0.765755639E+00     0.726661920E+00     0.699536060E-01     0.176305807E-01
     0.697472352E+00     0.777101068E+00     0.737879899E+00     0.703691128E-01     0.177483335E-01
     0.699970929E+00     0.788566499E+00     0.749220319E+00     0.707673730E-01     0.178972706E-01
     0.702460968E+00     0.800172886E+00     0.760714706E+00     0.711940833E-01     0.180582562E-01
     0.704942438E+00     0.811953597E+00     0.772397780E+00     0.716605002E-01     0.182030489E-01
     0.707415310E+00     0.823920179E+00     0.784272460E+00     0.721355646E-01     0.183223146E-01
     0.709879551E+00     0.836050774E+00     0.796307150E+00     0.725775952E-01     0.184337283E-01
     0.712335134E+00     0.848312520E+00     0.808466562E+00     0.729736281E-01     0.185622960E-01
     0.714782027E+00     0.860694551E+00     0.820745414E+00     0.733479973E-01     0.187134750E-01
     0.717220202E+00     0.873219122E+00     0.833174105E+00     0.737353161E-01     0.188675984E-01
     0.719649627E+00     0.885922203E+00     0.845793742E+00     0.741484423E-01     0.190000234E-01
     0.722070274E+00     0.898824808E+00     0.858625434E+00     0.745710335E-01     0.191047534E-01
     0.724482113E+00     0.911919528E+00     0.871657672E+00     0.749756276E-01     0.191996008E-01
     0.726885115E+00     0.925178187E+00     0.884856118E+00     0.753468073E-01     0.193106377E-01
     0.729279250E+00     0.938573202E+00     0.898188420E+00     0.756909211E-01     0.194501739E-01
     0.731664489E+00     0.952100334E+00     0.911650897E+00     0.760288665E-01     0.196060569E-01
     0.734040803E+00     0.965785987E+00     0.925276589E+00     0.763802875E-01     0.197506864E-01
     0.736408163E+00     0.979669080E+00     0.939112318E+00     0.767498320E-01     0.198625686E-01
     0.738766540E+00     0.993769747E+00     0.953180722E+00     0.771234895E-01     0.199436615E-01
     0.741115906E+00     0.100807215E+01     0.967461342E+00     0.774783540E-01     0.200184107E-01
     0.743456231E+00     0.102253890E+01     0.981910338E+00     0.777999737E-01     0.201137853E-01
     0.745787487E+00     0.103714668E+01     0.996502633E+00     0.780936828E-01     0.202368335E-01
     0.748109646E+00     0.105190894E+01     0.101125499E+01     0.783811740E-01     0.203703859E-01
     0.750422679E+00     0.106686122E+01     0.102620600E+01     0.786859152E-01     0.204892003E-01
     0.752726559E+00     0.108202695E+01     0.104137844E+01     0.790165424E-01     0.205789026E-01
     0.755021257E+00     0.109740293E+01     0.105676770E+01     0.793573356E-01     0.206426149E-01
     0.757306744E+00     0.111297310E+01     0.107236014E+01     0.796753703E-01     0.206957222E-01
     0.759582994E+00     0.112872545E+01     0.108814875E+01     0.799459308E-01     0.207560291E-01
     0.761849979E+00     0.114465630E+01     0.110413115E+01     0.801780854E-01     0.208340459E-01
     0.764107670E+00     0.116076944E+01     0.112030534E+01     0.804133756E-01     0.209261517E-01
     0.766356040E+00     0.117707577E+01     0.113667451E+01     0.806914481E-01     0.210141468E-01
     0.768595062E+00     0.119358938E+01     0.115325201E+01     0.810110484E-01     0.210751187E-01
     0.770824709E+00     0.121031887E+01     0.117005492E+01     0.813260234E-01     0.210996894E-01
     0.773044953E+00     0.122726152E+01     0.118709036E+01     0.815859102E-01     0.211041656E-01
     0.775255767E+00     0.124440773E+01     0.120434938E+01     0.817848232E-01     0.211197922E-01
     0.777457124E+00     0.126175156E+01     0.122181635E+01     0.819699548E-01     0.211635702E-01
     0.779648998E+00     0.127929491E+01     0.123948360E+01     0.821993935E-01     0.212190264E-01
     0.781831362E+00     0.129704264E+01     0.125735755E+01     0.824884517E-01     0.212491417E-01
     0.784004188E+00     0.131500037E+01     0.127545475E+01     0.827941325E-01     0.212310178E-01
     0.786167451E+00     0.133317817E+01     0.129379299E+01     0.830524688E-01     0.211789686E-01
     0.788321124E+00     0.135158773E+01     0.131238014E+01     0.832367667E-01     0.211328068E-01
     0.790465181E+00     0.137023065E+01     0.133120808E+01     0.833844404E-01     0.211206129E-01
     0.792599596E+00     0.138909441E+01     0.135026012E+01     0.835649990E-01     0.211305397E-01
     0.794724343E+00     0.140816425E+01     0.136952597E+01     0.838156805E-01     0.211197789E-01
     0.796839395E+00     0.142743824E+01     0.138900962E+01     0.841054319E-01     0.210539681E-01
     0.798944727E+00     0.144693118E+01     0.140872665E+01     0.843637694E-01     0.209399368E-01
     0.801040314E+00     0.146666507E+01     0.142869631E+01     0.845476506E-01     0.208197515E-01
     0.803126129E+00     0.148665349E+01     0.144893106E+01     0.846810629E-01     0.207308559E-01
     0.805202147E+00     0.150689209E+01     0.146942781E+01     0.848294898E-01     0.206707924E-01
     0.807268344E+00     0.152736444E+01     0.149017009E+01     0.850366287E-01     0.206012287E-01
     0.809324693E+00     0.154805795E+01     0.151114159E+01     0.852862976E-01     0.204857758E-01
     0.811371170E+00     0.156897501E+01     0.153234061E+01     0.855234811E-01     0.203219068E-01
     0.813407749E+00     0.159013103E+01     0.155378371E+01     0.857082968E-01     0.201376902E-01
     0.815434407E+00     0.161154189E+01     0.157549382E+01     0.858486727E-01     0.199633247E-01
     0.817451117E+00     0.163321136E+01     0.159748045E+01     0.859855879E-01     0.198077829E-01
     0.819457857E+00     0.165513200E+01     0.161973252E+01     0.861525748E-01     0.196567934E-01
     0.821454600E+00     0.167730009E+01     0.164223483E+01     0.863497420E-01     0.194861820E-01
     0.823441323E+00     0.169972529E+01     0.166498930E+01     0.865510030E-01     0.192775632E-01
     0.825418001E+00     0.172242025E+01     0.168801338E+01     0.867298326E-01     0.190288665E-01
     0.827384611E+00     0.174538361E+01     0.171131808E+01     0.868770808E-01     0.187570761E-01
     0.829341128E+00     0.176859933E+01     0.173489311E+01     0.870007492E-01     0.184902625E-01
     0.831287528E+00     0.179205547E+01     0.175871864E+01     0.871175735E-01     0.182484518E-01
     0.833223789E+00     0.181576373E+01     0.178279320E+01     0.872460174E-01     0.180245441E-01
     0.835149885E+00     0.183975718E+01     0.180714524E+01     0.873983644E-01     0.177849060E-01
     0.837065794E+00     0.186406153E+01     0.183180750E+01     0.875696978E-01     0.174955326E-01
     0.838971493E+00     0.188866681E+01     0.185677826E+01     0.877337564E-01     0.171521629E-01
     0.840866957E+00     0.191353586E+01     0.188201974E+01     0.878577809E-01     0.167849236E-01
     0.842752164E+00     0.193864663E+01     0.190750242E+01     0.879306554E-01     0.164327671E-01
     0.844627092E+00     0.196402039E+01     0.193324329E+01     0.879787822E-01     0.161124077E-01
     0.846491716E+00     0.198970177E+01     0.195929033E+01     0.880485849E-01     0.158091498E-01
     0.848346015E+00     0.201571382E+01     0.198567098E+01     0.881660219E-01     0.154937459E-01
     0.850189965E+00     0.204203792E+01     0.201236312E+01     0.883106032E-01     0.151458774E-01
     0.852023544E+00     0.206863854E+01     0.203932132E+01     0.884310373E-01     0.147637102E-01
     0.853846730E+00     0.209550528E+01     0.206653036E+01     0.884894450E-01     0.143586563E-01
     0.855659501E+00     0.212266650E+01     0.209402600E+01     0.884933042E-01     0.139486108E-01
     0.857461835E+00     0.215015931E+01     0.212185708E+01     0.884866278E-01     0.135538597E-01
     0.859253708E+00     0.217799100E+01     0.215003216E+01     0.885100065E-01     0.131873234E-01
     0.861035101E+00     0.220613695E+01     0.217851421E+01     0.885665554E-01     0.128405090E-01
     0.862805990E+00     0.223457489E+01     0.220726796E+01     0.886231960E-01     0.124835752E-01
     0.864566355E+00     0.226331321E+01     0.223630209E+01     0.886417728E-01     0.120895905E-01
     0.866316173E+00     0.229238362E+01     0.226565993E+01     0.886076723E-01     0.116639597E-01
     0.868055424E+00     0.232180978E+01     0.229537321E+01     0.885330980E-01     0.112469820E-01
     0.869784086E+00     0.235158478E+01     0.232542978E+01     0.884425872E-01     0.108799487E-01
     0.871502138E+00     0.238167926E+01     0.235578853E+01     0.883593407E-01     0.105633239E-01
     0.873209560E+00     0.241207391E+01     0.238642587E+01     0.882952049E-01     0.102505136E-01
     0.874906330E+00     0.244278439E+01     0.241736506E+01     0.882384672E-01     0.989055845E-02
     0.876592427E+00     0.247385255E+01     0.244865747E+01     0.881490733E-01     0.948151493E-02
     0.878267832E+00     0.250531187E+01     0.248033643E+01     0.879809402E-01     0.907898294E-02
     0.879932524E+00     0.253715933E+01     0.251238911E+01     0.877257073E-01     0.874676696E-02
     0.881586481E+00     0.256935663E+01     0.254476841E+01     0.874343568E-01     0.849652793E-02
     0.883229685E+00     0.260186162E+01     0.257743316E+01     0.871791666E-01     0.827577597E-02
     0.884862115E+00     0.263466949E+01     0.261038748E+01     0.869811672E-01     0.801598312E-02
     0.886483752E+00     0.266782812E+01     0.264368669E+01     0.867795474E-01     0.769450013E-02
     0.888094575E+00     0.270140332E+01     0.267739576E+01     0.864847918E-01     0.735233325E-02
     0.889694564E+00     0.273541912E+01     0.271153217E+01     0.860641546E-01     0.705430901E-02
     0.891283701E+00     0.276983369E+01     0.274604937E+01     0.855685508E-01     0.683275609E-02
     0.892861966E+00     0.280457860E+01     0.278087989E+01     0.850764127E-01     0.666605613E-02
     0.894429340E+00     0.283962389E+01     0.281599724E+01     0.846204649E-01     0.650490371E-02
     0.895985803E+00     0.287500759E+01     0.285144117E+01     0.841703236E-01     0.631632426E-02
     0.897531336E+00     0.291080432E+01     0.288728642E+01     0.836728426E-01     0.610597953E-02
     0.899065922E+00     0.294706211E+01     0.292358229E+01     0.830975608E-01     0.590337527E-02
     0.900589540E+00     0.298376405E+01     0.296031463E+01     0.824483076E-01     0.572931114E-02
     0.902102173E+00     0.302084842E+01     0.299742301E+01     0.817464732E-01     0.558025888E-02
     0.903603801E+00     0.305826428E+01     0.303485342E+01     0.810115935E-01     0.544284954E-02
     0.905094408E+00     0.309600889E+01     0.307259780E+01     0.802532468E-01     0.531535091E-02
     0.906573973E+00     0.313412250E+01     0.311069538E+01     0.794717528E-01     0.520726826E-02
     0.908042480E+00     0.317265915E+01     0.314920779E+01     0.786616116E-01     0.512070299E-02
     0.909499911E+00     0.321165750E+01     0.318818481E+01     0.778152339E-01     0.504237776E-02
     0.910946247E+00     0.325111976E+01     0.322763188E+01     0.769254330E-01     0.495834331E-02
     0.912381472E+00     0.329100639E+01     0.326750024E+01     0.759857572E-01     0.487018477E-02
     0.913805567E+00     0.333125787E+01     0.330771782E+01     0.749916575E-01     0.478980359E-02
     0.915218515E+00     0.337183513E+01     0.334824361E+01     0.739451286E-01     0.472073748E-02
     0.916620299E+00     0.341274944E+01     0.338910102E+01     0.728571844E-01     0.465355479E-02
     0.918010902E+00     0.345405872E+01     0.343036355E+01     0.717402776E-01     0.458417713E-02
     0.919390307E+00     0.349583082E+01     0.347210464E+01     0.705959236E-01     0.453078780E-02
     0.920758496E+00     0.353809592E+01     0.351434637E+01     0.694138350E-01     0.452090455E-02
     0.922115455E+00     0.358082336E+01     0.355704440E+01     0.681868184E-01     0.455555625E-02
     0.923461165E+00     0.362394622E+01     0.360012403E+01     0.669229934E-01     0.459178811E-02
     0.924795610E+00     0.366741421E+01     0.364353916E+01     0.656363393E-01     0.457155320E-02
     0.926118775E+00     0.371122692E+01     0.368730241E+01     0.643232116E-01     0.447442423E-02
     0.927430642E+00     0.375542272E+01     0.373146493E+01     0.629539301E-01     0.434249797E-02
     0.928731197E+00     0.380004359E+01     0.377607250E+01     0.614968245E-01     0.425159935E-02
     0.930020423E+00     0.384510921E+01     0.382113720E+01     0.599566318E-01     0.425285261E-02
     0.931298304E+00     0.389061447E+01     0.386664105E+01     0.583860474E-01     0.433227456E-02
     0.932564825E+00     0.393654496E+01     0.391256165E+01     0.568477103E-01     0.441786837E-02
     0.933819970E+00     0.398289360E+01     0.395889461E+01     0.553544361E-01     0.442705650E-02
     0.935063724E+00     0.402966072E+01     0.400565057E+01     0.538472542E-01     0.432153666E-02
     0.936296072E+00     0.407683845E+01     0.405283119E+01     0.522408807E-01     0.413384210E-02
     0.937516999E+00     0.412440414E+01     0.410041707E+01     0.504981698E-01     0.394743838E-02
     0.938726490E+00     0.417233976E+01     0.414838728E+01     0.486624622E-01     0.384135907E-02
     0.939924530E+00     0.422065592E+01     0.419674629E+01     0.468178676E-01     0.383546536E-02
     0.941111105E+00     0.426939015E+01     0.424552412E+01     0.450183426E-01     0.387484770E-02
     0.942286200E+00     0.431858192E+01     0.429475401E+01     0.432521238E-01     0.386626435E-02
     0.943449801E+00     0.436824996E+01     0.434445438E+01     0.414664304E-01     0.374208096E-02
     0.944601893E+00     0.441838243E+01     0.439462221E+01     0.396174683E-01     0.350560898E-02
     0.945742462E+00     0.446893856E+01     0.444522949E+01     0.376952858E-01     0.322449848E-02
     0.946871496E+00     0.451986699E+01     0.449622965E+01     0.357113101E-01     0.297839624E-02
     0.947988979E+00     0.457114068E+01     0.454758584E+01     0.336781618E-01     0.280249276E-02
     0.949094898E+00     0.462278394E+01     0.459930590E+01     0.316082042E-01     0.266978641E-02
     0.950189240E+00     0.467486305E+01     0.465144841E+01     0.295220796E-01     0.252029278E-02
     0.951271992E+00     0.472744495E+01     0.470408726E+01     0.274437015E-01     0.230730058E-02
     0.952343139E+00     0.478055783E+01     0.475726223E+01     0.253808012E-01     0.202399583E-02
     0.953402670E+00     0.483417896E+01     0.481095359E+01     0.233133060E-01     0.169726736E-02
     0.954450571E+00     0.488824992E+01     0.486509637E+01     0.212048368E-01     0.136096853E-02
     0.955486829E+00     0.494271046E+01     0.491962506E+01     0.190290950E-01     0.103194241E-02
     0.956511432E+00     0.499753722E+01     0.497451967E+01     0.167894429E-01     0.707675841E-03
     0.957524368E+00     0.505276454E+01     0.502981956E+01     0.145144228E-01     0.383578033E-03
     0.958525623E+00     0.510847225E+01     0.508559831E+01     0.122311061E-01     0.648957307E-04
     0.959515186E+00     0.516474732E+01     0.514192551E+01     0.994130993E-02    -0.245764044E-03
     0.960493044E+00     0.522163875E+01     0.519884019E+01     0.762724033E-02    -0.568444953E-03
     0.961459186E+00     0.527912970E+01     0.525634017E+01     0.527954424E-02    -0.937763362E-03
     0.962413600E+00     0.533715285E+01     0.531438792E+01     0.290818697E-02    -0.136407404E-02
     0.963356274E+00     0.539564922E+01     0.537293743E+01     0.515988937E-03    -0.180931476E-02
     0.964287197E+00     0.545462464E+01     0.543197147E+01    -0.192932260E-02    -0.221661508E-02
     0.965206358E+00     0.551414766E+01     0.549151861E+01    -0.447439147E-02    -0.256897945E-02
     0.966113744E+00     0.557429143E+01     0.555163393E+01    -0.712098714E-02    -0.291178284E-02
     0.967009346E+00     0.563509132E+01     0.561237349E+01    -0.980038954E-02    -0.331207369E-02
     0.967893152E+00     0.569656972E+01     0.567379813E+01    -0.124276464E-01    -0.379798682E-02
     0.968765151E+00     0.575878161E+01     0.573598449E+01    -0.149875441E-01    -0.434067430E-02
     0.969625334E+00     0.582180335E+01     0.579899703E+01    -0.175570052E-01    -0.489155549E-02
     0.970473688E+00     0.588567562E+01     0.586284177E+01    -0.202344712E-01    -0.542843279E-02
     0.971310204E+00     0.595038347E+01     0.592747330E+01    -0.230504239E-01    -0.596076662E-02
     0.972134872E+00     0.601590590E+01     0.599286872E+01    -0.259501693E-01    -0.649662263E-02
     0.972947682E+00     0.608227531E+01     0.605909007E+01    -0.288546590E-01    -0.701764370E-02
     0.973748624E+00     0.614957980E+01     0.612626229E+01    -0.317246767E-01    -0.749552670E-02
     0.974537687E+00     0.621792358E+01     0.619450099E+01    -0.345683200E-01    -0.793195835E-02
     0.975314863E+00     0.628741058E+01     0.626388630E+01    -0.374098332E-01    -0.837148484E-02
     0.976080142E+00     0.635816173E+01     0.633450265E+01    -0.402773615E-01    -0.886442036E-02
     0.976833514E+00     0.643031493E+01     0.640646996E+01    -0.432228318E-01    -0.941883167E-02
     0.977574971E+00     0.650399040E+01     0.647991857E+01    -0.463242389E-01    -0.999722822E-02
     0.978304502E+00     0.657926074E+01     0.655494362E+01    -0.496331922E-01    -0.105576800E-01
     0.979022101E+00     0.665616061E+01     0.663159575E+01    -0.531127482E-01    -0.110869941E-01
     0.979727757E+00     0.673473481E+01     0.670992593E+01    -0.566489204E-01    -0.115954669E-01
     0.980421462E+00     0.681509507E+01     0.679005150E+01    -0.601440132E-01    -0.121003371E-01
     0.981103208E+00     0.689745379E+01     0.687219202E+01    -0.635974706E-01    -0.126320353E-01
     0.981772985E+00     0.698212502E+01     0.695665447E+01    -0.670874330E-01    -0.132456154E-01
     0.982430787E+00     0.706948656E+01     0.704377642E+01    -0.706802308E-01    -0.139953063E-01
     0.983076606E+00     0.715989969E+01     0.713385334E+01    -0.743721692E-01    -0.148827231E-01
     0.983710432E+00     0.725363487E+01     0.722711412E+01    -0.781188374E-01    -0.158422411E-01
     0.984332259E+00     0.735087413E+01     0.732379038E+01    -0.819045257E-01    -0.167927148E-01
     0.984942078E+00     0.745179605E+01     0.742421599E+01    -0.857697673E-01    -0.177038804E-01
     0.985539883E+00     0.755668997E+01     0.752884234E+01    -0.897696320E-01    -0.186032494E-01
     0.986125667E+00     0.766603079E+01     0.763813965E+01    -0.939069786E-01    -0.195166647E-01
     0.986699421E+00     0.778046436E+01     0.775250066E+01    -0.981106157E-01    -0.204204554E-01
     0.987261139E+00     0.790073673E+01     0.787233195E+01    -0.102295639E+00    -0.212774198E-01
     0.987810815E+00     0.802764547E+01     0.799833047E+01    -0.106468190E+00    -0.221221412E-01
     0.988348441E+00     0.816201913E+01     0.813163118E+01    -0.110771157E+00    -0.230850518E-01
     0.988874010E+00     0.830470320E+01     0.827356823E+01    -0.115395282E+00    -0.243027928E-01
     0.989387518E+00     0.845658428E+01     0.842524824E+01    -0.120415834E+00    -0.257910296E-01
     0.989888956E+00     0.861867601E+01     0.858740746E+01    -0.125720911E+00    -0.274146325E-01
     0.990378320E+00     0.879225065E+01     0.876078215E+01    -0.131121784E+00    -0.290064662E-01
     0.990855602E+00     0.897895277E+01     0.894669697E+01    -0.136537259E+00    -0.305319961E-01
     0.991320798E+00     0.918078743E+01     0.914730954E+01    -0.142055604E+00    -0.321460141E-01
     0.991773902E+00     0.940001422E+01     0.936533588E+01    -0.147813361E+00    -0.340984174E-01
     0.992214908E+00     0.963914747E+01     0.960365653E+01    -0.153834357E+00    -0.365760026E-01
     0.992643810E+00     0.990111801E+01     0.986520962E+01    -0.160010968E+00    -0.395940491E-01
     0.993060604E+00     0.101894764E+02     0.101532265E+02    -0.166247362E+00    -0.429957030E-01
     0.993465285E+00     0.105085736E+02     0.104716612E+02    -0.172605640E+00    -0.465438224E-01
     0.993857847E+00     0.108636654E+02     0.108255594E+02    -0.179292850E+00    -0.500520563E-01
     0.994238285E+00     0.112609140E+02     0.112211869E+02    -0.186502164E+00    -0.535031323E-01
     0.994606596E+00     0.117073746E+02     0.116659619E+02    -0.194282106E+00    -0.571033460E-01
     0.994962774E+00     0.122109726E+02     0.121682270E+02    -0.202562065E+00    -0.612478020E-01
     0.995306815E+00     0.127806271E+02     0.127371018E+02    -0.211261582E+00    -0.664305226E-01
     0.995638716E+00     0.134272488E+02     0.133832812E+02    -0.220323769E+00    -0.731344339E-01
     0.995958471E+00     0.141663052E+02     0.141216227E+02    -0.229670701E+00    -0.817047564E-01
     0.996266078E+00     0.150219625E+02     0.149756013E+02    -0.239252647E+00    -0.922553397E-01
     0.996561531E+00     0.160318723E+02     0.159825898E+02    -0.249260226E+00    -0.104666139E+00
     0.996844829E+00     0.172495225E+02     0.171965735E+02    -0.260269560E+00    -0.118578388E+00
     0.997115967E+00     0.187384609E+02     0.186822413E+02    -0.273011655E+00    -0.133180969E+00
     0.997374941E+00     0.205528981E+02     0.204948545E+02    -0.287818953E+00    -0.146843597E+00
     0.997621750E+00     0.227062402E+02     0.226478341E+02    -0.304238708E+00    -0.157442752E+00
     0.997856389E+00     0.251497019E+02     0.250909462E+02    -0.321215387E+00    -0.164945690E+00
     0.998078856E+00     0.278173666E+02     0.277559842E+02    -0.337632537E+00    -0.176858202E+00
     0.998289148E+00     0.308140830E+02     0.307461699E+02    -0.352669377E+00    -0.213428214E+00
     0.998487263E+00     0.347687475E+02     0.346909764E+02    -0.365987142E+00    -0.304567874E+00
     0.998673199E+00     0.411815281E+02     0.410938984E+02    -0.378589796E+00    -0.469092767E+00
     0.998846952E+00     0.522697735E+02     0.521771457E+02    -0.394830089E+00    -0.676340002E+00
     0.999008521E+00     0.696214789E+02     0.695318758E+02    -0.423868638E+00    -0.815055375E+00
     0.999157904E+00     0.915059459E+02     0.914244452E+02    -0.476516749E+00    -0.724229767E+00
     0.999295099E+00     0.110629072E+03     0.110548918E+03    -0.553966196E+00    -0.340755115E+00
     0.999420104E+00     0.117218205E+03     0.117115183E+03    -0.630926195E+00     0.554351070E-01
     0.999532918E+00     0.114111368E+03     0.113949928E+03    -0.645786634E+00    -0.330100555E+00
     0.999633539E+00     0.146141253E+03     0.145895775E+03    -0.516687361E+00    -0.260994514E+01
     0.999721967E+00     0.331855902E+03     0.331536877E+03    -0.192561143E+00    -0.746968922E+01
     0.999798200E+00     0.866493153E+03     0.866155969E+03     0.282320816E+00    -0.141624237E+02
     0.999862238E+00     0.195958680E+04     0.195930706E+04     0.744606784E+00    -0.201006119E+02
     0.999914078E+00     0.370101791E+04     0.370084536E+04     0.979103349E+00    -0.219137542E+02
     0.999953722E+00     0.591485394E+04     0.591478296E+04     0.862427607E+00    -0.178103306E+02
     0.999981170E+00     0.811446207E+04     0.811444712E+04     0.481551388E+00    -0.957274775E+01
     0.999996426E+00     0.964657198E+04     0.964657137E+04     0.108275676E+00    -0.211652771E+01
     0.100000000E+01     0.100426531E+05     0.100426531E+05     0.000000000E+00     0.000000000E+00
