#
# Optical properties to be used by ARTDECO
#
# Used model to obtain that properties is:
 mie3
# Used material is:
 opac_waso70
# Number of phase matrix elements :
           4
# number of wavelengths
           1
#  wlambda(microns)   nteta   Cext (microns^2)       SSA              g 
     0.550000000E+00    901     0.790283684E-02     0.981127676E+00    -0.327680000E+05
# Phase matrix
# lambda =      0.5500
#         u                 F11              F44               F21               F34
    -0.100000000E+01     0.206130131E+00    -0.206130131E+00     0.000000000E+00     0.000000000E+00
    -0.999996426E+00     0.206116496E+00    -0.206116493E+00     0.679575075E-05    -0.466031055E-05
    -0.999981170E+00     0.206058383E+00    -0.206058294E+00     0.357900084E-04    -0.244832825E-04
    -0.999953722E+00     0.205954221E+00    -0.205953687E+00     0.878860518E-04    -0.598547963E-04
    -0.999914078E+00     0.205804649E+00    -0.205802812E+00     0.162981109E-03    -0.110285844E-03
    -0.999862238E+00     0.205610614E+00    -0.205605906E+00     0.260911855E-03    -0.175065442E-03
    -0.999798200E+00     0.205373341E+00    -0.205363278E+00     0.381463992E-03    -0.253273209E-03
    -0.999721967E+00     0.205094324E+00    -0.205075309E+00     0.524373743E-03    -0.343788146E-03
    -0.999633539E+00     0.204775311E+00    -0.204742451E+00     0.689328792E-03    -0.445298675E-03
    -0.999532918E+00     0.204418290E+00    -0.204365223E+00     0.875969253E-03    -0.556314267E-03
    -0.999420104E+00     0.204025468E+00    -0.203944214E+00     0.108388875E-02    -0.675178569E-03
    -0.999295099E+00     0.203599255E+00    -0.203480078E+00     0.131263562E-02    -0.800083924E-03
    -0.999157904E+00     0.203142243E+00    -0.202973533E+00     0.156171426E-02    -0.929087136E-03
    -0.999008521E+00     0.202657184E+00    -0.202425358E+00     0.183058657E-02    -0.106012630E-02
    -0.998846952E+00     0.202146965E+00    -0.201836392E+00     0.211867358E-02    -0.119103858E-02
    -0.998673199E+00     0.201614584E+00    -0.201207531E+00     0.242535711E-02    -0.131957866E-02
    -0.998487263E+00     0.201063126E+00    -0.200539728E+00     0.274998159E-02    -0.144343778E-02
    -0.998289148E+00     0.200495740E+00    -0.199833985E+00     0.309185602E-02    -0.156026314E-02
    -0.998078856E+00     0.199915609E+00    -0.199091354E+00     0.345025595E-02    -0.166767740E-02
    -0.997856389E+00     0.199325928E+00    -0.198312933E+00     0.382442561E-02    -0.176329824E-02
    -0.997621750E+00     0.198729877E+00    -0.197499862E+00     0.421358010E-02    -0.184475767E-02
    -0.997374941E+00     0.198130600E+00    -0.196653322E+00     0.461690768E-02    -0.190972093E-02
    -0.997115967E+00     0.197531177E+00    -0.195774527E+00     0.503357208E-02    -0.195590484E-02
    -0.996844829E+00     0.196934606E+00    -0.194864727E+00     0.546271493E-02    -0.198109542E-02
    -0.996561531E+00     0.196343781E+00    -0.193925198E+00     0.590345822E-02    -0.198316466E-02
    -0.996266078E+00     0.195761470E+00    -0.192957241E+00     0.635490677E-02    -0.196008616E-02
    -0.995958471E+00     0.195190298E+00    -0.191962179E+00     0.681615082E-02    -0.190994972E-02
    -0.995638716E+00     0.194632734E+00    -0.190941350E+00     0.728626849E-02    -0.183097465E-02
    -0.995306815E+00     0.194091072E+00    -0.189896108E+00     0.776432847E-02    -0.172152159E-02
    -0.994962774E+00     0.193567421E+00    -0.188827814E+00     0.824939249E-02    -0.158010307E-02
    -0.994606596E+00     0.193063696E+00    -0.187737836E+00     0.874051799E-02    -0.140539243E-02
    -0.994238285E+00     0.192581607E+00    -0.186627541E+00     0.923676061E-02    -0.119623121E-02
    -0.993857847E+00     0.192122653E+00    -0.185498295E+00     0.973717675E-02    -0.951635001E-03
    -0.993465285E+00     0.191688120E+00    -0.184351457E+00     0.102408261E-01    -0.670797657E-03
    -0.993060604E+00     0.191279080E+00    -0.183188375E+00     0.107467741E-01    -0.353093945E-03
    -0.992643810E+00     0.190896385E+00    -0.182010385E+00     0.112540943E-01     0.191936484E-05
    -0.992214908E+00     0.190540677E+00    -0.180818804E+00     0.117618708E-01     0.394503934E-03
    -0.991773902E+00     0.190212385E+00    -0.179614928E+00     0.122692003E-01     0.824741754E-03
    -0.991320798E+00     0.189911736E+00    -0.178400028E+00     0.127751948E-01     0.129253843E-02
    -0.990855602E+00     0.189638756E+00    -0.177175349E+00     0.132789831E-01     0.179762781E-02
    -0.990378320E+00     0.189393286E+00    -0.175942104E+00     0.137797133E-01     0.233957777E-02
    -0.989888956E+00     0.189174986E+00    -0.174701473E+00     0.142765545E-01     0.291779718E-02
    -0.989387518E+00     0.188983349E+00    -0.173454601E+00     0.147686986E-01     0.353154387E-02
    -0.988874010E+00     0.188817712E+00    -0.172202594E+00     0.152553620E-01     0.417993342E-02
    -0.988348441E+00     0.188677269E+00    -0.170946517E+00     0.157357875E-01     0.486194881E-02
    -0.987810815E+00     0.188561087E+00    -0.169687394E+00     0.162092451E-01     0.557645063E-02
    -0.987261139E+00     0.188468114E+00    -0.168426205E+00     0.166750339E-01     0.632218785E-02
    -0.986699421E+00     0.188397200E+00    -0.167163884E+00     0.171324832E-01     0.709780895E-02
    -0.986125667E+00     0.188347107E+00    -0.165901318E+00     0.175809531E-01     0.790187334E-02
    -0.985539883E+00     0.188316525E+00    -0.164639348E+00     0.180198361E-01     0.873286287E-02
    -0.984942078E+00     0.188304086E+00    -0.163378767E+00     0.184485573E-01     0.958919342E-02
    -0.984332259E+00     0.188308375E+00    -0.162120320E+00     0.188665753E-01     0.104692263E-01
    -0.983710432E+00     0.188327951E+00    -0.160864702E+00     0.192733826E-01     0.113712797E-01
    -0.983076606E+00     0.188361349E+00    -0.159612563E+00     0.196685061E-01     0.122936392E-01
    -0.982430787E+00     0.188407100E+00    -0.158364503E+00     0.200515071E-01     0.132345691E-01
    -0.981772985E+00     0.188463741E+00    -0.157121076E+00     0.204219815E-01     0.141923217E-01
    -0.981103208E+00     0.188529820E+00    -0.155882790E+00     0.207795599E-01     0.151651475E-01
    -0.980421462E+00     0.188603912E+00    -0.154650109E+00     0.211239070E-01     0.161513039E-01
    -0.979727757E+00     0.188684625E+00    -0.153423452E+00     0.214547218E-01     0.171490637E-01
    -0.979022101E+00     0.188770605E+00    -0.152203197E+00     0.217717369E-01     0.181567225E-01
    -0.978304502E+00     0.188860547E+00    -0.150989681E+00     0.220747178E-01     0.191726059E-01
    -0.977574971E+00     0.188953196E+00    -0.149783204E+00     0.223634630E-01     0.201950758E-01
    -0.976833514E+00     0.189047354E+00    -0.148584029E+00     0.226378023E-01     0.212225357E-01
    -0.976080142E+00     0.189141883E+00    -0.147392382E+00     0.228975968E-01     0.222534354E-01
    -0.975314863E+00     0.189235708E+00    -0.146208462E+00     0.231427376E-01     0.232862753E-01
    -0.974537687E+00     0.189327816E+00    -0.145032434E+00     0.233731450E-01     0.243196097E-01
    -0.973748624E+00     0.189417260E+00    -0.143864436E+00     0.235887674E-01     0.253520493E-01
    -0.972947682E+00     0.189503158E+00    -0.142704582E+00     0.237895801E-01     0.263822637E-01
    -0.972134872E+00     0.189584692E+00    -0.141552962E+00     0.239755845E-01     0.274089820E-01
    -0.971310204E+00     0.189661106E+00    -0.140409645E+00     0.241468068E-01     0.284309948E-01
    -0.970473688E+00     0.189731707E+00    -0.139274683E+00     0.243032968E-01     0.294471535E-01
    -0.969625334E+00     0.189795859E+00    -0.138148112E+00     0.244451265E-01     0.304563712E-01
    -0.968765151E+00     0.189852985E+00    -0.137029951E+00     0.245723892E-01     0.314576213E-01
    -0.967893152E+00     0.189902558E+00    -0.135920211E+00     0.246851981E-01     0.324499376E-01
    -0.967009346E+00     0.189944105E+00    -0.134818890E+00     0.247836851E-01     0.334324123E-01
    -0.966113744E+00     0.189977198E+00    -0.133725980E+00     0.248679997E-01     0.344041952E-01
    -0.965206358E+00     0.190001454E+00    -0.132641467E+00     0.249383076E-01     0.353644917E-01
    -0.964287197E+00     0.190016532E+00    -0.131565330E+00     0.249947894E-01     0.363125617E-01
    -0.963356274E+00     0.190022126E+00    -0.130497546E+00     0.250376401E-01     0.372477168E-01
    -0.962413600E+00     0.190017966E+00    -0.129438091E+00     0.250670672E-01     0.381693193E-01
    -0.961459186E+00     0.190003813E+00    -0.128386939E+00     0.250832898E-01     0.390767798E-01
    -0.960493044E+00     0.189979457E+00    -0.127344064E+00     0.250865381E-01     0.399695552E-01
    -0.959515186E+00     0.189944716E+00    -0.126309444E+00     0.250770514E-01     0.408471472E-01
    -0.958525623E+00     0.189899430E+00    -0.125283054E+00     0.250550780E-01     0.417090999E-01
    -0.957524368E+00     0.189843460E+00    -0.124264875E+00     0.250208738E-01     0.425549985E-01
    -0.956511432E+00     0.189776691E+00    -0.123254889E+00     0.249747013E-01     0.433844676E-01
    -0.955486829E+00     0.189699023E+00    -0.122253081E+00     0.249168291E-01     0.441971693E-01
    -0.954450571E+00     0.189610376E+00    -0.121259439E+00     0.248475309E-01     0.449928019E-01
    -0.953402670E+00     0.189510685E+00    -0.120273955E+00     0.247670844E-01     0.457710989E-01
    -0.952343139E+00     0.189399904E+00    -0.119296622E+00     0.246757712E-01     0.465318272E-01
    -0.951271992E+00     0.189277999E+00    -0.118327436E+00     0.245738754E-01     0.472747863E-01
    -0.950189240E+00     0.189144953E+00    -0.117366394E+00     0.244616836E-01     0.479998073E-01
    -0.949094898E+00     0.189000763E+00    -0.116413498E+00     0.243394835E-01     0.487067517E-01
    -0.947988979E+00     0.188845443E+00    -0.115468746E+00     0.242075639E-01     0.493955110E-01
    -0.946871496E+00     0.188679020E+00    -0.114532141E+00     0.240662140E-01     0.500660052E-01
    -0.945742462E+00     0.188501537E+00    -0.113603682E+00     0.239157224E-01     0.507181828E-01
    -0.944601893E+00     0.188313054E+00    -0.112683370E+00     0.237563772E-01     0.513520195E-01
    -0.943449801E+00     0.188113646E+00    -0.111771204E+00     0.235884651E-01     0.519675179E-01
    -0.942286200E+00     0.187903402E+00    -0.110867178E+00     0.234122709E-01     0.525647064E-01
    -0.941111105E+00     0.187682432E+00    -0.109971287E+00     0.232280772E-01     0.531436388E-01
    -0.939924530E+00     0.187450858E+00    -0.109083519E+00     0.230361639E-01     0.537043935E-01
    -0.938726490E+00     0.187208822E+00    -0.108203860E+00     0.228368077E-01     0.542470725E-01
    -0.937516999E+00     0.186956479E+00    -0.107332290E+00     0.226302817E-01     0.547718008E-01
    -0.936296072E+00     0.186694005E+00    -0.106468783E+00     0.224168551E-01     0.552787253E-01
    -0.935063724E+00     0.186421587E+00    -0.105613310E+00     0.221967928E-01     0.557680142E-01
    -0.933819970E+00     0.186139432E+00    -0.104765833E+00     0.219703547E-01     0.562398554E-01
    -0.932564825E+00     0.185847759E+00    -0.103926308E+00     0.217377960E-01     0.566944559E-01
    -0.931298304E+00     0.185546804E+00    -0.103094684E+00     0.214993662E-01     0.571320405E-01
    -0.930020423E+00     0.185236814E+00    -0.102270905E+00     0.212553093E-01     0.575528502E-01
    -0.928731197E+00     0.184918051E+00    -0.101454905E+00     0.210058631E-01     0.579571415E-01
    -0.927430642E+00     0.184590787E+00    -0.100646613E+00     0.207512594E-01     0.583451845E-01
    -0.926118775E+00     0.184255305E+00    -0.998459509E-01     0.204917234E-01     0.587172617E-01
    -0.924795610E+00     0.183911898E+00    -0.990528327E-01     0.202274735E-01     0.590736666E-01
    -0.923461165E+00     0.183560863E+00    -0.982671666E-01     0.199587212E-01     0.594147020E-01
    -0.922115455E+00     0.183202509E+00    -0.974888546E-01     0.196856711E-01     0.597406788E-01
    -0.920758496E+00     0.182837145E+00    -0.967177927E-01     0.194085205E-01     0.600519140E-01
    -0.919390307E+00     0.182465086E+00    -0.959538715E-01     0.191274595E-01     0.603487298E-01
    -0.918010902E+00     0.182086648E+00    -0.951969770E-01     0.188426708E-01     0.606314515E-01
    -0.916620299E+00     0.181702148E+00    -0.944469906E-01     0.185543296E-01     0.609004065E-01
    -0.915218515E+00     0.181311902E+00    -0.937037901E-01     0.182626040E-01     0.611559227E-01
    -0.913805567E+00     0.180916222E+00    -0.929672504E-01     0.179676545E-01     0.613983273E-01
    -0.912381472E+00     0.180515420E+00    -0.922372439E-01     0.176696344E-01     0.616279452E-01
    -0.910946247E+00     0.180109799E+00    -0.915136411E-01     0.173686901E-01     0.618450983E-01
    -0.909499911E+00     0.179699660E+00    -0.907963117E-01     0.170649606E-01     0.620501040E-01
    -0.908042480E+00     0.179285295E+00    -0.900851250E-01     0.167585783E-01     0.622432746E-01
    -0.906573973E+00     0.178866988E+00    -0.893799503E-01     0.164496689E-01     0.624249159E-01
    -0.905094408E+00     0.178445016E+00    -0.886806583E-01     0.161383516E-01     0.625953272E-01
    -0.903603801E+00     0.178019647E+00    -0.879871207E-01     0.158247397E-01     0.627548000E-01
    -0.902102173E+00     0.177591139E+00    -0.872992118E-01     0.155089403E-01     0.629036178E-01
    -0.900589540E+00     0.177159739E+00    -0.866168082E-01     0.151910551E-01     0.630420557E-01
    -0.899065922E+00     0.176725687E+00    -0.859397897E-01     0.148711807E-01     0.631703801E-01
    -0.897531336E+00     0.176289209E+00    -0.852680399E-01     0.145494084E-01     0.632888487E-01
    -0.895985803E+00     0.175850525E+00    -0.846014460E-01     0.142258252E-01     0.633977101E-01
    -0.894429340E+00     0.175409842E+00    -0.839398996E-01     0.139005139E-01     0.634972043E-01
    -0.892861966E+00     0.174967360E+00    -0.832832969E-01     0.135735531E-01     0.635875628E-01
    -0.891283701E+00     0.174523268E+00    -0.826315387E-01     0.132450183E-01     0.636690085E-01
    -0.889694564E+00     0.174077746E+00    -0.819845307E-01     0.129149815E-01     0.637417565E-01
    -0.888094575E+00     0.173630967E+00    -0.813421833E-01     0.125835118E-01     0.638060142E-01
    -0.886483752E+00     0.173183097E+00    -0.807044122E-01     0.122506761E-01     0.638619821E-01
    -0.884862115E+00     0.172734291E+00    -0.800711374E-01     0.119165387E-01     0.639098539E-01
    -0.883229685E+00     0.172284701E+00    -0.794422841E-01     0.115811621E-01     0.639498174E-01
    -0.881586481E+00     0.171834473E+00    -0.788177819E-01     0.112446072E-01     0.639820549E-01
    -0.879932524E+00     0.171383745E+00    -0.781975645E-01     0.109069332E-01     0.640067440E-01
    -0.878267832E+00     0.170932653E+00    -0.775815701E-01     0.105681984E-01     0.640240577E-01
    -0.876592427E+00     0.170481327E+00    -0.769697403E-01     0.102284597E-01     0.640341655E-01
    -0.874906330E+00     0.170029895E+00    -0.763620206E-01     0.988777332E-02     0.640372340E-01
    -0.873209560E+00     0.169578480E+00    -0.757583591E-01     0.954619465E-02     0.640334266E-01
    -0.871502138E+00     0.169127206E+00    -0.751587069E-01     0.920377839E-02     0.640229052E-01
    -0.869784086E+00     0.168676190E+00    -0.745630175E-01     0.886057862E-02     0.640058296E-01
    -0.868055424E+00     0.168225551E+00    -0.739712462E-01     0.851664888E-02     0.639823584E-01
    -0.866316173E+00     0.167775404E+00    -0.733833498E-01     0.817204211E-02     0.639526493E-01
    -0.864566355E+00     0.167325865E+00    -0.727992864E-01     0.782681070E-02     0.639168592E-01
    -0.862805990E+00     0.166877048E+00    -0.722190148E-01     0.748100639E-02     0.638751448E-01
    -0.861035101E+00     0.166429066E+00    -0.716424941E-01     0.713468027E-02     0.638276623E-01
    -0.859253708E+00     0.165982030E+00    -0.710696837E-01     0.678788266E-02     0.637745676E-01
    -0.857461835E+00     0.165536053E+00    -0.705005423E-01     0.644066303E-02     0.637160165E-01
    -0.855659501E+00     0.165091244E+00    -0.699350285E-01     0.609306989E-02     0.636521646E-01
    -0.853846730E+00     0.164647713E+00    -0.693730997E-01     0.574515068E-02     0.635831673E-01
    -0.852023544E+00     0.164205568E+00    -0.688147124E-01     0.539695162E-02     0.635091795E-01
    -0.850189965E+00     0.163764917E+00    -0.682598219E-01     0.504851762E-02     0.634303554E-01
    -0.848346015E+00     0.163325866E+00    -0.677083819E-01     0.469989213E-02     0.633468486E-01
    -0.846491716E+00     0.162888518E+00    -0.671603449E-01     0.435111701E-02     0.632588115E-01
    -0.844627092E+00     0.162452977E+00    -0.666156614E-01     0.400223243E-02     0.631663952E-01
    -0.842752164E+00     0.162019342E+00    -0.660742805E-01     0.365327675E-02     0.630697492E-01
    -0.840866957E+00     0.161587713E+00    -0.655361498E-01     0.330428643E-02     0.629690212E-01
    -0.838971493E+00     0.161158185E+00    -0.650012150E-01     0.295529593E-02     0.628643564E-01
    -0.837065794E+00     0.160730852E+00    -0.644694204E-01     0.260633765E-02     0.627558977E-01
    -0.835149885E+00     0.160305804E+00    -0.639407089E-01     0.225744190E-02     0.626437850E-01
    -0.833223789E+00     0.159883129E+00    -0.634150220E-01     0.190863681E-02     0.625281552E-01
    -0.831287528E+00     0.159462912E+00    -0.628923002E-01     0.155994837E-02     0.624091417E-01
    -0.829341128E+00     0.159045234E+00    -0.623724828E-01     0.121140039E-02     0.622868741E-01
    -0.827384611E+00     0.158630173E+00    -0.618555085E-01     0.863014555E-03     0.621614784E-01
    -0.825418001E+00     0.158217805E+00    -0.613413152E-01     0.514810451E-03     0.620330762E-01
    -0.823441323E+00     0.157808201E+00    -0.608298405E-01     0.166805621E-03     0.619017853E-01
    -0.821454600E+00     0.157401428E+00    -0.603210220E-01    -0.180984353E-03     0.617677186E-01
    -0.819457857E+00     0.156997553E+00    -0.598147970E-01    -0.528545762E-03     0.616309849E-01
    -0.817451117E+00     0.156596636E+00    -0.593111032E-01    -0.875866661E-03     0.614916884E-01
    -0.815434407E+00     0.156198737E+00    -0.588098788E-01    -0.122293675E-02     0.613499288E-01
    -0.813407749E+00     0.155803909E+00    -0.583110626E-01    -0.156974726E-02     0.612058013E-01
    -0.811371170E+00     0.155412206E+00    -0.578145942E-01    -0.191629079E-02     0.610593967E-01
    -0.809324693E+00     0.155023677E+00    -0.573204143E-01    -0.226256119E-02     0.609108015E-01
    -0.807268344E+00     0.154638369E+00    -0.568284644E-01    -0.260855339E-02     0.607600978E-01
    -0.805202147E+00     0.154256325E+00    -0.563386878E-01    -0.295426329E-02     0.606073639E-01
    -0.803126129E+00     0.153877588E+00    -0.558510287E-01    -0.329968757E-02     0.604526742E-01
    -0.801040314E+00     0.153502196E+00    -0.553654329E-01    -0.364482357E-02     0.602960992E-01
    -0.798944727E+00     0.153130187E+00    -0.548818480E-01    -0.398966916E-02     0.601377062E-01
    -0.796839395E+00     0.152761597E+00    -0.544002226E-01    -0.433422257E-02     0.599775591E-01
    -0.794724343E+00     0.152396459E+00    -0.539205075E-01    -0.467848234E-02     0.598157191E-01
    -0.792599596E+00     0.152034805E+00    -0.534426545E-01    -0.502244711E-02     0.596522443E-01
    -0.790465181E+00     0.151676665E+00    -0.529666172E-01    -0.536611560E-02     0.594871905E-01
    -0.788321124E+00     0.151322068E+00    -0.524923508E-01    -0.570948648E-02     0.593206112E-01
    -0.786167451E+00     0.150971042E+00    -0.520198116E-01    -0.605255832E-02     0.591525581E-01
    -0.784004188E+00     0.150623614E+00    -0.515489575E-01    -0.639532950E-02     0.589830807E-01
    -0.781831362E+00     0.150279810E+00    -0.510797474E-01    -0.673779817E-02     0.588122274E-01
    -0.779648998E+00     0.149939653E+00    -0.506121415E-01    -0.707996223E-02     0.586400449E-01
    -0.777457124E+00     0.149603168E+00    -0.501461008E-01    -0.742181931E-02     0.584665789E-01
    -0.775255767E+00     0.149270378E+00    -0.496815873E-01    -0.776336673E-02     0.582918740E-01
    -0.773044953E+00     0.148941305E+00    -0.492185636E-01    -0.810460153E-02     0.581159740E-01
    -0.770824709E+00     0.148615969E+00    -0.487569929E-01    -0.844552051E-02     0.579389219E-01
    -0.768595062E+00     0.148294393E+00    -0.482968389E-01    -0.878612019E-02     0.577607601E-01
    -0.766356040E+00     0.147976595E+00    -0.478380656E-01    -0.912639691E-02     0.575815304E-01
    -0.764107670E+00     0.147662596E+00    -0.473806368E-01    -0.946634683E-02     0.574012741E-01
    -0.761849979E+00     0.147352414E+00    -0.469245169E-01    -0.980596600E-02     0.572200320E-01
    -0.759582994E+00     0.147046066E+00    -0.464696697E-01    -0.101452504E-01     0.570378445E-01
    -0.757306744E+00     0.146743571E+00    -0.460160591E-01    -0.104841960E-01     0.568547517E-01
    -0.755021257E+00     0.146444945E+00    -0.455636486E-01    -0.108227989E-01     0.566707928E-01
    -0.752726559E+00     0.146150205E+00    -0.451124012E-01    -0.111610553E-01     0.564860070E-01
    -0.750422679E+00     0.145859366E+00    -0.446622796E-01    -0.114989613E-01     0.563004325E-01
    -0.748109646E+00     0.145572443E+00    -0.442132460E-01    -0.118365137E-01     0.561141072E-01
    -0.745787487E+00     0.145289451E+00    -0.437652617E-01    -0.121737093E-01     0.559270683E-01
    -0.743456231E+00     0.145010405E+00    -0.433182879E-01    -0.125105452E-01     0.557393522E-01
    -0.741115906E+00     0.144735316E+00    -0.428722847E-01    -0.128470191E-01     0.555509944E-01
    -0.738766540E+00     0.144464200E+00    -0.424272120E-01    -0.131831289E-01     0.553620296E-01
    -0.736408163E+00     0.144197067E+00    -0.419830288E-01    -0.135188731E-01     0.551724916E-01
    -0.734040803E+00     0.143933931E+00    -0.415396936E-01    -0.138542507E-01     0.549824131E-01
    -0.731664489E+00     0.143674803E+00    -0.410971646E-01    -0.141892611E-01     0.547918258E-01
    -0.729279250E+00     0.143419695E+00    -0.406553990E-01    -0.145239043E-01     0.546007599E-01
    -0.726885115E+00     0.143168618E+00    -0.402143541E-01    -0.148581809E-01     0.544092449E-01
    -0.724482113E+00     0.142921583E+00    -0.397739864E-01    -0.151920919E-01     0.542173087E-01
    -0.722070274E+00     0.142678601E+00    -0.393342524E-01    -0.155256389E-01     0.540249780E-01
    -0.719649627E+00     0.142439682E+00    -0.388951081E-01    -0.158588240E-01     0.538322783E-01
    -0.717220202E+00     0.142204837E+00    -0.384565095E-01    -0.161916499E-01     0.536392335E-01
    -0.714782027E+00     0.141974076E+00    -0.380184126E-01    -0.165241197E-01     0.534458664E-01
    -0.712335134E+00     0.141747409E+00    -0.375807732E-01    -0.168562371E-01     0.532521986E-01
    -0.709879551E+00     0.141524847E+00    -0.371435472E-01    -0.171880060E-01     0.530582503E-01
    -0.707415310E+00     0.141306398E+00    -0.367066907E-01    -0.175194309E-01     0.528640402E-01
    -0.704942438E+00     0.141092074E+00    -0.362701600E-01    -0.178505166E-01     0.526695863E-01
    -0.702460968E+00     0.140881885E+00    -0.358339118E-01    -0.181812683E-01     0.524749051E-01
    -0.699970929E+00     0.140675839E+00    -0.353979028E-01    -0.185116916E-01     0.522800121E-01
    -0.697472352E+00     0.140473947E+00    -0.349620904E-01    -0.188417921E-01     0.520849218E-01
    -0.694965267E+00     0.140276219E+00    -0.345264322E-01    -0.191715759E-01     0.518896478E-01
    -0.692449704E+00     0.140082665E+00    -0.340908866E-01    -0.195010492E-01     0.516942028E-01
    -0.689925695E+00     0.139893293E+00    -0.336554121E-01    -0.198302183E-01     0.514985986E-01
    -0.687393270E+00     0.139708114E+00    -0.332199678E-01    -0.201590898E-01     0.513028465E-01
    -0.684852459E+00     0.139527137E+00    -0.327845136E-01    -0.204876703E-01     0.511069571E-01
    -0.682303295E+00     0.139350370E+00    -0.323490096E-01    -0.208159664E-01     0.509109403E-01
    -0.679745808E+00     0.139177824E+00    -0.319134165E-01    -0.211439848E-01     0.507148058E-01
    -0.677180029E+00     0.139009507E+00    -0.314776956E-01    -0.214717323E-01     0.505185626E-01
    -0.674605990E+00     0.138845426E+00    -0.310418087E-01    -0.217992156E-01     0.503222196E-01
    -0.672023722E+00     0.138685591E+00    -0.306057178E-01    -0.221264414E-01     0.501257853E-01
    -0.669433257E+00     0.138530009E+00    -0.301693858E-01    -0.224534161E-01     0.499292680E-01
    -0.666834625E+00     0.138378688E+00    -0.297327756E-01    -0.227801464E-01     0.497326758E-01
    -0.664227859E+00     0.138231636E+00    -0.292958506E-01    -0.231066385E-01     0.495360166E-01
    -0.661612991E+00     0.138088858E+00    -0.288585745E-01    -0.234328988E-01     0.493392982E-01
    -0.658990052E+00     0.137950363E+00    -0.284209114E-01    -0.237589334E-01     0.491425283E-01
    -0.656359075E+00     0.137816155E+00    -0.279828256E-01    -0.240847481E-01     0.489457144E-01
    -0.653720092E+00     0.137686241E+00    -0.275442813E-01    -0.244103487E-01     0.487488640E-01
    -0.651073134E+00     0.137560628E+00    -0.271052433E-01    -0.247357408E-01     0.485519843E-01
    -0.648418234E+00     0.137439319E+00    -0.266656762E-01    -0.250609296E-01     0.483550825E-01
    -0.645755425E+00     0.137322321E+00    -0.262255448E-01    -0.253859204E-01     0.481581656E-01
    -0.643084738E+00     0.137209638E+00    -0.257848138E-01    -0.257107180E-01     0.479612401E-01
    -0.640406207E+00     0.137101275E+00    -0.253434479E-01    -0.260353272E-01     0.477643127E-01
    -0.637719864E+00     0.136997238E+00    -0.249014118E-01    -0.263597522E-01     0.475673894E-01
    -0.635025743E+00     0.136897529E+00    -0.244586701E-01    -0.266839973E-01     0.473704760E-01
    -0.632323875E+00     0.136802155E+00    -0.240151872E-01    -0.270080666E-01     0.471735781E-01
    -0.629614293E+00     0.136711120E+00    -0.235709275E-01    -0.273319637E-01     0.469767005E-01
    -0.626897032E+00     0.136624429E+00    -0.231258550E-01    -0.276556922E-01     0.467798477E-01
    -0.624172124E+00     0.136542086E+00    -0.226799337E-01    -0.279792553E-01     0.465830236E-01
    -0.621439601E+00     0.136464098E+00    -0.222331273E-01    -0.283026563E-01     0.463862317E-01
    -0.618699499E+00     0.136390468E+00    -0.217853993E-01    -0.286258981E-01     0.461894746E-01
    -0.615951849E+00     0.136321204E+00    -0.213367129E-01    -0.289489834E-01     0.459927544E-01
    -0.613196686E+00     0.136256311E+00    -0.208870311E-01    -0.292719151E-01     0.457960725E-01
    -0.610434042E+00     0.136195797E+00    -0.204363166E-01    -0.295946955E-01     0.455994297E-01
    -0.607663953E+00     0.136139667E+00    -0.199845319E-01    -0.299173274E-01     0.454028259E-01
    -0.604886451E+00     0.136087931E+00    -0.195316391E-01    -0.302398131E-01     0.452062605E-01
    -0.602101571E+00     0.136040595E+00    -0.190776003E-01    -0.305621552E-01     0.450097319E-01
    -0.599309346E+00     0.135997669E+00    -0.186223770E-01    -0.308843562E-01     0.448132382E-01
    -0.596509810E+00     0.135959161E+00    -0.181659307E-01    -0.312064186E-01     0.446167766E-01
    -0.593702999E+00     0.135925082E+00    -0.177082225E-01    -0.315283453E-01     0.444203436E-01
    -0.590888945E+00     0.135895443E+00    -0.172492134E-01    -0.318501391E-01     0.442239353E-01
    -0.588067683E+00     0.135870253E+00    -0.167888639E-01    -0.321718032E-01     0.440275470E-01
    -0.585239248E+00     0.135849524E+00    -0.163271345E-01    -0.324933408E-01     0.438311738E-01
    -0.582403674E+00     0.135833270E+00    -0.158639854E-01    -0.328147556E-01     0.436348102E-01
    -0.579560995E+00     0.135821501E+00    -0.153993765E-01    -0.331360514E-01     0.434384502E-01
    -0.576711247E+00     0.135814231E+00    -0.149332676E-01    -0.334572326E-01     0.432420877E-01
    -0.573854464E+00     0.135811474E+00    -0.144656182E-01    -0.337783036E-01     0.430457164E-01
    -0.570990682E+00     0.135813243E+00    -0.139963876E-01    -0.340992696E-01     0.428493295E-01
    -0.568119934E+00     0.135819552E+00    -0.135255351E-01    -0.344201359E-01     0.426529205E-01
    -0.565242256E+00     0.135830417E+00    -0.130530195E-01    -0.347409082E-01     0.424564827E-01
    -0.562357683E+00     0.135845852E+00    -0.125787997E-01    -0.350615927E-01     0.422600094E-01
    -0.559466250E+00     0.135865873E+00    -0.121028344E-01    -0.353821961E-01     0.420634941E-01
    -0.556567993E+00     0.135890494E+00    -0.116250822E-01    -0.357027252E-01     0.418669304E-01
    -0.553662947E+00     0.135919731E+00    -0.111455014E-01    -0.360231873E-01     0.416703121E-01
    -0.550751146E+00     0.135953600E+00    -0.106640504E-01    -0.363435902E-01     0.414736334E-01
    -0.547832628E+00     0.135992117E+00    -0.101806874E-01    -0.366639417E-01     0.412768888E-01
    -0.544907427E+00     0.136035297E+00    -0.969537059E-02    -0.369842501E-01     0.410800729E-01
    -0.541975580E+00     0.136083158E+00    -0.920805804E-02    -0.373045237E-01     0.408831810E-01
    -0.539037121E+00     0.136135714E+00    -0.871870781E-02    -0.376247713E-01     0.406862085E-01
    -0.536092087E+00     0.136192983E+00    -0.822727793E-02    -0.379450014E-01     0.404891514E-01
    -0.533140513E+00     0.136254980E+00    -0.773372640E-02    -0.382652227E-01     0.402920058E-01
    -0.530182436E+00     0.136321722E+00    -0.723801125E-02    -0.385854441E-01     0.400947684E-01
    -0.527217892E+00     0.136393225E+00    -0.674009050E-02    -0.389056741E-01     0.398974360E-01
    -0.524246916E+00     0.136469506E+00    -0.623992221E-02    -0.392259213E-01     0.397000060E-01
    -0.521269546E+00     0.136550581E+00    -0.573746446E-02    -0.395461939E-01     0.395024757E-01
    -0.518285817E+00     0.136636467E+00    -0.523267538E-02    -0.398664999E-01     0.393048429E-01
    -0.515295766E+00     0.136727182E+00    -0.472551315E-02    -0.401868472E-01     0.391071053E-01
    -0.512299430E+00     0.136822742E+00    -0.421593600E-02    -0.405072429E-01     0.389092607E-01
    -0.509296844E+00     0.136923165E+00    -0.370390221E-02    -0.408276940E-01     0.387113071E-01
    -0.506288046E+00     0.137028469E+00    -0.318937011E-02    -0.411482070E-01     0.385132422E-01
    -0.503273071E+00     0.137138671E+00    -0.267229804E-02    -0.414687878E-01     0.383150639E-01
    -0.500251958E+00     0.137253789E+00    -0.215264442E-02    -0.417894419E-01     0.381167695E-01
    -0.497224743E+00     0.137373843E+00    -0.163036764E-02    -0.421101742E-01     0.379183564E-01
    -0.494191462E+00     0.137498852E+00    -0.110542610E-02    -0.424309890E-01     0.377198215E-01
    -0.491152153E+00     0.137628834E+00    -0.577778170E-03    -0.427518902E-01     0.375211612E-01
    -0.488106853E+00     0.137763811E+00    -0.473821779E-04    -0.430728811E-01     0.373223717E-01
    -0.485055599E+00     0.137903803E+00     0.485803643E-03    -0.433939645E-01     0.371234487E-01
    -0.481998428E+00     0.138048831E+00     0.102182117E-02    -0.437151428E-01     0.369243871E-01
    -0.478935377E+00     0.138198916E+00     0.156071243E-02    -0.440364180E-01     0.367251815E-01
    -0.475866485E+00     0.138354082E+00     0.210251964E-02    -0.443577914E-01     0.365258259E-01
    -0.472791787E+00     0.138514350E+00     0.264728525E-02    -0.446792645E-01     0.363263136E-01
    -0.469711323E+00     0.138679745E+00     0.319505196E-02    -0.450008381E-01     0.361266374E-01
    -0.466625128E+00     0.138850291E+00     0.374586280E-02    -0.453225130E-01     0.359267893E-01
    -0.463533242E+00     0.139026013E+00     0.429976116E-02    -0.456442898E-01     0.357267611E-01
    -0.460435701E+00     0.139206936E+00     0.485679080E-02    -0.459661692E-01     0.355265437E-01
    -0.457332544E+00     0.139393087E+00     0.541699594E-02    -0.462881516E-01     0.353261276E-01
    -0.454223809E+00     0.139584492E+00     0.598042127E-02    -0.466102378E-01     0.351255030E-01
    -0.451109532E+00     0.139781179E+00     0.654711199E-02    -0.469324286E-01     0.349246594E-01
    -0.447989753E+00     0.139983176E+00     0.711711385E-02    -0.472547249E-01     0.347235861E-01
    -0.444864509E+00     0.140190512E+00     0.769047316E-02    -0.475771280E-01     0.345222721E-01
    -0.441733839E+00     0.140403217E+00     0.826723687E-02    -0.478996396E-01     0.343207062E-01
    -0.438597780E+00     0.140621320E+00     0.884745252E-02    -0.482222615E-01     0.341188769E-01
    -0.435456371E+00     0.140844852E+00     0.943116830E-02    -0.485449961E-01     0.339167728E-01
    -0.432309650E+00     0.141073845E+00     0.100184330E-01    -0.488678461E-01     0.337143823E-01
    -0.429157656E+00     0.141308329E+00     0.106092962E-01    -0.491908147E-01     0.335116940E-01
    -0.426000427E+00     0.141548338E+00     0.112038080E-01    -0.495139056E-01     0.333086966E-01
    -0.422838001E+00     0.141793904E+00     0.118020192E-01    -0.498371227E-01     0.331053788E-01
    -0.419670418E+00     0.142045060E+00     0.124039812E-01    -0.501604704E-01     0.329017297E-01
    -0.416497715E+00     0.142301840E+00     0.130097460E-01    -0.504839536E-01     0.326977388E-01
    -0.413319932E+00     0.142564278E+00     0.136193662E-01    -0.508075773E-01     0.324933956E-01
    -0.410137107E+00     0.142832409E+00     0.142328951E-01    -0.511313471E-01     0.322886903E-01
    -0.406949279E+00     0.143106267E+00     0.148503863E-01    -0.514552686E-01     0.320836132E-01
    -0.403756487E+00     0.143385889E+00     0.154718941E-01    -0.517793477E-01     0.318781551E-01
    -0.400558770E+00     0.143671310E+00     0.160974730E-01    -0.521035902E-01     0.316723073E-01
    -0.397356167E+00     0.143962566E+00     0.167271781E-01    -0.524280022E-01     0.314660613E-01
    -0.394148716E+00     0.144259695E+00     0.173610650E-01    -0.527525897E-01     0.312594090E-01
    -0.390936458E+00     0.144562732E+00     0.179991892E-01    -0.530773586E-01     0.310523428E-01
    -0.387719431E+00     0.144871716E+00     0.186416070E-01    -0.534023145E-01     0.308448553E-01
    -0.384497675E+00     0.145186684E+00     0.192883746E-01    -0.537274629E-01     0.306369392E-01
    -0.381271228E+00     0.145507676E+00     0.199395484E-01    -0.540528089E-01     0.304285877E-01
    -0.378040131E+00     0.145834728E+00     0.205951853E-01    -0.543783574E-01     0.302197938E-01
    -0.374804422E+00     0.146167881E+00     0.212553421E-01    -0.547041126E-01     0.300105508E-01
    -0.371564141E+00     0.146507174E+00     0.219200758E-01    -0.550300787E-01     0.298008519E-01
    -0.368319328E+00     0.146852647E+00     0.225894435E-01    -0.553562589E-01     0.295906904E-01
    -0.365070022E+00     0.147204340E+00     0.232635024E-01    -0.556826562E-01     0.293800593E-01
    -0.361816262E+00     0.147562295E+00     0.239423099E-01    -0.560092731E-01     0.291689514E-01
    -0.358558090E+00     0.147926552E+00     0.246259235E-01    -0.563361114E-01     0.289573593E-01
    -0.355295543E+00     0.148297155E+00     0.253144006E-01    -0.566631726E-01     0.287452752E-01
    -0.352028662E+00     0.148674144E+00     0.260077992E-01    -0.569904575E-01     0.285326910E-01
    -0.348757488E+00     0.149057564E+00     0.267061770E-01    -0.573179667E-01     0.283195980E-01
    -0.345482059E+00     0.149447458E+00     0.274095921E-01    -0.576457002E-01     0.281059871E-01
    -0.342202416E+00     0.149843871E+00     0.281181031E-01    -0.579736578E-01     0.278918489E-01
    -0.338918598E+00     0.150246847E+00     0.288317685E-01    -0.583018389E-01     0.276771730E-01
    -0.335630647E+00     0.150656431E+00     0.295506475E-01    -0.586302428E-01     0.274619489E-01
    -0.332338601E+00     0.151072671E+00     0.302747994E-01    -0.589588686E-01     0.272461653E-01
    -0.329042501E+00     0.151495613E+00     0.310042842E-01    -0.592877154E-01     0.270298106E-01
    -0.325742388E+00     0.151925305E+00     0.317391624E-01    -0.596167821E-01     0.268128723E-01
    -0.322438301E+00     0.152361796E+00     0.324794951E-01    -0.599460680E-01     0.265953379E-01
    -0.319130281E+00     0.152805135E+00     0.332253439E-01    -0.602755725E-01     0.263771941E-01
    -0.315818368E+00     0.153255372E+00     0.339767715E-01    -0.606052950E-01     0.261584275E-01
    -0.312502602E+00     0.153712558E+00     0.347338410E-01    -0.609352355E-01     0.259390241E-01
    -0.309183025E+00     0.154176746E+00     0.354966166E-01    -0.612653942E-01     0.257189701E-01
    -0.305859676E+00     0.154647987E+00     0.362651633E-01    -0.615957718E-01     0.254982510E-01
    -0.302532596E+00     0.155126336E+00     0.370395471E-01    -0.619263694E-01     0.252768528E-01
    -0.299201826E+00     0.155611848E+00     0.378198349E-01    -0.622571886E-01     0.250547609E-01
    -0.295867406E+00     0.156104577E+00     0.386060948E-01    -0.625882314E-01     0.248319614E-01
    -0.292529377E+00     0.156604582E+00     0.393983957E-01    -0.629195005E-01     0.246084401E-01
    -0.289187780E+00     0.157111918E+00     0.401968079E-01    -0.632509988E-01     0.243841834E-01
    -0.285842655E+00     0.157626645E+00     0.410014024E-01    -0.635827299E-01     0.241591777E-01
    -0.282494043E+00     0.158148822E+00     0.418122515E-01    -0.639146977E-01     0.239334100E-01
    -0.279141986E+00     0.158678510E+00     0.426294285E-01    -0.642469063E-01     0.237068678E-01
    -0.275786523E+00     0.159215770E+00     0.434530077E-01    -0.645793602E-01     0.234795390E-01
    -0.272427697E+00     0.159760665E+00     0.442830645E-01    -0.649120643E-01     0.232514120E-01
    -0.269065547E+00     0.160313257E+00     0.451196752E-01    -0.652450234E-01     0.230224759E-01
    -0.265700115E+00     0.160873612E+00     0.459629170E-01    -0.655782422E-01     0.227927204E-01
    -0.262331442E+00     0.161441794E+00     0.468128679E-01    -0.659117257E-01     0.225621357E-01
    -0.258959569E+00     0.162017870E+00     0.476696071E-01    -0.662454785E-01     0.223307125E-01
    -0.255584537E+00     0.162601906E+00     0.485332140E-01    -0.665795048E-01     0.220984423E-01
    -0.252206387E+00     0.163193971E+00     0.494037692E-01    -0.669138087E-01     0.218653167E-01
    -0.248825161E+00     0.163794134E+00     0.502813536E-01    -0.672483937E-01     0.216313281E-01
    -0.245440900E+00     0.164402464E+00     0.511660489E-01    -0.675832628E-01     0.213964691E-01
    -0.242053645E+00     0.165019031E+00     0.520579371E-01    -0.679184182E-01     0.211607326E-01
    -0.238663437E+00     0.165643907E+00     0.529571009E-01    -0.682538615E-01     0.209241118E-01
    -0.235270318E+00     0.166277164E+00     0.538636232E-01    -0.685895935E-01     0.206865998E-01
    -0.231874329E+00     0.166918874E+00     0.547775874E-01    -0.689256142E-01     0.204481900E-01
    -0.228475511E+00     0.167569111E+00     0.556990773E-01    -0.692619227E-01     0.202088754E-01
    -0.225073907E+00     0.168227949E+00     0.566281767E-01    -0.695985172E-01     0.199686488E-01
    -0.221669557E+00     0.168895463E+00     0.575649701E-01    -0.699353951E-01     0.197275029E-01
    -0.218262503E+00     0.169571728E+00     0.585095420E-01    -0.702725529E-01     0.194854296E-01
    -0.214852787E+00     0.170256821E+00     0.594619772E-01    -0.706099863E-01     0.192424205E-01
    -0.211440450E+00     0.170950817E+00     0.604223610E-01    -0.709476901E-01     0.189984665E-01
    -0.208025533E+00     0.171653795E+00     0.613907788E-01    -0.712856586E-01     0.187535577E-01
    -0.204608079E+00     0.172365832E+00     0.623673166E-01    -0.716238855E-01     0.185076834E-01
    -0.201188129E+00     0.173087008E+00     0.633520607E-01    -0.719623637E-01     0.182608319E-01
    -0.197765726E+00     0.173817401E+00     0.643450979E-01    -0.723010860E-01     0.180129908E-01
    -0.194340909E+00     0.174557092E+00     0.653465155E-01    -0.726400447E-01     0.177641464E-01
    -0.190913722E+00     0.175306163E+00     0.663564018E-01    -0.729792322E-01     0.175142843E-01
    -0.187484207E+00     0.176064694E+00     0.673748454E-01    -0.733186406E-01     0.172633889E-01
    -0.184052404E+00     0.176832768E+00     0.684019359E-01    -0.736582621E-01     0.170114436E-01
    -0.180618356E+00     0.177610469E+00     0.694377641E-01    -0.739980895E-01     0.167584310E-01
    -0.177182105E+00     0.178397881E+00     0.704824216E-01    -0.743381156E-01     0.165043327E-01
    -0.173743693E+00     0.179195089E+00     0.715360012E-01    -0.746783339E-01     0.162491294E-01
    -0.170303161E+00     0.180002180E+00     0.725985970E-01    -0.750187384E-01     0.159928012E-01
    -0.166860552E+00     0.180819242E+00     0.736703044E-01    -0.753593240E-01     0.157353275E-01
    -0.163415907E+00     0.181646364E+00     0.747512206E-01    -0.757000861E-01     0.154766870E-01
    -0.159969269E+00     0.182483634E+00     0.758414440E-01    -0.760410213E-01     0.152168583E-01
    -0.156520680E+00     0.183331146E+00     0.769410749E-01    -0.763821270E-01     0.149558194E-01
    -0.153070182E+00     0.184188990E+00     0.780502153E-01    -0.767234016E-01     0.146935484E-01
    -0.149617816E+00     0.185057263E+00     0.791689689E-01    -0.770648446E-01     0.144300233E-01
    -0.146163625E+00     0.185936059E+00     0.802974414E-01    -0.774064564E-01     0.141652223E-01
    -0.142707652E+00     0.186825475E+00     0.814357405E-01    -0.777482382E-01     0.138991238E-01
    -0.139249937E+00     0.187725612E+00     0.825839755E-01    -0.780901926E-01     0.136317069E-01
    -0.135790524E+00     0.188636568E+00     0.837422581E-01    -0.784323225E-01     0.133629509E-01
    -0.132329454E+00     0.189558448E+00     0.849107017E-01    -0.787746321E-01     0.130928361E-01
    -0.128866771E+00     0.190491354E+00     0.860894216E-01    -0.791171258E-01     0.128213436E-01
    -0.125402515E+00     0.191435392E+00     0.872785351E-01    -0.794598089E-01     0.125484552E-01
    -0.121936730E+00     0.192390671E+00     0.884781613E-01    -0.798026869E-01     0.122741539E-01
    -0.118469457E+00     0.193357300E+00     0.896884211E-01    -0.801457656E-01     0.119984237E-01
    -0.115000739E+00     0.194335389E+00     0.909094372E-01    -0.804890509E-01     0.117212497E-01
    -0.111530618E+00     0.195325053E+00     0.921413339E-01    -0.808325487E-01     0.114426181E-01
    -0.108059137E+00     0.196326406E+00     0.933842370E-01    -0.811762645E-01     0.111625162E-01
    -0.104586338E+00     0.197339563E+00     0.946382737E-01    -0.815202036E-01     0.108809326E-01
    -0.101112263E+00     0.198364645E+00     0.959035727E-01    -0.818643706E-01     0.105978567E-01
    -0.976369546E-01     0.199401770E+00     0.971802637E-01    -0.822087694E-01     0.103132791E-01
    -0.941604551E-01     0.200451060E+00     0.984684778E-01    -0.825534030E-01     0.100271912E-01
    -0.906828071E-01     0.201512639E+00     0.997683469E-01    -0.828982733E-01     0.973958540E-02
    -0.872040529E-01     0.202586630E+00     0.101080004E+00    -0.832433814E-01     0.945045455E-02
    -0.837242350E-01     0.203673161E+00     0.102403582E+00    -0.835887267E-01     0.915979219E-02
    -0.802433958E-01     0.204772357E+00     0.103739217E+00    -0.839343077E-01     0.886759226E-02
    -0.767615777E-01     0.205884349E+00     0.105087042E+00    -0.842801212E-01     0.857384890E-02
    -0.732788233E-01     0.207009267E+00     0.106447194E+00    -0.846261628E-01     0.827855636E-02
    -0.697951750E-01     0.208147240E+00     0.107819809E+00    -0.849724265E-01     0.798170876E-02
    -0.663106754E-01     0.209298403E+00     0.109205023E+00    -0.853189051E-01     0.768329994E-02
    -0.628253669E-01     0.210462888E+00     0.110602973E+00    -0.856655898E-01     0.738332329E-02
    -0.593392920E-01     0.211640830E+00     0.112013797E+00    -0.860124706E-01     0.708177155E-02
    -0.558524933E-01     0.212832365E+00     0.113437633E+00    -0.863595363E-01     0.677863667E-02
    -0.523650132E-01     0.214037630E+00     0.114874620E+00    -0.867067744E-01     0.647390965E-02
    -0.488768945E-01     0.215256761E+00     0.116324897E+00    -0.870541717E-01     0.616758038E-02
    -0.453881795E-01     0.216489899E+00     0.117788603E+00    -0.874017139E-01     0.585963753E-02
    -0.418989108E-01     0.217737181E+00     0.119265880E+00    -0.877493860E-01     0.555006845E-02
    -0.384091311E-01     0.218998750E+00     0.120756868E+00    -0.880971725E-01     0.523885906E-02
    -0.349188828E-01     0.220274747E+00     0.122261711E+00    -0.884450578E-01     0.492599379E-02
    -0.314282086E-01     0.221565315E+00     0.123780551E+00    -0.887930257E-01     0.461145556E-02
    -0.279371510E-01     0.222870598E+00     0.125313535E+00    -0.891410604E-01     0.429522574E-02
    -0.244457526E-01     0.224190742E+00     0.126860808E+00    -0.894891460E-01     0.397728414E-02
    -0.209540561E-01     0.225525893E+00     0.128422518E+00    -0.898372672E-01     0.365760909E-02
    -0.174621039E-01     0.226876200E+00     0.129998816E+00    -0.901854092E-01     0.333617745E-02
    -0.139699388E-01     0.228241812E+00     0.131589853E+00    -0.905335579E-01     0.301296471E-02
    -0.104776032E-01     0.229622882E+00     0.133195783E+00    -0.908816999E-01     0.268794510E-02
    -0.698513979E-02     0.231019562E+00     0.134816764E+00    -0.912298231E-01     0.236109169E-02
    -0.349259120E-02     0.232432007E+00     0.136452954E+00    -0.915779162E-01     0.203237654E-02
     0.246519033E-30     0.233860376E+00     0.138104515E+00    -0.919259692E-01     0.170177087E-02
     0.349259120E-02     0.235304827E+00     0.139771612E+00    -0.922739733E-01     0.136924521E-02
     0.698513979E-02     0.236765522E+00     0.141454413E+00    -0.926219211E-01     0.103476958E-02
     0.104776032E-01     0.238242626E+00     0.143153087E+00    -0.929698062E-01     0.698313720E-03
     0.139699388E-01     0.239736306E+00     0.144867810E+00    -0.933176237E-01     0.359847227E-03
     0.174621039E-01     0.241246730E+00     0.146598759E+00    -0.936653698E-01     0.193397854E-04
     0.209540561E-01     0.242774072E+00     0.148346114E+00    -0.940130419E-01    -0.323238653E-03
     0.244457526E-01     0.244318507E+00     0.150110059E+00    -0.943606385E-01    -0.667917682E-03
     0.279371510E-01     0.245880212E+00     0.151890783E+00    -0.947081591E-01    -0.101472626E-02
     0.314282086E-01     0.247459369E+00     0.153688476E+00    -0.950556037E-01    -0.136369255E-02
     0.349188828E-01     0.249056163E+00     0.155503333E+00    -0.954029735E-01    -0.171484375E-02
     0.384091311E-01     0.250670781E+00     0.157335552E+00    -0.957502699E-01    -0.206820600E-02
     0.418989108E-01     0.252303414E+00     0.159185333E+00    -0.960974946E-01    -0.242380423E-02
     0.453881795E-01     0.253954256E+00     0.161052882E+00    -0.964446497E-01    -0.278166206E-02
     0.488768945E-01     0.255623505E+00     0.162938406E+00    -0.967917372E-01    -0.314180179E-02
     0.523650132E-01     0.257311360E+00     0.164842115E+00    -0.971387588E-01    -0.350424428E-02
     0.558524933E-01     0.259018025E+00     0.166764222E+00    -0.974857160E-01    -0.386900897E-02
     0.593392920E-01     0.260743708E+00     0.168704945E+00    -0.978326096E-01    -0.423611391E-02
     0.628253669E-01     0.262488617E+00     0.170664501E+00    -0.981794398E-01    -0.460557571E-02
     0.663106754E-01     0.264252966E+00     0.172643113E+00    -0.985262059E-01    -0.497740969E-02
     0.697951750E-01     0.266036971E+00     0.174641002E+00    -0.988729060E-01    -0.535162989E-02
     0.732788233E-01     0.267840850E+00     0.176658395E+00    -0.992195373E-01    -0.572824920E-02
     0.767615777E-01     0.269664825E+00     0.178695520E+00    -0.995660957E-01    -0.610727946E-02
     0.802433958E-01     0.271509119E+00     0.180752606E+00    -0.999125757E-01    -0.648873166E-02
     0.837242350E-01     0.273373959E+00     0.182829884E+00    -0.100258970E+00    -0.687261600E-02
     0.872040529E-01     0.275259574E+00     0.184927587E+00    -0.100605271E+00    -0.725894214E-02
     0.906828071E-01     0.277166195E+00     0.187045948E+00    -0.100951469E+00    -0.764771935E-02
     0.941604551E-01     0.279094057E+00     0.189185205E+00    -0.101297552E+00    -0.803895670E-02
     0.976369546E-01     0.281043393E+00     0.191345593E+00    -0.101643508E+00    -0.843266324E-02
     0.101112263E+00     0.283014443E+00     0.193527352E+00    -0.101989322E+00    -0.882884822E-02
     0.104586338E+00     0.285007446E+00     0.195730720E+00    -0.102334980E+00    -0.922752126E-02
     0.108059137E+00     0.287022644E+00     0.197955939E+00    -0.102680465E+00    -0.962869255E-02
     0.111530618E+00     0.289060280E+00     0.200203252E+00    -0.103025759E+00    -0.100323730E-01
     0.115000739E+00     0.291120599E+00     0.202472902E+00    -0.103370843E+00    -0.104385745E-01
     0.118469457E+00     0.293203850E+00     0.204765135E+00    -0.103715698E+00    -0.108473099E-01
     0.121936730E+00     0.295310280E+00     0.207080198E+00    -0.104060304E+00    -0.112585933E-01
     0.125402515E+00     0.297440143E+00     0.209418339E+00    -0.104404639E+00    -0.116724402E-01
     0.128866771E+00     0.299593689E+00     0.211779809E+00    -0.104748684E+00    -0.120888675E-01
     0.132329454E+00     0.301771176E+00     0.214164861E+00    -0.105092415E+00    -0.125078935E-01
     0.135790524E+00     0.303972859E+00     0.216573750E+00    -0.105435811E+00    -0.129295381E-01
     0.139249937E+00     0.306198999E+00     0.219006734E+00    -0.105778851E+00    -0.133538229E-01
     0.142707652E+00     0.308449858E+00     0.221464074E+00    -0.106121514E+00    -0.137807710E-01
     0.146163625E+00     0.310725700E+00     0.223946032E+00    -0.106463777E+00    -0.142104073E-01
     0.149617816E+00     0.313026792E+00     0.226452875E+00    -0.106805621E+00    -0.146427579E-01
     0.153070182E+00     0.315353405E+00     0.228984873E+00    -0.107147024E+00    -0.150778508E-01
     0.156520680E+00     0.317705812E+00     0.231542301E+00    -0.107487968E+00    -0.155157152E-01
     0.159969269E+00     0.320084289E+00     0.234125435E+00    -0.107828432E+00    -0.159563817E-01
     0.163415907E+00     0.322489117E+00     0.236734559E+00    -0.108168399E+00    -0.163998821E-01
     0.166860552E+00     0.324920580E+00     0.239369957E+00    -0.108507851E+00    -0.168462494E-01
     0.170303161E+00     0.327378964E+00     0.242031921E+00    -0.108846771E+00    -0.172955174E-01
     0.173743693E+00     0.329864562E+00     0.244720747E+00    -0.109185143E+00    -0.177477207E-01
     0.177182105E+00     0.332377670E+00     0.247436736E+00    -0.109522952E+00    -0.182028947E-01
     0.180618356E+00     0.334918590E+00     0.250180194E+00    -0.109860183E+00    -0.186610752E-01
     0.184052404E+00     0.337487625E+00     0.252951431E+00    -0.110196823E+00    -0.191222980E-01
     0.187484207E+00     0.340085088E+00     0.255750766E+00    -0.110532857E+00    -0.195865995E-01
     0.190913722E+00     0.342711292E+00     0.258578520E+00    -0.110868274E+00    -0.200540156E-01
     0.194340909E+00     0.345366560E+00     0.261435022E+00    -0.111203061E+00    -0.205245824E-01
     0.197765726E+00     0.348051217E+00     0.264320605E+00    -0.111537206E+00    -0.209983351E-01
     0.201188129E+00     0.350765595E+00     0.267235609E+00    -0.111870699E+00    -0.214753089E-01
     0.204608079E+00     0.353510031E+00     0.270180379E+00    -0.112203526E+00    -0.219555379E-01
     0.208025533E+00     0.356284868E+00     0.273155266E+00    -0.112535679E+00    -0.224390556E-01
     0.211440450E+00     0.359090455E+00     0.276160626E+00    -0.112867144E+00    -0.229258946E-01
     0.214852787E+00     0.361927146E+00     0.279196822E+00    -0.113197912E+00    -0.234160862E-01
     0.218262503E+00     0.364795300E+00     0.282264221E+00    -0.113527971E+00    -0.239096611E-01
     0.221669557E+00     0.367695283E+00     0.285363196E+00    -0.113857308E+00    -0.244066483E-01
     0.225073907E+00     0.370627467E+00     0.288494126E+00    -0.114185913E+00    -0.249070760E-01
     0.228475511E+00     0.373592229E+00     0.291657394E+00    -0.114513773E+00    -0.254109708E-01
     0.231874329E+00     0.376589950E+00     0.294853388E+00    -0.114840874E+00    -0.259183584E-01
     0.235270318E+00     0.379621019E+00     0.298082502E+00    -0.115167204E+00    -0.264292631E-01
     0.238663437E+00     0.382685828E+00     0.301345134E+00    -0.115492748E+00    -0.269437080E-01
     0.242053645E+00     0.385784775E+00     0.304641686E+00    -0.115817491E+00    -0.274617150E-01
     0.245440900E+00     0.388918264E+00     0.307972567E+00    -0.116141419E+00    -0.279833050E-01
     0.248825161E+00     0.392086703E+00     0.311338186E+00    -0.116464515E+00    -0.285084978E-01
     0.252206387E+00     0.395290504E+00     0.314738960E+00    -0.116786762E+00    -0.290373124E-01
     0.255584537E+00     0.398530085E+00     0.318175308E+00    -0.117108142E+00    -0.295697668E-01
     0.258959569E+00     0.401805868E+00     0.321647653E+00    -0.117428638E+00    -0.301058783E-01
     0.262331442E+00     0.405118279E+00     0.325156423E+00    -0.117748229E+00    -0.306456639E-01
     0.265700115E+00     0.408467748E+00     0.328702049E+00    -0.118066897E+00    -0.311891398E-01
     0.269065547E+00     0.411854709E+00     0.332284966E+00    -0.118384620E+00    -0.317363220E-01
     0.272427697E+00     0.415279602E+00     0.335905612E+00    -0.118701377E+00    -0.322872263E-01
     0.275786523E+00     0.418742870E+00     0.339564430E+00    -0.119017146E+00    -0.328418687E-01
     0.279141986E+00     0.422244957E+00     0.343261865E+00    -0.119331905E+00    -0.334002649E-01
     0.282494043E+00     0.425786316E+00     0.346998367E+00    -0.119645629E+00    -0.339624312E-01
     0.285842655E+00     0.429367401E+00     0.350774389E+00    -0.119958294E+00    -0.345283840E-01
     0.289187780E+00     0.432988669E+00     0.354590390E+00    -0.120269876E+00    -0.350981404E-01
     0.292529377E+00     0.436650584E+00     0.358446829E+00    -0.120580350E+00    -0.356717181E-01
     0.295867406E+00     0.440353612E+00     0.362344174E+00    -0.120889688E+00    -0.362491355E-01
     0.299201826E+00     0.444098223E+00     0.366282895E+00    -0.121197864E+00    -0.368304120E-01
     0.302532596E+00     0.447884894E+00     0.370263465E+00    -0.121504851E+00    -0.374155677E-01
     0.305859676E+00     0.451714103E+00     0.374286365E+00    -0.121810621E+00    -0.380046241E-01
     0.309183025E+00     0.455586336E+00     0.378352080E+00    -0.122115144E+00    -0.385976036E-01
     0.312502602E+00     0.459502082E+00     0.382461098E+00    -0.122418393E+00    -0.391945298E-01
     0.315818368E+00     0.463461835E+00     0.386613917E+00    -0.122720336E+00    -0.397954275E-01
     0.319130281E+00     0.467466096E+00     0.390811036E+00    -0.123020945E+00    -0.404003230E-01
     0.322438301E+00     0.471515372E+00     0.395052964E+00    -0.123320186E+00    -0.410092436E-01
     0.325742388E+00     0.475610174E+00     0.399340215E+00    -0.123618030E+00    -0.416222181E-01
     0.329042501E+00     0.479751021E+00     0.403673310E+00    -0.123914445E+00    -0.422392764E-01
     0.332338601E+00     0.483938439E+00     0.408052777E+00    -0.124209396E+00    -0.428604498E-01
     0.335630647E+00     0.488172959E+00     0.412479150E+00    -0.124502853E+00    -0.434857709E-01
     0.338918598E+00     0.492455122E+00     0.416952974E+00    -0.124794780E+00    -0.441152733E-01
     0.342202416E+00     0.496785476E+00     0.421474799E+00    -0.125085145E+00    -0.447489917E-01
     0.345482059E+00     0.501164575E+00     0.426045185E+00    -0.125373912E+00    -0.453869619E-01
     0.348757488E+00     0.505592984E+00     0.430664700E+00    -0.125661049E+00    -0.460292207E-01
     0.352028662E+00     0.510071276E+00     0.435333920E+00    -0.125946519E+00    -0.466758056E-01
     0.355295543E+00     0.514600031E+00     0.440053432E+00    -0.126230288E+00    -0.473267549E-01
     0.358558090E+00     0.519179840E+00     0.444823830E+00    -0.126512321E+00    -0.479821075E-01
     0.361816262E+00     0.523811304E+00     0.449645720E+00    -0.126792583E+00    -0.486419028E-01
     0.365070022E+00     0.528495031E+00     0.454519716E+00    -0.127071039E+00    -0.493061803E-01
     0.368319328E+00     0.533231641E+00     0.459446441E+00    -0.127347654E+00    -0.499749800E-01
     0.371564141E+00     0.538021764E+00     0.464426531E+00    -0.127622393E+00    -0.506483417E-01
     0.374804422E+00     0.542866039E+00     0.469460628E+00    -0.127895222E+00    -0.513263054E-01
     0.378040131E+00     0.547765115E+00     0.474549389E+00    -0.128166107E+00    -0.520089104E-01
     0.381271228E+00     0.552719652E+00     0.479693476E+00    -0.128435014E+00    -0.526961959E-01
     0.384497675E+00     0.557730320E+00     0.484893565E+00    -0.128701911E+00    -0.533882005E-01
     0.387719431E+00     0.562797799E+00     0.490150341E+00    -0.128966763E+00    -0.540849619E-01
     0.390936458E+00     0.567922780E+00     0.495464498E+00    -0.129229540E+00    -0.547865172E-01
     0.394148716E+00     0.573105963E+00     0.500836742E+00    -0.129490210E+00    -0.554929023E-01
     0.397356167E+00     0.578348059E+00     0.506267788E+00    -0.129748741E+00    -0.562041520E-01
     0.400558770E+00     0.583649790E+00     0.511758362E+00    -0.130005105E+00    -0.569203000E-01
     0.403756487E+00     0.589011885E+00     0.517309197E+00    -0.130259270E+00    -0.576413786E-01
     0.406949279E+00     0.594435085E+00     0.522921039E+00    -0.130511209E+00    -0.583674186E-01
     0.410137107E+00     0.599920140E+00     0.528594642E+00    -0.130760892E+00    -0.590984492E-01
     0.413319932E+00     0.605467809E+00     0.534330770E+00    -0.131008292E+00    -0.598344983E-01
     0.416497715E+00     0.611078863E+00     0.540130195E+00    -0.131253381E+00    -0.605755920E-01
     0.419670418E+00     0.616754077E+00     0.545993700E+00    -0.131496131E+00    -0.613217546E-01
     0.422838001E+00     0.622494240E+00     0.551922075E+00    -0.131736515E+00    -0.620730090E-01
     0.426000427E+00     0.628300147E+00     0.557916120E+00    -0.131974505E+00    -0.628293764E-01
     0.429157656E+00     0.634172603E+00     0.563976645E+00    -0.132210075E+00    -0.635908763E-01
     0.432309650E+00     0.640112419E+00     0.570104465E+00    -0.132443197E+00    -0.643575265E-01
     0.435456371E+00     0.646120419E+00     0.576300406E+00    -0.132673841E+00    -0.651293437E-01
     0.438597780E+00     0.652197431E+00     0.582565302E+00    -0.132901980E+00    -0.659063428E-01
     0.441733839E+00     0.658344294E+00     0.588899996E+00    -0.133127584E+00    -0.666885375E-01
     0.444864509E+00     0.664561853E+00     0.595305336E+00    -0.133350621E+00    -0.674759405E-01
     0.447989753E+00     0.670850963E+00     0.601782182E+00    -0.133571059E+00    -0.682685632E-01
     0.451109532E+00     0.677212487E+00     0.608331401E+00    -0.133788866E+00    -0.690664163E-01
     0.454223809E+00     0.683647297E+00     0.614953867E+00    -0.134004006E+00    -0.698695099E-01
     0.457332544E+00     0.690156271E+00     0.621650464E+00    -0.134216442E+00    -0.706778532E-01
     0.460435701E+00     0.696740297E+00     0.628422084E+00    -0.134426136E+00    -0.714914555E-01
     0.463533242E+00     0.703400274E+00     0.635269627E+00    -0.134633047E+00    -0.723103257E-01
     0.466625128E+00     0.710137105E+00     0.642194002E+00    -0.134837133E+00    -0.731344730E-01
     0.469711323E+00     0.716951708E+00     0.649196127E+00    -0.135038348E+00    -0.739639067E-01
     0.472791787E+00     0.723845006E+00     0.656276932E+00    -0.135236647E+00    -0.747986367E-01
     0.475866485E+00     0.730817933E+00     0.663437352E+00    -0.135431978E+00    -0.756386735E-01
     0.478935377E+00     0.737871436E+00     0.670678336E+00    -0.135624291E+00    -0.764840287E-01
     0.481998428E+00     0.745006469E+00     0.678000842E+00    -0.135813533E+00    -0.773347147E-01
     0.485055599E+00     0.752223998E+00     0.685405839E+00    -0.135999647E+00    -0.781907454E-01
     0.488106853E+00     0.759525003E+00     0.692894306E+00    -0.136182575E+00    -0.790521358E-01
     0.491152153E+00     0.766910472E+00     0.700467236E+00    -0.136362259E+00    -0.799189028E-01
     0.494191462E+00     0.774381409E+00     0.708125633E+00    -0.136538636E+00    -0.807910646E-01
     0.497224743E+00     0.781938829E+00     0.715870515E+00    -0.136711644E+00    -0.816686413E-01
     0.500251958E+00     0.789583761E+00     0.723702912E+00    -0.136881220E+00    -0.825516547E-01
     0.503273071E+00     0.797317248E+00     0.731623868E+00    -0.137047297E+00    -0.834401284E-01
     0.506288046E+00     0.805140348E+00     0.739634443E+00    -0.137209809E+00    -0.843340879E-01
     0.509296844E+00     0.813054133E+00     0.747735711E+00    -0.137368692E+00    -0.852335603E-01
     0.512299430E+00     0.821059691E+00     0.755928762E+00    -0.137523877E+00    -0.861385745E-01
     0.515295766E+00     0.829158127E+00     0.764214701E+00    -0.137675298E+00    -0.870491610E-01
     0.518285817E+00     0.837350561E+00     0.772594650E+00    -0.137822889E+00    -0.879653517E-01
     0.521269546E+00     0.845638131E+00     0.781069750E+00    -0.137966585E+00    -0.888871799E-01
     0.524246916E+00     0.854021991E+00     0.789641157E+00    -0.138106321E+00    -0.898146799E-01
     0.527217892E+00     0.862503314E+00     0.798310046E+00    -0.138242033E+00    -0.907478870E-01
     0.530182436E+00     0.871083291E+00     0.807077611E+00    -0.138373659E+00    -0.916868369E-01
     0.533140513E+00     0.879763129E+00     0.815945064E+00    -0.138501140E+00    -0.926315659E-01
     0.536092087E+00     0.888544057E+00     0.824913637E+00    -0.138624415E+00    -0.935821103E-01
     0.539037121E+00     0.897427321E+00     0.833984579E+00    -0.138743429E+00    -0.945385060E-01
     0.541975580E+00     0.906414184E+00     0.843159160E+00    -0.138858128E+00    -0.955007884E-01
     0.544907427E+00     0.915505933E+00     0.852438670E+00    -0.138968458E+00    -0.964689920E-01
     0.547832628E+00     0.924703869E+00     0.861824418E+00    -0.139074371E+00    -0.974431501E-01
     0.550751146E+00     0.934009315E+00     0.871317733E+00    -0.139175817E+00    -0.984232942E-01
     0.553662947E+00     0.943423612E+00     0.880919963E+00    -0.139272752E+00    -0.994094540E-01
     0.556567993E+00     0.952948121E+00     0.890632477E+00    -0.139365132E+00    -0.100401657E+00
     0.559466250E+00     0.962584220E+00     0.900456660E+00    -0.139452915E+00    -0.101399927E+00
     0.562357683E+00     0.972333308E+00     0.910393921E+00    -0.139536063E+00    -0.102404288E+00
     0.565242256E+00     0.982196801E+00     0.920445684E+00    -0.139614536E+00    -0.103414756E+00
     0.568119934E+00     0.992176134E+00     0.930613394E+00    -0.139688299E+00    -0.104431349E+00
     0.570990682E+00     0.100227276E+01     0.940898515E+00    -0.139757315E+00    -0.105454076E+00
     0.573854464E+00     0.101248815E+01     0.951302525E+00    -0.139821551E+00    -0.106482947E+00
     0.576711247E+00     0.102282379E+01     0.961826925E+00    -0.139880970E+00    -0.107517965E+00
     0.579560995E+00     0.103328119E+01     0.972473230E+00    -0.139935540E+00    -0.108559130E+00
     0.582403674E+00     0.104386188E+01     0.983242972E+00    -0.139985226E+00    -0.109606437E+00
     0.585239248E+00     0.105456738E+01     0.994137703E+00    -0.140029992E+00    -0.110659879E+00
     0.588067683E+00     0.106539925E+01     0.100515899E+01    -0.140069803E+00    -0.111719442E+00
     0.590888945E+00     0.107635907E+01     0.101630840E+01    -0.140104620E+00    -0.112785111E+00
     0.593702999E+00     0.108744843E+01     0.102758755E+01    -0.140134405E+00    -0.113856864E+00
     0.596509810E+00     0.109866893E+01     0.103899805E+01    -0.140159116E+00    -0.114934679E+00
     0.599309346E+00     0.111002218E+01     0.105054151E+01    -0.140178708E+00    -0.116018526E+00
     0.602101571E+00     0.112150982E+01     0.106221959E+01    -0.140193136E+00    -0.117108376E+00
     0.604886451E+00     0.113313351E+01     0.107403394E+01    -0.140202351E+00    -0.118204195E+00
     0.607663953E+00     0.114489489E+01     0.108598624E+01    -0.140206298E+00    -0.119305947E+00
     0.610434042E+00     0.115679567E+01     0.109807816E+01    -0.140204923E+00    -0.120413592E+00
     0.613196686E+00     0.116883752E+01     0.111031141E+01    -0.140198165E+00    -0.121527090E+00
     0.615951849E+00     0.118102216E+01     0.112268771E+01    -0.140185961E+00    -0.122646400E+00
     0.618699499E+00     0.119335132E+01     0.113520878E+01    -0.140168246E+00    -0.123771478E+00
     0.621439601E+00     0.120582674E+01     0.114787638E+01    -0.140144948E+00    -0.124902280E+00
     0.624172124E+00     0.121845018E+01     0.116069226E+01    -0.140115994E+00    -0.126038763E+00
     0.626897032E+00     0.123122341E+01     0.117365820E+01    -0.140081306E+00    -0.127180882E+00
     0.629614293E+00     0.124414823E+01     0.118677600E+01    -0.140040805E+00    -0.128328595E+00
     0.632323875E+00     0.125722644E+01     0.120004747E+01    -0.139994408E+00    -0.129481858E+00
     0.635025743E+00     0.127045989E+01     0.121347445E+01    -0.139942029E+00    -0.130640631E+00
     0.637719864E+00     0.128385041E+01     0.122705877E+01    -0.139883580E+00    -0.131804873E+00
     0.640406207E+00     0.129739988E+01     0.124080232E+01    -0.139818971E+00    -0.132974548E+00
     0.643084738E+00     0.131111018E+01     0.125470698E+01    -0.139748111E+00    -0.134149619E+00
     0.645755425E+00     0.132498324E+01     0.126877467E+01    -0.139670908E+00    -0.135330053E+00
     0.648418234E+00     0.133902097E+01     0.128300731E+01    -0.139587268E+00    -0.136515819E+00
     0.651073134E+00     0.135322535E+01     0.129740688E+01    -0.139497099E+00    -0.137706887E+00
     0.653720092E+00     0.136759835E+01     0.131197535E+01    -0.139400308E+00    -0.138903232E+00
     0.656359075E+00     0.138214199E+01     0.132671473E+01    -0.139296802E+00    -0.140104829E+00
     0.658990052E+00     0.139685829E+01     0.134162707E+01    -0.139186492E+00    -0.141311657E+00
     0.661612991E+00     0.141174932E+01     0.135671442E+01    -0.139069288E+00    -0.142523696E+00
     0.664227859E+00     0.142681717E+01     0.137197889E+01    -0.138945104E+00    -0.143740927E+00
     0.666834625E+00     0.144206396E+01     0.138742259E+01    -0.138813856E+00    -0.144963336E+00
     0.669433257E+00     0.145749184E+01     0.140304768E+01    -0.138675462E+00    -0.146190905E+00
     0.672023722E+00     0.147310299E+01     0.141885635E+01    -0.138529846E+00    -0.147423621E+00
     0.674605990E+00     0.148889963E+01     0.143485082E+01    -0.138376932E+00    -0.148661468E+00
     0.677180029E+00     0.150488400E+01     0.145103334E+01    -0.138216651E+00    -0.149904433E+00
     0.679745808E+00     0.152105837E+01     0.146740619E+01    -0.138048936E+00    -0.151152499E+00
     0.682303295E+00     0.153742506E+01     0.148397171E+01    -0.137873726E+00    -0.152405648E+00
     0.684852459E+00     0.155398641E+01     0.150073223E+01    -0.137690963E+00    -0.153663862E+00
     0.687393270E+00     0.157074481E+01     0.151769016E+01    -0.137500593E+00    -0.154927118E+00
     0.689925695E+00     0.158770266E+01     0.153484791E+01    -0.137302567E+00    -0.156195390E+00
     0.692449704E+00     0.160486241E+01     0.155220795E+01    -0.137096840E+00    -0.157468648E+00
     0.694965267E+00     0.162222654E+01     0.156977277E+01    -0.136883372E+00    -0.158746859E+00
     0.697472352E+00     0.163979757E+01     0.158754490E+01    -0.136662124E+00    -0.160029981E+00
     0.699970929E+00     0.165757805E+01     0.160552690E+01    -0.136433063E+00    -0.161317969E+00
     0.702460968E+00     0.167557055E+01     0.162372137E+01    -0.136196159E+00    -0.162610770E+00
     0.704942438E+00     0.169377770E+01     0.164213093E+01    -0.135951382E+00    -0.163908324E+00
     0.707415310E+00     0.171220213E+01     0.166075825E+01    -0.135698709E+00    -0.165210564E+00
     0.709879551E+00     0.173084653E+01     0.167960602E+01    -0.135438115E+00    -0.166517414E+00
     0.712335134E+00     0.174971360E+01     0.169867696E+01    -0.135169578E+00    -0.167828790E+00
     0.714782027E+00     0.176880609E+01     0.171797382E+01    -0.134893077E+00    -0.169144600E+00
     0.717220202E+00     0.178812675E+01     0.173749938E+01    -0.134608592E+00    -0.170464742E+00
     0.719649627E+00     0.180767838E+01     0.175725645E+01    -0.134316102E+00    -0.171789104E+00
     0.722070274E+00     0.182746380E+01     0.177724787E+01    -0.134015586E+00    -0.173117567E+00
     0.724482113E+00     0.184748585E+01     0.179747648E+01    -0.133707022E+00    -0.174450002E+00
     0.726885115E+00     0.186774741E+01     0.181794518E+01    -0.133390387E+00    -0.175786270E+00
     0.729279250E+00     0.188825136E+01     0.183865686E+01    -0.133065655E+00    -0.177126224E+00
     0.731664489E+00     0.190900063E+01     0.185961445E+01    -0.132732799E+00    -0.178469708E+00
     0.734040803E+00     0.192999814E+01     0.188082090E+01    -0.132391788E+00    -0.179816558E+00
     0.736408163E+00     0.195124686E+01     0.190227918E+01    -0.132042590E+00    -0.181166602E+00
     0.738766540E+00     0.197274976E+01     0.192399226E+01    -0.131685167E+00    -0.182519662E+00
     0.741115906E+00     0.199450983E+01     0.194596316E+01    -0.131319481E+00    -0.183875549E+00
     0.743456231E+00     0.201653010E+01     0.196819489E+01    -0.130945488E+00    -0.185234073E+00
     0.745787487E+00     0.203881358E+01     0.199069050E+01    -0.130563140E+00    -0.186595035E+00
     0.748109646E+00     0.206136333E+01     0.201345302E+01    -0.130172388E+00    -0.187958232E+00
     0.750422679E+00     0.208418241E+01     0.203648555E+01    -0.129773176E+00    -0.189323457E+00
     0.752726559E+00     0.210727390E+01     0.205979115E+01    -0.129365447E+00    -0.190690500E+00
     0.755021257E+00     0.213064090E+01     0.208337295E+01    -0.128949140E+00    -0.192059148E+00
     0.757306744E+00     0.215428654E+01     0.210723404E+01    -0.128524190E+00    -0.193429185E+00
     0.759582994E+00     0.217821393E+01     0.213137759E+01    -0.128090529E+00    -0.194800395E+00
     0.761849979E+00     0.220242625E+01     0.215580674E+01    -0.127648089E+00    -0.196172561E+00
     0.764107670E+00     0.222692664E+01     0.218052466E+01    -0.127196798E+00    -0.197545467E+00
     0.766356040E+00     0.225171832E+01     0.220553456E+01    -0.126736583E+00    -0.198918896E+00
     0.768595062E+00     0.227680449E+01     0.223083965E+01    -0.126267370E+00    -0.200292633E+00
     0.770824709E+00     0.230218839E+01     0.225644317E+01    -0.125789083E+00    -0.201666465E+00
     0.773044953E+00     0.232787328E+01     0.228234838E+01    -0.125301650E+00    -0.203040181E+00
     0.775255767E+00     0.235386245E+01     0.230855858E+01    -0.124804995E+00    -0.204413572E+00
     0.777457124E+00     0.238015921E+01     0.233507707E+01    -0.124299048E+00    -0.205786431E+00
     0.779648998E+00     0.240676689E+01     0.236190721E+01    -0.123783737E+00    -0.207158555E+00
     0.781831362E+00     0.243368888E+01     0.238905236E+01    -0.123258996E+00    -0.208529742E+00
     0.784004188E+00     0.246092858E+01     0.241651595E+01    -0.122724760E+00    -0.209899793E+00
     0.786167451E+00     0.248848942E+01     0.244430140E+01    -0.122180969E+00    -0.211268512E+00
     0.788321124E+00     0.251637488E+01     0.247241221E+01    -0.121627568E+00    -0.212635704E+00
     0.790465181E+00     0.254458848E+01     0.250085188E+01    -0.121064507E+00    -0.214001173E+00
     0.792599596E+00     0.257313377E+01     0.252962397E+01    -0.120491741E+00    -0.215364728E+00
     0.794724343E+00     0.260201433E+01     0.255873208E+01    -0.119909231E+00    -0.216726175E+00
     0.796839395E+00     0.263123380E+01     0.258817985E+01    -0.119316945E+00    -0.218085320E+00
     0.798944727E+00     0.266079587E+01     0.261797096E+01    -0.118714860E+00    -0.219441966E+00
     0.801040314E+00     0.269070424E+01     0.264810914E+01    -0.118102958E+00    -0.220795915E+00
     0.803126129E+00     0.272096270E+01     0.267859816E+01    -0.117481229E+00    -0.222146964E+00
     0.805202147E+00     0.275157504E+01     0.270944185E+01    -0.116849672E+00    -0.223494905E+00
     0.807268344E+00     0.278254514E+01     0.274064406E+01    -0.116208292E+00    -0.224839525E+00
     0.809324693E+00     0.281387688E+01     0.277220870E+01    -0.115557105E+00    -0.226180602E+00
     0.811371170E+00     0.284557423E+01     0.280413974E+01    -0.114896132E+00    -0.227517908E+00
     0.813407749E+00     0.287764118E+01     0.283644118E+01    -0.114225404E+00    -0.228851201E+00
     0.815434407E+00     0.291008176E+01     0.286911706E+01    -0.113544958E+00    -0.230180232E+00
     0.817451117E+00     0.294290006E+01     0.290217147E+01    -0.112854841E+00    -0.231504739E+00
     0.819457857E+00     0.297610019E+01     0.293560854E+01    -0.112155106E+00    -0.232824445E+00
     0.821454600E+00     0.300968633E+01     0.296943245E+01    -0.111445811E+00    -0.234139061E+00
     0.823441323E+00     0.304366266E+01     0.300364740E+01    -0.110727024E+00    -0.235448282E+00
     0.825418001E+00     0.307803342E+01     0.303825764E+01    -0.109998817E+00    -0.236751785E+00
     0.827384611E+00     0.311280288E+01     0.307326743E+01    -0.109261267E+00    -0.238049233E+00
     0.829341128E+00     0.314797532E+01     0.310868109E+01    -0.108514457E+00    -0.239340270E+00
     0.831287528E+00     0.318355507E+01     0.314450293E+01    -0.107758475E+00    -0.240624523E+00
     0.833223789E+00     0.321954647E+01     0.318073732E+01    -0.106993411E+00    -0.241901598E+00
     0.835149885E+00     0.325595387E+01     0.321738862E+01    -0.106219359E+00    -0.243171087E+00
     0.837065794E+00     0.329278164E+01     0.325446121E+01    -0.105436415E+00    -0.244432558E+00
     0.838971493E+00     0.333003417E+01     0.329195948E+01    -0.104644678E+00    -0.245685566E+00
     0.840866957E+00     0.336771584E+01     0.332988784E+01    -0.103844247E+00    -0.246929643E+00
     0.842752164E+00     0.340583106E+01     0.336825068E+01    -0.103035223E+00    -0.248164306E+00
     0.844627092E+00     0.344438419E+01     0.340705239E+01    -0.102217706E+00    -0.249389054E+00
     0.846491716E+00     0.348337964E+01     0.344629738E+01    -0.101391795E+00    -0.250603371E+00
     0.848346015E+00     0.352282177E+01     0.348599001E+01    -0.100557589E+00    -0.251806723E+00
     0.850189965E+00     0.356271493E+01     0.352613466E+01    -0.997151864E-01    -0.252998563E+00
     0.852023544E+00     0.360306348E+01     0.356673566E+01    -0.988646818E-01    -0.254178331E+00
     0.853846730E+00     0.364387174E+01     0.360779735E+01    -0.980061690E-01    -0.255345454E+00
     0.855659501E+00     0.368514400E+01     0.364932403E+01    -0.971397393E-01    -0.256499350E+00
     0.857461835E+00     0.372688455E+01     0.369131996E+01    -0.962654812E-01    -0.257639425E+00
     0.859253708E+00     0.376909761E+01     0.373378939E+01    -0.953834808E-01    -0.258765081E+00
     0.861035101E+00     0.381178742E+01     0.377673653E+01    -0.944938216E-01    -0.259875711E+00
     0.862805990E+00     0.385495816E+01     0.382016555E+01    -0.935965845E-01    -0.260970704E+00
     0.864566355E+00     0.389861397E+01     0.386408059E+01    -0.926918479E-01    -0.262049447E+00
     0.866316173E+00     0.394275897E+01     0.390848576E+01    -0.917796885E-01    -0.263111324E+00
     0.868055424E+00     0.398739726E+01     0.395338513E+01    -0.908601806E-01    -0.264155719E+00
     0.869784086E+00     0.403253287E+01     0.399878273E+01    -0.899333975E-01    -0.265182019E+00
     0.871502138E+00     0.407816983E+01     0.404468254E+01    -0.889994115E-01    -0.266189610E+00
     0.873209560E+00     0.412431213E+01     0.409108854E+01    -0.880582946E-01    -0.267177885E+00
     0.874906330E+00     0.417096371E+01     0.413800466E+01    -0.871101189E-01    -0.268146239E+00
     0.876592427E+00     0.421812851E+01     0.418543478E+01    -0.861549575E-01    -0.269094074E+00
     0.878267832E+00     0.426581043E+01     0.423338278E+01    -0.851928854E-01    -0.270020797E+00
     0.879932524E+00     0.431401334E+01     0.428185250E+01    -0.842239797E-01    -0.270925823E+00
     0.881586481E+00     0.436274110E+01     0.433084776E+01    -0.832483211E-01    -0.271808570E+00
     0.883229685E+00     0.441199754E+01     0.438037235E+01    -0.822659944E-01    -0.272668465E+00
     0.884862115E+00     0.446178648E+01     0.443043005E+01    -0.812770891E-01    -0.273504944E+00
     0.886483752E+00     0.451211173E+01     0.448102463E+01    -0.802817009E-01    -0.274317443E+00
     0.888094575E+00     0.456297708E+01     0.453215984E+01    -0.792799321E-01    -0.275105408E+00
     0.889694564E+00     0.461438633E+01     0.458383942E+01    -0.782718927E-01    -0.275868289E+00
     0.891283701E+00     0.466634325E+01     0.463606712E+01    -0.772577008E-01    -0.276605537E+00
     0.892861966E+00     0.471885163E+01     0.468884667E+01    -0.762374842E-01    -0.277316607E+00
     0.894429340E+00     0.477191524E+01     0.474218180E+01    -0.752113802E-01    -0.278000955E+00
     0.895985803E+00     0.482553787E+01     0.479607626E+01    -0.741795370E-01    -0.278658035E+00
     0.897531336E+00     0.487972330E+01     0.485053377E+01    -0.731421141E-01    -0.279287299E+00
     0.899065922E+00     0.493447531E+01     0.490555809E+01    -0.720992827E-01    -0.279888195E+00
     0.900589540E+00     0.498979769E+01     0.496115296E+01    -0.710512265E-01    -0.280460164E+00
     0.902102173E+00     0.504569421E+01     0.501732212E+01    -0.699981419E-01    -0.281002639E+00
     0.903603801E+00     0.510216867E+01     0.507406932E+01    -0.689402383E-01    -0.281515043E+00
     0.905094408E+00     0.515922485E+01     0.513139830E+01    -0.678777382E-01    -0.281996786E+00
     0.906573973E+00     0.521686651E+01     0.518931279E+01    -0.668108777E-01    -0.282447266E+00
     0.908042480E+00     0.527509742E+01     0.524781653E+01    -0.657399060E-01    -0.282865862E+00
     0.909499911E+00     0.533392131E+01     0.530691323E+01    -0.646650858E-01    -0.283251938E+00
     0.910946247E+00     0.539334190E+01     0.536660656E+01    -0.635866925E-01    -0.283604837E+00
     0.912381472E+00     0.545336287E+01     0.542690019E+01    -0.625050146E-01    -0.283923884E+00
     0.913805567E+00     0.551398787E+01     0.548779773E+01    -0.614203525E-01    -0.284208380E+00
     0.915218515E+00     0.557522048E+01     0.554930275E+01    -0.603330188E-01    -0.284457605E+00
     0.916620299E+00     0.563706425E+01     0.561141875E+01    -0.592433368E-01    -0.284670815E+00
     0.918010902E+00     0.569952262E+01     0.567414916E+01    -0.581516407E-01    -0.284847242E+00
     0.919390307E+00     0.576259897E+01     0.573749734E+01    -0.570582743E-01    -0.284986098E+00
     0.920758496E+00     0.582629659E+01     0.580146654E+01    -0.559635903E-01    -0.285086569E+00
     0.922115455E+00     0.589061863E+01     0.586605989E+01    -0.548679491E-01    -0.285147820E+00
     0.923461165E+00     0.595556814E+01     0.593128043E+01    -0.537717186E-01    -0.285168993E+00
     0.924795610E+00     0.602114802E+01     0.599713102E+01    -0.526752723E-01    -0.285149214E+00
     0.926118775E+00     0.608736104E+01     0.606361438E+01    -0.515789888E-01    -0.285087587E+00
     0.927430642E+00     0.615420976E+01     0.613073307E+01    -0.504832509E-01    -0.284983202E+00
     0.928731197E+00     0.622169661E+01     0.619848947E+01    -0.493884441E-01    -0.284835137E+00
     0.930020423E+00     0.628982377E+01     0.626688573E+01    -0.482949556E-01    -0.284642455E+00
     0.931298304E+00     0.635859324E+01     0.633592381E+01    -0.472031737E-01    -0.284404215E+00
     0.932564825E+00     0.642800680E+01     0.640560545E+01    -0.461134866E-01    -0.284119471E+00
     0.933819970E+00     0.649806598E+01     0.647593214E+01    -0.450262811E-01    -0.283787272E+00
     0.935063724E+00     0.656877206E+01     0.654690510E+01    -0.439419424E-01    -0.283406674E+00
     0.936296072E+00     0.664012606E+01     0.661852533E+01    -0.428608527E-01    -0.282976735E+00
     0.937516999E+00     0.671212872E+01     0.669079353E+01    -0.417833906E-01    -0.282496524E+00
     0.938726490E+00     0.678478053E+01     0.676371011E+01    -0.407099308E-01    -0.281965124E+00
     0.939924530E+00     0.685808165E+01     0.683727521E+01    -0.396408432E-01    -0.281381634E+00
     0.941111105E+00     0.693203198E+01     0.691148868E+01    -0.385764924E-01    -0.280745171E+00
     0.942286200E+00     0.700663109E+01     0.698635004E+01    -0.375172376E-01    -0.280054879E+00
     0.943449801E+00     0.708187826E+01     0.706185855E+01    -0.364634324E-01    -0.279309927E+00
     0.944601893E+00     0.715777246E+01     0.713801313E+01    -0.354154246E-01    -0.278509512E+00
     0.945742462E+00     0.723431235E+01     0.721481243E+01    -0.343735561E-01    -0.277652866E+00
     0.946871496E+00     0.731149629E+01     0.729225477E+01    -0.333381633E-01    -0.276739252E+00
     0.947988979E+00     0.738932233E+01     0.737033820E+01    -0.323095773E-01    -0.275767971E+00
     0.949094898E+00     0.746778820E+01     0.744906045E+01    -0.312881242E-01    -0.274738358E+00
     0.950189240E+00     0.754689136E+01     0.752841898E+01    -0.302741260E-01    -0.273649789E+00
     0.951271992E+00     0.762662895E+01     0.760841095E+01    -0.292679006E-01    -0.272501676E+00
     0.952343139E+00     0.770699783E+01     0.768903327E+01    -0.282697630E-01    -0.271293467E+00
     0.953402670E+00     0.778799457E+01     0.777028255E+01    -0.272800260E-01    -0.270024651E+00
     0.954450571E+00     0.786961548E+01     0.785215516E+01    -0.262990013E-01    -0.268694747E+00
     0.955486829E+00     0.795185659E+01     0.793464721E+01    -0.253269999E-01    -0.267303311E+00
     0.956511432E+00     0.803471363E+01     0.801775455E+01    -0.243643339E-01    -0.265849929E+00
     0.957524368E+00     0.811818212E+01     0.810147280E+01    -0.234113172E-01    -0.264334216E+00
     0.958525623E+00     0.820225729E+01     0.818579731E+01    -0.224682666E-01    -0.262755810E+00
     0.959515186E+00     0.828693410E+01     0.827072323E+01    -0.215355027E-01    -0.261114370E+00
     0.960493044E+00     0.837220727E+01     0.835624542E+01    -0.206133518E-01    -0.259409576E+00
     0.961459186E+00     0.845807126E+01     0.844235852E+01    -0.197021462E-01    -0.257641116E+00
     0.962413600E+00     0.854452024E+01     0.852905692E+01    -0.188022254E-01    -0.255808690E+00
     0.963356274E+00     0.863154809E+01     0.861633472E+01    -0.179139376E-01    -0.253912001E+00
     0.964287197E+00     0.871914844E+01     0.870418575E+01    -0.170376400E-01    -0.251950753E+00
     0.965206358E+00     0.880731455E+01     0.879260353E+01    -0.161736998E-01    -0.249924642E+00
     0.966113744E+00     0.889603937E+01     0.888158125E+01    -0.153224949E-01    -0.247833360E+00
     0.967009346E+00     0.898531547E+01     0.897111175E+01    -0.144844146E-01    -0.245676584E+00
     0.967893152E+00     0.907513503E+01     0.906118743E+01    -0.136598598E-01    -0.243453977E+00
     0.968765151E+00     0.916548977E+01     0.915180030E+01    -0.128492431E-01    -0.241165182E+00
     0.969625334E+00     0.925637093E+01     0.924294183E+01    -0.120529891E-01    -0.238809825E+00
     0.970473688E+00     0.934776919E+01     0.933460295E+01    -0.112715339E-01    -0.236387509E+00
     0.971310204E+00     0.943967464E+01     0.942677399E+01    -0.105053252E-01    -0.233897816E+00
     0.972134872E+00     0.953207667E+01     0.951944456E+01    -0.975482089E-02    -0.231340307E+00
     0.972947682E+00     0.962496395E+01     0.961260351E+01    -0.902048900E-02    -0.228714525E+00
     0.973748624E+00     0.971832430E+01     0.970623886E+01    -0.830280605E-02    -0.226019999E+00
     0.974537687E+00     0.981214463E+01     0.980033765E+01    -0.760225588E-02    -0.223256244E+00
     0.975314863E+00     0.990641082E+01     0.989488590E+01    -0.691932804E-02    -0.220422773E+00
     0.976080142E+00     0.100011076E+02     0.998986846E+01    -0.625451585E-02    -0.217519098E+00
     0.976833514E+00     0.100962187E+02     0.100852689E+02    -0.560831439E-02    -0.214544743E+00
     0.977574971E+00     0.101917261E+02     0.101810695E+02    -0.498121806E-02    -0.211499251E+00
     0.978304502E+00     0.102876106E+02     0.102772510E+02    -0.437371806E-02    -0.208382200E+00
     0.979022101E+00     0.103838516E+02     0.103737923E+02    -0.378629951E-02    -0.205193208E+00
     0.979727757E+00     0.104804263E+02     0.104706710E+02    -0.321943850E-02    -0.201931955E+00
     0.980421462E+00     0.105773104E+02     0.105678624E+02    -0.267359884E-02    -0.198598195E+00
     0.981103208E+00     0.106744777E+02     0.106653399E+02    -0.214922869E-02    -0.195191771E+00
     0.981772985E+00     0.107718997E+02     0.107630750E+02    -0.164675702E-02    -0.191712637E+00
     0.982430787E+00     0.108695458E+02     0.108610365E+02    -0.116658996E-02    -0.188160874E+00
     0.983076606E+00     0.109673829E+02     0.109591910E+02    -0.709107039E-03    -0.184536709E+00
     0.983710432E+00     0.110653755E+02     0.110575028E+02    -0.274657356E-03    -0.180840540E+00
     0.984332259E+00     0.111634857E+02     0.111559331E+02     0.136444282E-03    -0.177072951E+00
     0.984942078E+00     0.112616725E+02     0.112544406E+02     0.523921229E-03    -0.173234737E+00
     0.985539883E+00     0.113598922E+02     0.113529811E+02     0.887538844E-03    -0.169326927E+00
     0.986125667E+00     0.114580984E+02     0.114515073E+02     0.122710827E-02    -0.165350799E+00
     0.986699421E+00     0.115562413E+02     0.115499690E+02     0.154249009E-02    -0.161307908E+00
     0.987261139E+00     0.116542682E+02     0.116483127E+02     0.183359789E-02    -0.157200105E+00
     0.987810815E+00     0.117521231E+02     0.117464818E+02     0.210040160E-02    -0.153029552E+00
     0.988348441E+00     0.118497469E+02     0.118444164E+02     0.234293065E-02    -0.148798747E+00
     0.988874010E+00     0.119470771E+02     0.119420533E+02     0.256127685E-02    -0.144510537E+00
     0.989387518E+00     0.120440478E+02     0.120393259E+02     0.275559702E-02    -0.140168138E+00
     0.989888956E+00     0.121405899E+02     0.121361643E+02     0.292611525E-02    -0.135775144E+00
     0.990378320E+00     0.122366311E+02     0.122324954E+02     0.307312485E-02    -0.131335544E+00
     0.990855602E+00     0.123320955E+02     0.123282429E+02     0.319698991E-02    -0.126853728E+00
     0.991320798E+00     0.124269041E+02     0.124233269E+02     0.329814638E-02    -0.122334497E+00
     0.991773902E+00     0.125209750E+02     0.125176647E+02     0.337710279E-02    -0.117783067E+00
     0.992214908E+00     0.126142227E+02     0.126111706E+02     0.343444050E-02    -0.113205071E+00
     0.992643810E+00     0.127065592E+02     0.127037556E+02     0.347081338E-02    -0.108606556E+00
     0.993060604E+00     0.127978934E+02     0.127953284E+02     0.348694707E-02    -0.103993981E+00
     0.993465285E+00     0.128881317E+02     0.128857947E+02     0.348363772E-02    -0.993742100E-01
     0.993857847E+00     0.129771778E+02     0.129750580E+02     0.346175016E-02    -0.947544990E-01
     0.994238285E+00     0.130649333E+02     0.130630196E+02     0.342221561E-02    -0.901424832E-01
     0.994606596E+00     0.131512977E+02     0.131495785E+02     0.336602879E-02    -0.855461591E-01
     0.994962774E+00     0.132361687E+02     0.132346323E+02     0.329424456E-02    -0.809738635E-01
     0.995306815E+00     0.133194424E+02     0.133180770E+02     0.320797407E-02    -0.764342493E-01
     0.995638716E+00     0.134010136E+02     0.133998074E+02     0.310838034E-02    -0.719362579E-01
     0.995958471E+00     0.134807763E+02     0.134797175E+02     0.299667343E-02    -0.674890885E-01
     0.996266078E+00     0.135586237E+02     0.135577006E+02     0.287410513E-02    -0.631021642E-01
     0.996561531E+00     0.136344488E+02     0.136336498E+02     0.274196322E-02    -0.587850953E-01
     0.996844829E+00     0.137081447E+02     0.137074586E+02     0.260156538E-02    -0.545476404E-01
     0.997115967E+00     0.137796048E+02     0.137790207E+02     0.245425270E-02    -0.503996646E-01
     0.997374941E+00     0.138487235E+02     0.138482307E+02     0.230138286E-02    -0.463510952E-01
     0.997621750E+00     0.139153960E+02     0.139149845E+02     0.214432316E-02    -0.424118768E-01
     0.997856389E+00     0.139795195E+02     0.139791797E+02     0.198444314E-02    -0.385919235E-01
     0.998078856E+00     0.140409929E+02     0.140407157E+02     0.182310724E-02    -0.349010707E-01
     0.998289148E+00     0.140997176E+02     0.140994945E+02     0.166166715E-02    -0.313490255E-01
     0.998487263E+00     0.141555976E+02     0.141554207E+02     0.150145425E-02    -0.279453172E-01
     0.998673199E+00     0.142085402E+02     0.142084023E+02     0.134377194E-02    -0.246992471E-01
     0.998846952E+00     0.142584560E+02     0.142583506E+02     0.118988809E-02    -0.216198390E-01
     0.999008521E+00     0.143052597E+02     0.143051809E+02     0.104102755E-02    -0.187157897E-01
     0.999157904E+00     0.143488702E+02     0.143488127E+02     0.898364860E-03    -0.159954215E-01
     0.999295099E+00     0.143892109E+02     0.143891702E+02     0.763017182E-03    -0.134666353E-01
     0.999420104E+00     0.144262103E+02     0.144261825E+02     0.636037486E-03    -0.111368655E-01
     0.999532918E+00     0.144598021E+02     0.144597839E+02     0.518408097E-03    -0.901303797E-02
     0.999633539E+00     0.144899254E+02     0.144899141E+02     0.411034617E-03    -0.710152925E-02
     0.999721967E+00     0.145165254E+02     0.145165189E+02     0.314740283E-03    -0.540812953E-02
     0.999798200E+00     0.145395531E+02     0.145395497E+02     0.230260805E-03    -0.393800837E-02
     0.999862238E+00     0.145589661E+02     0.145589644E+02     0.158239723E-03    -0.269568384E-02
     0.999914078E+00     0.145747281E+02     0.145747275E+02     0.992243075E-04    -0.168499507E-02
     0.999953722E+00     0.145868099E+02     0.145868097E+02     0.536619819E-04    -0.909077560E-03
     0.999981170E+00     0.145951890E+02     0.145951890E+02     0.218969490E-04    -0.370335384E-03
     0.999996426E+00     0.145998516E+02     0.145998516E+02     0.416241273E-05    -0.703324437E-04
     0.100000000E+01     0.146009443E+02     0.146009443E+02     0.000000000E+00     0.000000000E+00
