# ARTDECO : output file
# Radiances at the top of the atmosphere
#   
# Result given for each geometry
# sza : solar zenith angle(s) (degree)
# vza : view  zenith angle(s) (degree)
# vaa : view azimuthal angle(s) (degree)
#
# total number of geometries
         270
# nsza, nvza, nvaa
           1          90           3
# number of elements of the Stokes vector
# 4 = full polarization, 3 = 3x3 approximation, 1 = scalar
           3
# number of wavelengths
           1
##################
# Wavelength (microns) 
       0.412000000
# CPU time for RT in sec(s) 
     0.385241485E+01
#         sza               vza              vaa               theta              I                 Q                U                 dI                dQ                dU              Polar. (%)
      60.000000000       0.000000000       0.000000000     120.000000000       0.022822794      -0.011543626       0.000000000       0.000000000       0.000000000       0.000000000      50.579372596
      60.000000000       0.000000000      90.000000000     120.000000000       0.022822794       0.011543626      -0.000000000       0.000000000       0.000000000       0.000000000      50.579372596
      60.000000000       0.000000000     180.000000000     120.000000000       0.022822794      -0.011543626       0.000000000       0.000000000       0.000000000       0.000000000      50.579372596
      60.000000000       1.000000000       0.000000000     119.000000000       0.022575978      -0.011794940       0.000000000       0.000000000       0.000000000       0.000000000      52.245531415
      60.000000000       1.000000000      90.000000000     119.994961924       0.022825340       0.011544700      -0.000252916       0.000000000       0.000000000       0.000000000      50.590571336
      60.000000000       1.000000000     180.000000000     121.000000000       0.023081734      -0.011289184       0.000000000       0.000000000       0.000000000       0.000000000      48.909600164
      60.000000000       2.000000000       0.000000000     118.000000000       0.022341400      -0.012043016       0.000000000       0.000000000       0.000000000       0.000000000      53.904482294
      60.000000000       2.000000000      90.000000000     119.979850765       0.022832979       0.011547922      -0.000505955       0.000000000       0.000000000       0.000000000      50.624144602
      60.000000000       2.000000000     180.000000000     122.000000000       0.023352693      -0.011031723       0.000000000       0.000000000       0.000000000       0.000000000      47.239618965
      60.000000000       3.000000000       0.000000000     117.000000000       0.022119184      -0.012287748       0.000000000       0.000000000       0.000000000       0.000000000      55.552447157
      60.000000000       3.000000000      90.000000000     119.954675720       0.022845724       0.011553298      -0.000759236       0.000000000       0.000000000       0.000000000      50.680023676
      60.000000000       3.000000000     180.000000000     123.000000000       0.023635576      -0.010771356       0.000000000       0.000000000       0.000000000       0.000000000      45.572640730
      60.000000000       4.000000000       0.000000000     116.000000000       0.021909463      -0.012529030       0.000000000       0.000000000       0.000000000       0.000000000      57.185472189
      60.000000000       4.000000000      90.000000000     119.919452093       0.022863591       0.011560837      -0.001012884       0.000000000       0.000000000       0.000000000      50.758094493
      60.000000000       4.000000000     180.000000000     124.000000000       0.023930297      -0.010508196       0.000000000       0.000000000       0.000000000       0.000000000      43.911682365
      60.000000000       5.000000000       0.000000000     115.000000000       0.021712381      -0.012766758       0.000000000       0.000000000       0.000000000       0.000000000      58.799438268
      60.000000000       5.000000000      90.000000000     119.874201258       0.022886607       0.011570551      -0.001267021       0.000000000       0.000000000       0.000000000      50.858198327
      60.000000000       5.000000000     180.000000000     125.000000000       0.024236781      -0.010242359       0.000000000       0.000000000       0.000000000       0.000000000      42.259565973
      60.000000000       6.000000000       0.000000000     114.000000000       0.021528093      -0.013000831       0.000000000       0.000000000       0.000000000       0.000000000      60.390073968
      60.000000000       6.000000000      90.000000000     119.818950607       0.022914802       0.011582455      -0.001521772       0.000000000       0.000000000       0.000000000      50.980132757
      60.000000000       6.000000000     180.000000000     126.000000000       0.024554963      -0.009973961       0.000000000       0.000000000       0.000000000       0.000000000      40.618920434
      60.000000000       7.000000000       0.000000000     113.000000000       0.021356760      -0.013231147       0.000000000       0.000000000       0.000000000       0.000000000      61.952971186
      60.000000000       7.000000000      90.000000000     119.753733483       0.022948219       0.011596569      -0.001777260       0.000000000       0.000000000       0.000000000      51.123652848
      60.000000000       7.000000000     180.000000000     127.000000000       0.024884786      -0.009703121       0.000000000       0.000000000       0.000000000       0.000000000      38.992184321
      60.000000000       8.000000000       0.000000000     112.000000000       0.021198557      -0.013457608       0.000000000       0.000000000       0.000000000       0.000000000      63.483603518
      60.000000000       8.000000000      90.000000000     119.678589103       0.022986902       0.011612916      -0.002033614       0.000000000       0.000000000       0.000000000      51.288472581
      60.000000000       8.000000000     180.000000000     128.000000000       0.025226204      -0.009429961       0.000000000       0.000000000       0.000000000       0.000000000      37.381610005
      60.000000000       9.000000000       0.000000000     111.000000000       0.021053669      -0.013680116       0.000000000       0.000000000       0.000000000       0.000000000      64.977347361
      60.000000000       9.000000000      90.000000000     119.593562462       0.023030909       0.011631522      -0.002290962       0.000000000       0.000000000       0.000000000      51.474266471
      60.000000000       9.000000000     180.000000000     129.000000000       0.025579182      -0.009154602       0.000000000       0.000000000       0.000000000       0.000000000      35.789268750
      60.000000000      10.000000000       0.000000000     110.000000000       0.020922291      -0.013898574       0.000000000       0.000000000       0.000000000       0.000000000      66.429505736
      60.000000000      10.000000000      90.000000000     119.498704231       0.023080301       0.011652419      -0.002549434       0.000000000       0.000000000       0.000000000      51.680671376
      60.000000000      10.000000000     180.000000000     130.000000000       0.025943696      -0.008877169       0.000000000       0.000000000       0.000000000       0.000000000      34.217056641
      60.000000000      11.000000000       0.000000000     109.000000000       0.020804629      -0.014112890       0.000000000       0.000000000       0.000000000       0.000000000      67.835334738
      60.000000000      11.000000000      90.000000000     119.394070634       0.023135150       0.011675640      -0.002809163       0.000000000       0.000000000       0.000000000      51.907288443
      60.000000000      11.000000000     180.000000000     131.000000000       0.026319731      -0.008597788       0.000000000       0.000000000       0.000000000       0.000000000      32.666701187
      60.000000000      12.000000000       0.000000000     108.000000000       0.020700902      -0.014322969       0.000000000       0.000000000       0.000000000       0.000000000      69.190072489
      60.000000000      12.000000000      90.000000000     119.279723324       0.023195534       0.011701224      -0.003070284       0.000000000       0.000000000       0.000000000      52.153685188
      60.000000000      12.000000000     180.000000000     132.000000000       0.026707284      -0.008316587       0.000000000       0.000000000       0.000000000       0.000000000      31.139768453
      60.000000000      13.000000000       0.000000000     107.000000000       0.020611339      -0.014528721       0.000000000       0.000000000       0.000000000       0.000000000      70.488970382
      60.000000000      13.000000000      90.000000000     119.155729238       0.023261541       0.011729213      -0.003332936       0.000000000       0.000000000       0.000000000      52.419397671
      60.000000000      13.000000000     180.000000000     133.000000000       0.027106364      -0.008033695       0.000000000       0.000000000       0.000000000       0.000000000      29.637670596
      60.000000000      14.000000000       0.000000000     106.000000000       0.020536182      -0.014730055       0.000000000       0.000000000       0.000000000       0.000000000      71.727326356
      60.000000000      14.000000000      90.000000000     119.022160452       0.023333267       0.011759654      -0.003597259       0.000000000       0.000000000       0.000000000      52.703932728
      60.000000000      14.000000000     180.000000000     134.000000000       0.027516992      -0.007749245       0.000000000       0.000000000       0.000000000       0.000000000      28.161673674
      60.000000000      15.000000000       0.000000000     105.000000000       0.020475688      -0.014926883       0.000000000       0.000000000       0.000000000       0.000000000      72.900519871
      60.000000000      15.000000000      90.000000000     118.879094017       0.023410819       0.011792597      -0.003863398       0.000000000       0.000000000       0.000000000      53.006770258
      60.000000000      15.000000000     180.000000000     135.000000000       0.027939199      -0.007463372       0.000000000       0.000000000       0.000000000       0.000000000      26.712905643
      60.000000000      16.000000000       0.000000000     104.000000000       0.020430123      -0.015119118       0.000000000       0.000000000       0.000000000       0.000000000      74.004048193
      60.000000000      16.000000000      90.000000000     118.726611796       0.023494309       0.011828099      -0.004131501       0.000000000       0.000000000       0.000000000      53.327365512
      60.000000000      16.000000000     180.000000000     136.000000000       0.028373031      -0.007176210       0.000000000       0.000000000       0.000000000       0.000000000      25.292364426
      60.000000000      17.000000000       0.000000000     103.000000000       0.020399771      -0.015306675       0.000000000       0.000000000       0.000000000       0.000000000      75.033563545
      60.000000000      17.000000000      90.000000000     118.564800285       0.023583863       0.011866220      -0.004401722       0.000000000       0.000000000       0.000000000      53.665151380
      60.000000000      17.000000000     180.000000000     137.000000000       0.028818547      -0.006887900       0.000000000       0.000000000       0.000000000       0.000000000      23.900925986
      60.000000000      18.000000000       0.000000000     102.000000000       0.020384930      -0.015489470       0.000000000       0.000000000       0.000000000       0.000000000      75.984910610
      60.000000000      18.000000000      90.000000000     118.393750435       0.023679616       0.011907024      -0.004674218       0.000000000       0.000000000       0.000000000      54.019540645
      60.000000000      18.000000000     180.000000000     138.000000000       0.029275820      -0.006598580       0.000000000       0.000000000       0.000000000       0.000000000      22.539352335
      60.000000000      19.000000000       0.000000000     101.000000000       0.020385910      -0.015667421       0.000000000       0.000000000       0.000000000       0.000000000      76.854163856
      60.000000000      19.000000000      90.000000000     118.213557466       0.023781712       0.011950582      -0.004949150       0.000000000       0.000000000       0.000000000      54.389928181
      60.000000000      19.000000000     180.000000000     139.000000000       0.029744936      -0.006308395       0.000000000       0.000000000       0.000000000       0.000000000      21.208299403
      60.000000000      20.000000000       0.000000000     100.000000000       0.020403042      -0.015840445       0.000000000       0.000000000       0.000000000       0.000000000      77.637664094
      60.000000000      20.000000000      90.000000000     118.024320674       0.023890307       0.011996969      -0.005226685       0.000000000       0.000000000       0.000000000      54.775693091
      60.000000000      20.000000000     180.000000000     140.000000000       0.030225998      -0.006017490       0.000000000       0.000000000       0.000000000       0.000000000      19.908324744
      60.000000000      21.000000000       0.000000000      99.000000000       0.020436671      -0.016008464       0.000000000       0.000000000       0.000000000       0.000000000      78.332053681
      60.000000000      21.000000000      90.000000000     117.826143233       0.024005569       0.012046267      -0.005506998       0.000000000       0.000000000       0.000000000      55.176200759
      60.000000000      21.000000000     180.000000000     141.000000000       0.030719123      -0.005726012       0.000000000       0.000000000       0.000000000       0.000000000      18.639895009
      60.000000000      22.000000000       0.000000000      98.000000000       0.020487161      -0.016171399       0.000000000       0.000000000       0.000000000       0.000000000      78.934309756
      60.000000000      22.000000000      90.000000000     117.619132006       0.024127678       0.012098562      -0.005790268       0.000000000       0.000000000       0.000000000      55.590804808
      60.000000000      22.000000000     180.000000000     142.000000000       0.031224447      -0.005434113       0.000000000       0.000000000       0.000000000       0.000000000      17.403393178
      60.000000000      23.000000000       0.000000000      97.000000000       0.020554895      -0.016329173       0.000000000       0.000000000       0.000000000       0.000000000      79.441774926
      60.000000000      23.000000000      90.000000000     117.403397336       0.024256826       0.012153947      -0.006076680       0.000000000       0.000000000       0.000000000      56.018848956
      60.000000000      23.000000000     180.000000000     143.000000000       0.031742122      -0.005141946       0.000000000       0.000000000       0.000000000       0.000000000      16.199125511
      60.000000000      24.000000000       0.000000000      96.000000000       0.020640275      -0.016481711       0.000000000       0.000000000       0.000000000       0.000000000      79.852184830
      60.000000000      24.000000000      90.000000000     117.179052852       0.024393220       0.012212522      -0.006366428       0.000000000       0.000000000       0.000000000      56.459668761
      60.000000000      24.000000000     180.000000000     144.000000000       0.032272319      -0.004849667       0.000000000       0.000000000       0.000000000       0.000000000      15.027328203
      60.000000000      25.000000000       0.000000000      95.000000000       0.020743727      -0.016628937       0.000000000       0.000000000       0.000000000       0.000000000      80.163692052
      60.000000000      25.000000000      90.000000000     116.946215263       0.024537078       0.012274393      -0.006659714       0.000000000       0.000000000       0.000000000      56.912593260
      60.000000000      25.000000000     180.000000000     145.000000000       0.032815228      -0.004557436       0.000000000       0.000000000       0.000000000       0.000000000      13.888173737
      60.000000000      26.000000000       0.000000000      94.000000000       0.020865696      -0.016770779       0.000000000       0.000000000       0.000000000       0.000000000      80.374885936
      60.000000000      26.000000000      90.000000000     116.705004161       0.024688637       0.012339672      -0.006956747       0.000000000       0.000000000       0.000000000      57.376946480
      60.000000000      26.000000000     180.000000000     146.000000000       0.033371061      -0.004265415       0.000000000       0.000000000       0.000000000       0.000000000      12.781776913
      60.000000000      27.000000000       0.000000000      93.000000000       0.021006655      -0.016907166       0.000000000       0.000000000       0.000000000       0.000000000      80.484807885
      60.000000000      27.000000000      90.000000000     116.455541824       0.024848147       0.012408482      -0.007257745       0.000000000       0.000000000       0.000000000      57.852048844
      60.000000000      27.000000000     180.000000000     147.000000000       0.033940051      -0.003973769       0.000000000       0.000000000       0.000000000       0.000000000      11.708200564
      60.000000000      28.000000000       0.000000000      92.000000000       0.021167099      -0.017038025       0.000000000       0.000000000       0.000000000       0.000000000      80.492961854
      60.000000000      28.000000000      90.000000000     116.197953011       0.025015876       0.012480951      -0.007562938       0.000000000       0.000000000       0.000000000      58.337218460
      60.000000000      28.000000000     180.000000000     148.000000000       0.034522455      -0.003682669       0.000000000       0.000000000       0.000000000       0.000000000      10.667460950
      60.000000000      29.000000000       0.000000000      91.000000000       0.021347554      -0.017163288       0.000000000       0.000000000       0.000000000       0.000000000      80.399319815
      60.000000000      29.000000000      90.000000000     115.932364776       0.025192108       0.012557217      -0.007872565       0.000000000       0.000000000       0.000000000      58.831772297
      60.000000000      29.000000000     180.000000000     149.000000000       0.035118555      -0.003392288       0.000000000       0.000000000       0.000000000       0.000000000       9.659532833
      60.000000000      30.000000000       0.000000000      90.000000000       0.021548573      -0.017282887       0.000000000       0.000000000       0.000000000       0.000000000      80.204322087
      60.000000000      30.000000000      90.000000000     115.658906273       0.025377148       0.012637425      -0.008186875       0.000000000       0.000000000       0.000000000      59.335027256
      60.000000000      30.000000000     180.000000000     150.000000000       0.035728657      -0.003102803       0.000000000       0.000000000       0.000000000       0.000000000       8.684354246
      60.000000000      31.000000000       0.000000000      89.000000000       0.021770740      -0.017396753       0.000000000       0.000000000       0.000000000       0.000000000      79.908872522
      60.000000000      31.000000000      90.000000000     115.377708569       0.025571320       0.012721733      -0.008506133       0.000000000       0.000000000       0.000000000      59.846301139
      60.000000000      31.000000000     180.000000000     151.000000000       0.036353098      -0.002814395       0.000000000       0.000000000       0.000000000       0.000000000       7.741830954
      60.000000000      32.000000000       0.000000000      88.000000000       0.022014674      -0.017504820       0.000000000       0.000000000       0.000000000       0.000000000      79.514328644
      60.000000000      32.000000000      90.000000000     115.088904462       0.025774969       0.012810306      -0.008830613       0.000000000       0.000000000       0.000000000      60.364913526
      60.000000000      32.000000000     180.000000000     152.000000000       0.036992244      -0.002527251       0.000000000       0.000000000       0.000000000       0.000000000       6.831840625
      60.000000000      33.000000000       0.000000000      87.000000000       0.022281029      -0.017607023       0.000000000       0.000000000       0.000000000       0.000000000      79.022486944
      60.000000000      33.000000000      90.000000000     114.792628303       0.025988464       0.012903321      -0.009160607       0.000000000       0.000000000       0.000000000      60.890186553
      60.000000000      33.000000000     180.000000000     153.000000000       0.037646492      -0.002241561       0.000000000       0.000000000       0.000000000       0.000000000       5.954236714
      60.000000000      34.000000000       0.000000000      86.000000000       0.022570498      -0.017703297       0.000000000       0.000000000       0.000000000       0.000000000      78.435563637
      60.000000000      34.000000000      90.000000000     114.489015821       0.026212198       0.013000968      -0.009496419       0.000000000       0.000000000       0.000000000      61.421445627
      60.000000000      34.000000000     180.000000000     154.000000000       0.038316274      -0.001957522       0.000000000       0.000000000       0.000000000       0.000000000       5.108852078
      60.000000000      35.000000000       0.000000000      85.000000000       0.022883815      -0.017793578       0.000000000       0.000000000       0.000000000       0.000000000      77.756171250
      60.000000000      35.000000000      90.000000000     114.178203960       0.026446590       0.013103448      -0.009838371       0.000000000       0.000000000       0.000000000      61.958020044
      60.000000000      35.000000000     180.000000000     155.000000000       0.039002059      -0.001675334       0.000000000       0.000000000       0.000000000       0.000000000       4.295502335
      60.000000000      36.000000000       0.000000000      84.000000000       0.023221758      -0.017877803       0.000000000       0.000000000       0.000000000       0.000000000      76.987291510
      60.000000000      36.000000000      90.000000000     113.860330715       0.026692086       0.013210976      -0.010186805       0.000000000       0.000000000       0.000000000      62.499243563
      60.000000000      36.000000000     180.000000000     156.000000000       0.039704354      -0.001395207       0.000000000       0.000000000       0.000000000       0.000000000       3.513988965
      60.000000000      37.000000000       0.000000000      83.000000000       0.023585155      -0.017955908       0.000000000       0.000000000       0.000000000       0.000000000      76.132245045
      60.000000000      37.000000000      90.000000000     113.535534978       0.026949163       0.013323780      -0.010542078       0.000000000       0.000000000       0.000000000      63.044454905
      60.000000000      37.000000000     180.000000000     157.000000000       0.040423710      -0.001117353       0.000000000       0.000000000       0.000000000       0.000000000       2.764102193
      60.000000000      38.000000000       0.000000000      82.000000000       0.023974883      -0.018027831       0.000000000       0.000000000       0.000000000       0.000000000      75.194658460
      60.000000000      38.000000000      90.000000000     113.203956389       0.027218331       0.013442105      -0.010904570       0.000000000       0.000000000       0.000000000      63.592998205
      60.000000000      38.000000000     180.000000000     158.000000000       0.041160720      -0.000841993       0.000000000       0.000000000       0.000000000       0.000000000       2.045623641
      60.000000000      39.000000000       0.000000000      81.000000000       0.024391876      -0.018093511       0.000000000       0.000000000       0.000000000       0.000000000      74.178429385
      60.000000000      39.000000000      90.000000000     112.865735196       0.027500132       0.013566212      -0.011274686       0.000000000       0.000000000       0.000000000      64.144223429
      60.000000000      39.000000000     180.000000000     159.000000000       0.041916029      -0.000569357       0.000000000       0.000000000       0.000000000       0.000000000       1.358328780
      60.000000000      40.000000000       0.000000000      80.000000000       0.024837129      -0.018152884       0.000000000       0.000000000       0.000000000       0.000000000      73.087690087
      60.000000000      40.000000000      90.000000000     112.521012118       0.027795147       0.013696379      -0.011652850       0.000000000       0.000000000       0.000000000      64.697486739
      60.000000000      40.000000000     180.000000000     160.000000000       0.042690332      -0.000299682       0.000000000       0.000000000       0.000000000       0.000000000       0.701989181
      60.000000000      41.000000000       0.000000000      79.000000000       0.025311702      -0.018205890       0.000000000       0.000000000       0.000000000       0.000000000      71.926770253
      60.000000000      41.000000000      90.000000000     112.169928217       0.028103999       0.013832905      -0.012039518       0.000000000       0.000000000       0.000000000      65.252150845
      60.000000000      41.000000000     180.000000000     161.000000000       0.043484381      -0.000033211       0.000000000       0.000000000       0.000000000       0.000000000       0.076374593
      60.000000000      42.000000000       0.000000000      78.000000000       0.025816725      -0.018252466       0.000000000       0.000000000       0.000000000       0.000000000      70.700159527
      60.000000000      42.000000000      90.000000000     111.812624777       0.028427350       0.013976108      -0.012435170       0.000000000       0.000000000       0.000000000      65.807585320
      60.000000000      42.000000000     180.000000000     162.000000000       0.044298990       0.000229799       0.000000000       0.000000000       0.000000000       0.000000000       0.518745153
      60.000000000      43.000000000       0.000000000      77.000000000       0.026353404      -0.018292549       0.000000000       0.000000000       0.000000000       0.000000000      69.412470336
      60.000000000      43.000000000      90.000000000     111.449243191       0.028765913       0.014126328      -0.012840320       0.000000000       0.000000000       0.000000000      66.363166910
      60.000000000      43.000000000     180.000000000     163.000000000       0.045135036       0.000489083       0.000000000       0.000000000       0.000000000       0.000000000       1.083598394
      60.000000000      44.000000000       0.000000000      76.000000000       0.026923030      -0.018326076       0.000000000       0.000000000       0.000000000       0.000000000      68.068401534
      60.000000000      44.000000000      90.000000000     111.079924852       0.029120448       0.014283932      -0.013255515       0.000000000       0.000000000       0.000000000      66.918279830
      60.000000000      44.000000000     180.000000000     164.000000000       0.045993470       0.000744363       0.000000000       0.000000000       0.000000000       0.000000000       1.618410031
      60.000000000      45.000000000       0.000000000      75.000000000       0.027526983      -0.018352984       0.000000000       0.000000000       0.000000000       0.000000000      66.672703306
      60.000000000      45.000000000      90.000000000     110.704811055       0.029491775       0.014449310      -0.013681338       0.000000000       0.000000000       0.000000000      67.472316055
      60.000000000      45.000000000     180.000000000     165.000000000       0.046875317       0.000995351       0.000000000       0.000000000       0.000000000       0.000000000       2.123400055
      60.000000000      46.000000000       0.000000000      74.000000000       0.028166741      -0.018373206       0.000000000       0.000000000       0.000000000       0.000000000      65.230143733
      60.000000000      46.000000000      90.000000000     110.324042898       0.029880767       0.014622882      -0.014118413       0.000000000       0.000000000       0.000000000      68.024675619
      60.000000000      46.000000000     180.000000000     166.000000000       0.047781689       0.001241742       0.000000000       0.000000000       0.000000000       0.000000000       2.598782197
      60.000000000      47.000000000       0.000000000      73.000000000       0.028843890      -0.018386675       0.000000000       0.000000000       0.000000000       0.000000000      63.745477362
      60.000000000      47.000000000      90.000000000     109.937761204       0.030288368       0.014805099      -0.014567406       0.000000000       0.000000000       0.000000000      68.574766918
      60.000000000      47.000000000     180.000000000     167.000000000       0.048713784       0.001483219       0.000000000       0.000000000       0.000000000       0.000000000       3.044762695
      60.000000000      48.000000000       0.000000000      72.000000000       0.029560132      -0.018393324       0.000000000       0.000000000       0.000000000       0.000000000      62.223416048
      60.000000000      48.000000000      90.000000000     109.546106430       0.030715589       0.014996445      -0.015029032       0.000000000       0.000000000       0.000000000      69.122007029
      60.000000000      48.000000000     180.000000000     168.000000000       0.049672903       0.001719447       0.000000000       0.000000000       0.000000000       0.000000000       3.461539149
      60.000000000      49.000000000       0.000000000      71.000000000       0.030317297      -0.018393081       0.000000000       0.000000000       0.000000000       0.000000000      60.668602283
      60.000000000      49.000000000      90.000000000     109.149218605       0.031163517       0.015197441      -0.015504057       0.000000000       0.000000000       0.000000000      69.665822053
      60.000000000      49.000000000     180.000000000     169.000000000       0.050660450       0.001950072       0.000000000       0.000000000       0.000000000       0.000000000       3.849299482
      60.000000000      50.000000000       0.000000000      70.000000000       0.031117355      -0.018385871       0.000000000       0.000000000       0.000000000       0.000000000      59.085585156
      60.000000000      50.000000000      90.000000000     108.747237251       0.031633324       0.015408648      -0.015993303       0.000000000       0.000000000       0.000000000      70.205647476
      60.000000000      50.000000000     180.000000000     170.000000000       0.051677948       0.002174722       0.000000000       0.000000000       0.000000000       0.000000000       4.208220970
      60.000000000      51.000000000       0.000000000      69.000000000       0.031962426      -0.018371619       0.000000000       0.000000000       0.000000000       0.000000000      57.478799042
      60.000000000      51.000000000      90.000000000     108.340301333       0.032126274       0.015630669      -0.016497654       0.000000000       0.000000000       0.000000000      70.740928578
      60.000000000      51.000000000     180.000000000     171.000000000       0.052727046       0.002393001       0.000000000       0.000000000       0.000000000       0.000000000       4.538469352
      60.000000000      52.000000000       0.000000000      68.000000000       0.032854800      -0.018350242       0.000000000       0.000000000       0.000000000       0.000000000      55.852545044
      60.000000000      52.000000000      90.000000000     107.928549195       0.032643729       0.015864156      -0.017018062       0.000000000       0.000000000       0.000000000      71.271120864
      60.000000000      52.000000000     180.000000000     172.000000000       0.053809530       0.002604488       0.000000000       0.000000000       0.000000000       0.000000000       4.840197999
      60.000000000      53.000000000       0.000000000      67.000000000       0.033796948      -0.018321655       0.000000000       0.000000000       0.000000000       0.000000000      54.210975184
      60.000000000      53.000000000      90.000000000     107.512118518       0.033187159       0.016109814      -0.017555552       0.000000000       0.000000000       0.000000000      71.795690558
      60.000000000      53.000000000     180.000000000     173.000000000       0.054927338       0.002808735       0.000000000       0.000000000       0.000000000       0.000000000       5.113547131
      60.000000000      54.000000000       0.000000000      66.000000000       0.034791543      -0.018285767       0.000000000       0.000000000       0.000000000       0.000000000      52.558079291
      60.000000000      54.000000000      90.000000000     107.091146270       0.033758154       0.016368402      -0.018111233       0.000000000       0.000000000       0.000000000      72.314115144
      60.000000000      54.000000000     180.000000000     174.000000000       0.056082575       0.003005265       0.000000000       0.000000000       0.000000000       0.000000000       5.358643086
      60.000000000      55.000000000       0.000000000      65.000000000       0.035841479      -0.018242479       0.000000000       0.000000000       0.000000000       0.000000000      50.897674485
      60.000000000      55.000000000      90.000000000     106.665768674       0.034358435       0.016640744      -0.018686301       0.000000000       0.000000000       0.000000000      72.825883981
      60.000000000      55.000000000     180.000000000     175.000000000       0.057277523       0.003193564       0.000000000       0.000000000       0.000000000       0.000000000       5.575597608
      60.000000000      56.000000000       0.000000000      64.000000000       0.036949893      -0.018191688       0.000000000       0.000000000       0.000000000       0.000000000      49.233397147
      60.000000000      56.000000000      90.000000000     106.236121171       0.034989866       0.016927730      -0.019282049       0.000000000       0.000000000       0.000000000      73.330498990
      60.000000000      56.000000000     180.000000000     176.000000000       0.058514663       0.003373082       0.000000000       0.000000000       0.000000000       0.000000000       5.764507162
      60.000000000      57.000000000       0.000000000      63.000000000       0.038120191      -0.018133278       0.000000000       0.000000000       0.000000000       0.000000000      47.568697235
      60.000000000      57.000000000      90.000000000     105.802338394       0.035654466       0.017230327      -0.019899880       0.000000000       0.000000000       0.000000000      73.827475434
      60.000000000      57.000000000     180.000000000     177.000000000       0.059796693       0.003543225       0.000000000       0.000000000       0.000000000       0.000000000       5.925452257
      60.000000000      58.000000000       0.000000000      62.000000000       0.039356071      -0.018067126       0.000000000       0.000000000       0.000000000       0.000000000      45.906834779
      60.000000000      58.000000000      90.000000000     105.364554146       0.036354428       0.017549584      -0.020541314       0.000000000       0.000000000       0.000000000      74.316342815
      60.000000000      58.000000000     180.000000000     178.000000000       0.061126547       0.003703350      -0.000000000       0.000000000       0.000000000       0.000000000       6.058496752
      60.000000000      59.000000000       0.000000000      61.000000000       0.040661559      -0.017993097       0.000000000       0.000000000       0.000000000       0.000000000      44.250878405
      60.000000000      59.000000000      90.000000000     104.922901380       0.037092132       0.017886639      -0.021208004       0.000000000       0.000000000       0.000000000      74.796645896
      60.000000000      59.000000000     180.000000000     179.000000000       0.062507417       0.003852762      -0.000000000       0.000000000       0.000000000       0.000000000       6.163687148
      60.000000000      60.000000000       0.000000000      60.000000000       0.042041038      -0.017911040       0.000000000       0.000000000       0.000000000       0.000000000      42.603705698
      60.000000000      60.000000000      90.000000000     104.477512186       0.037870169       0.018242732      -0.021901742       0.000000000       0.000000000       0.000000000      75.267945881
      60.000000000      60.000000000     180.000000000     180.000000000       0.063942781       0.003990702      -0.000000000       0.000000000       0.000000000       0.000000000       6.241051825
      60.000000000      61.000000000       0.000000000      59.000000000       0.043499289      -0.017820791       0.000000000       0.000000000       0.000000000       0.000000000      40.968005263
      60.000000000      61.000000000      90.000000000     104.028517782       0.038691352       0.018619211      -0.022624484       0.000000000       0.000000000       0.000000000      75.729821791
      60.000000000      61.000000000     180.000000000     179.000000000       0.065436424       0.004116344      -0.000000000       0.000000000       0.000000000       0.000000000       6.290600214
      60.000000000      62.000000000       0.000000000      58.000000000       0.045041526      -0.017722165       0.000000000       0.000000000       0.000000000       0.000000000      39.346280299
      60.000000000      62.000000000      90.000000000     103.576048509       0.039558749       0.019017543      -0.023378355       0.000000000       0.000000000       0.000000000      76.181872074
      60.000000000      62.000000000     180.000000000     178.000000000       0.066992471       0.004228780      -0.000000000       0.000000000       0.000000000       0.000000000       6.312321865
      60.000000000      63.000000000       0.000000000      57.000000000       0.046673446      -0.017614957       0.000000000       0.000000000       0.000000000       0.000000000      37.740853558
      60.000000000      63.000000000      90.000000000     103.120233826       0.040475697       0.019439326      -0.024165673       0.000000000       0.000000000       0.000000000      76.623716509
      60.000000000      63.000000000     180.000000000     177.000000000       0.068615418       0.004327015      -0.000000000       0.000000000       0.000000000       0.000000000       6.306185373
      60.000000000      64.000000000       0.000000000      56.000000000       0.048401273      -0.017498935       0.000000000       0.000000000       0.000000000       0.000000000      36.153873550
      60.000000000      64.000000000      90.000000000     102.661202316       0.041445834       0.019886305      -0.024988968       0.000000000       0.000000000       0.000000000      77.054998467
      60.000000000      64.000000000     180.000000000     176.000000000       0.070310158       0.004409950      -0.000000000       0.000000000       0.000000000       0.000000000       6.272137113
      60.000000000      65.000000000       0.000000000      55.000000000       0.050231815      -0.017373840       0.000000000       0.000000000       0.000000000       0.000000000      34.587321904
      60.000000000      65.000000000      90.000000000     102.199081690       0.042473119       0.020360377      -0.025850995       0.000000000       0.000000000       0.000000000      77.475387639
      60.000000000      65.000000000     180.000000000     175.000000000       0.072082020       0.004476365      -0.000000000       0.000000000       0.000000000       0.000000000       6.210099713
      60.000000000      66.000000000       0.000000000      54.000000000       0.052172511      -0.017239374       0.000000000       0.000000000       0.000000000       0.000000000      33.043021803
      60.000000000      66.000000000      90.000000000     101.733998795       0.043561865       0.020863612      -0.026754762       0.000000000       0.000000000       0.000000000      77.884583349
      60.000000000      66.000000000     180.000000000     174.000000000       0.073936796       0.004524910      -0.000000000       0.000000000       0.000000000       0.000000000       6.119970186
      60.000000000      67.000000000       0.000000000      53.000000000       0.054231496      -0.017095203       0.000000000       0.000000000       0.000000000       0.000000000      31.522647473
      60.000000000      67.000000000      90.000000000     101.266079624       0.044716759       0.021398261      -0.027703548       0.000000000       0.000000000       0.000000000      78.282318614
      60.000000000      67.000000000     180.000000000     173.000000000       0.075880773       0.004554074      -0.000000000       0.000000000       0.000000000       0.000000000       6.001617587
      60.000000000      68.000000000       0.000000000      52.000000000       0.056417648      -0.016940942       0.000000000       0.000000000       0.000000000       0.000000000      30.027734748
      60.000000000      68.000000000      90.000000000     100.795449334       0.045942891       0.021966770      -0.028700921       0.000000000       0.000000000       0.000000000      78.668365189
      60.000000000      68.000000000     180.000000000     172.000000000       0.077920757       0.004562167      -0.000000000       0.000000000       0.000000000       0.000000000       5.854880050
      60.000000000      69.000000000       0.000000000      51.000000000       0.058740648      -0.016776149       0.000000000       0.000000000       0.000000000       0.000000000      28.559692812
      60.000000000      69.000000000      90.000000000     100.322232261       0.047245767       0.022571789      -0.029750759       0.000000000       0.000000000       0.000000000      79.042539900
      60.000000000      69.000000000     180.000000000     171.000000000       0.080064085       0.004547289      -0.000000000       0.000000000       0.000000000       0.000000000       5.679560972
      60.000000000      70.000000000       0.000000000      50.000000000       0.061211014      -0.016600315       0.000000000       0.000000000       0.000000000       0.000000000      27.119817315
      60.000000000      70.000000000      90.000000000      99.846551940       0.048631319       0.023216178      -0.030857260       0.000000000       0.000000000       0.000000000      79.404712684
      60.000000000      70.000000000     180.000000000     170.000000000       0.082318623       0.004507294      -0.000000000       0.000000000       0.000000000       0.000000000       5.475424043
      60.000000000      71.000000000       0.000000000      49.000000000       0.063840132      -0.016412854       0.000000000       0.000000000       0.000000000       0.000000000      25.709305197
      60.000000000      71.000000000      90.000000000      99.368531127       0.050105898       0.023903004      -0.032024947       0.000000000       0.000000000       0.000000000      79.754816945
      60.000000000      71.000000000     180.000000000     169.000000000       0.084692737       0.004439751      -0.000000000       0.000000000       0.000000000       0.000000000       5.242186674
      60.000000000      72.000000000       0.000000000      48.000000000       0.066640234      -0.016213084       0.000000000       0.000000000       0.000000000       0.000000000      24.329271743
      60.000000000      72.000000000      90.000000000      98.888291823       0.051676234       0.024635526      -0.033258655       0.000000000       0.000000000       0.000000000      80.092863032
      60.000000000      72.000000000     180.000000000     168.000000000       0.087195213       0.004341895      -0.000000000       0.000000000       0.000000000       0.000000000       4.979511209
      60.000000000      73.000000000       0.000000000      47.000000000       0.069624342      -0.016000210       0.000000000       0.000000000       0.000000000       0.000000000      22.980770691
      60.000000000      73.000000000      90.000000000      98.405955301       0.053349360       0.025417161      -0.034563496       0.000000000       0.000000000       0.000000000      80.418956064
      60.000000000      73.000000000     180.000000000     167.000000000       0.089835119       0.004210566      -0.000000000       0.000000000       0.000000000       0.000000000       4.686993006
      60.000000000      74.000000000       0.000000000      46.000000000       0.072806104      -0.015773310       0.000000000       0.000000000       0.000000000       0.000000000      21.664818629
      60.000000000      74.000000000      90.000000000      97.921642135       0.055132466       0.026251417      -0.035944780       0.000000000       0.000000000       0.000000000      80.733319806
      60.000000000      74.000000000     180.000000000     166.000000000       0.092621553       0.004042138      -0.000000000       0.000000000       0.000000000       0.000000000       4.364144035
      60.000000000      75.000000000       0.000000000      45.000000000       0.076199494      -0.015531305       0.000000000       0.000000000       0.000000000       0.000000000      20.382425577
      60.000000000      75.000000000      90.000000000      97.435472226       0.057032643       0.027141781      -0.037407882       0.000000000       0.000000000       0.000000000      81.036329153
      60.000000000      75.000000000     180.000000000     165.000000000       0.095563239       0.003832439      -0.000000000       0.000000000       0.000000000       0.000000000       4.010369978
      60.000000000      76.000000000       0.000000000      44.000000000       0.079818290      -0.015272938       0.000000000       0.000000000       0.000000000       0.000000000      19.134634695
      60.000000000      76.000000000      90.000000000      96.947564839       0.059056478       0.028091528      -0.038958002       0.000000000       0.000000000       0.000000000      81.328555018
      60.000000000      76.000000000     180.000000000     164.000000000       0.098667877       0.003576649      -0.000000000       0.000000000       0.000000000       0.000000000       3.624937722
      60.000000000      77.000000000       0.000000000      43.000000000       0.083675192      -0.014996750       0.000000000       0.000000000       0.000000000       0.000000000      17.922575668
      60.000000000      77.000000000      90.000000000      96.458038631       0.061209391       0.029103415      -0.040599784       0.000000000       0.000000000       0.000000000      81.610827417
      60.000000000      77.000000000     180.000000000     163.000000000       0.101941120       0.003269179      -0.000000000       0.000000000       0.000000000       0.000000000       3.206928425
      60.000000000      78.000000000       0.000000000      42.000000000       0.087780410      -0.014701058       0.000000000       0.000000000       0.000000000       0.000000000      16.747539052
      60.000000000      78.000000000      90.000000000      95.967011691       0.063494601       0.030179204      -0.042336707       0.000000000       0.000000000       0.000000000      81.884325632
      60.000000000      78.000000000     180.000000000     162.000000000       0.105385003       0.002903534      -0.000000000       0.000000000       0.000000000       0.000000000       2.755168424
      60.000000000      79.000000000       0.000000000      41.000000000       0.092139418      -0.014383961       0.000000000       0.000000000       0.000000000       0.000000000      15.611083331
      60.000000000      79.000000000      90.000000000      95.474601570       0.065911526       0.031318907      -0.044170131       0.000000000       0.000000000       0.000000000      82.150709483
      60.000000000      79.000000000     180.000000000     161.000000000       0.108995534       0.002472155      -0.000000000       0.000000000       0.000000000       0.000000000       2.268125480
      60.000000000      80.000000000       0.000000000      40.000000000       0.096749448      -0.014043370       0.000000000       0.000000000       0.000000000       0.000000000      14.515194038
      60.000000000      80.000000000      90.000000000      94.980925322       0.068453325       0.032519637      -0.046097822       0.000000000       0.000000000       0.000000000      82.412313852
      60.000000000      80.000000000     180.000000000     160.000000000       0.112759053       0.001966235      -0.000000000       0.000000000       0.000000000       0.000000000       1.743749520
      60.000000000      81.000000000       0.000000000      39.000000000       0.101594156      -0.013677141       0.000000000       0.000000000       0.000000000       0.000000000      13.462527393
      60.000000000      81.000000000      90.000000000      94.486099541       0.071103203       0.033773854      -0.048111734       0.000000000       0.000000000       0.000000000      82.672441979
      60.000000000      81.000000000     180.000000000     159.000000000       0.116646823       0.001375526      -0.000000000       0.000000000       0.000000000       0.000000000       1.179222634
      60.000000000      82.000000000       0.000000000      38.000000000       0.106635710      -0.013283390       0.000000000       0.000000000       0.000000000       0.000000000      12.456793428
      60.000000000      82.000000000      90.000000000      93.990240398       0.073828988       0.035066796      -0.050194771       0.000000000       0.000000000       0.000000000      82.935814104
      60.000000000      82.000000000     180.000000000     158.000000000       0.120607234       0.000688134      -0.000000000       0.000000000       0.000000000       0.000000000       0.570557734
      60.000000000      83.000000000       0.000000000      37.000000000       0.111803714      -0.012861197       0.000000000       0.000000000       0.000000000       0.000000000      11.503371452
      60.000000000      83.000000000      90.000000000      93.493463685       0.076575616       0.036372859      -0.052316336       0.000000000       0.000000000       0.000000000      83.209258584
      60.000000000      83.000000000     180.000000000     157.000000000       0.124555229      -0.000109682      -0.000000000       0.000000000       0.000000000       0.000000000       0.088058616
      60.000000000      84.000000000       0.000000000      36.000000000       0.116981526      -0.012412102       0.000000000       0.000000000       0.000000000       0.000000000      10.610309520
      60.000000000      84.000000000      90.000000000      92.995884851       0.079255888       0.037651083      -0.054427035       0.000000000       0.000000000       0.000000000      83.502766988
      60.000000000      84.000000000     180.000000000     156.000000000       0.128359874      -0.001033753      -0.000000000       0.000000000       0.000000000       0.000000000       0.805355521
      60.000000000      85.000000000       0.000000000      35.000000000       0.121994605      -0.011943184       0.000000000       0.000000000       0.000000000       0.000000000       9.789927641
      60.000000000      85.000000000      90.000000000      92.497619045       0.081742599       0.038841056      -0.056454751       0.000000000       0.000000000       0.000000000      83.831030097
      60.000000000      85.000000000     180.000000000     155.000000000       0.131835317      -0.002102472      -0.000000000       0.000000000       0.000000000       0.000000000       1.594771568
      60.000000000      86.000000000       0.000000000      34.000000000       0.126616718      -0.011473029       0.000000000       0.000000000       0.000000000       0.000000000       9.061227774
      60.000000000      86.000000000      90.000000000      91.998781159       0.083872420       0.039863941      -0.058309116       0.000000000       0.000000000       0.000000000      84.215369551
      60.000000000      86.000000000     180.000000000     154.000000000       0.134751594      -0.003338152      -0.000000000       0.000000000       0.000000000       0.000000000       2.477263818
      60.000000000      87.000000000       0.000000000      33.000000000       0.130629059      -0.011041955       0.000000000       0.000000000       0.000000000       0.000000000       8.452908345
      60.000000000      87.000000000      90.000000000      91.499485870       0.085484190       0.040638967      -0.059909500       0.000000000       0.000000000       0.000000000      84.685246992
      60.000000000      87.000000000     180.000000000     153.000000000       0.136899901      -0.004771113      -0.000000000       0.000000000       0.000000000       0.000000000       3.485110435
      60.000000000      88.000000000       0.000000000      32.000000000       0.133947086      -0.010724253       0.000000000       0.000000000       0.000000000       0.000000000       8.006335256
      60.000000000      88.000000000      90.000000000      90.999847680       0.086499394       0.041118978      -0.061241631       0.000000000       0.000000000       0.000000000      85.278309602
      60.000000000      88.000000000     180.000000000     152.000000000       0.138221690      -0.006449649      -0.000000000       0.000000000       0.000000000       0.000000000       4.666162405
      60.000000000      89.000000000       0.000000000      31.000000000       0.136575749      -0.010637831       0.000000000       0.000000000       0.000000000       0.000000000       7.788960132
      60.000000000      89.000000000      90.000000000      90.499980961       0.086878588       0.041266225      -0.062339490       0.000000000       0.000000000       0.000000000      86.051551660
      60.000000000      89.000000000     180.000000000     151.000000000       0.138751697      -0.008461882      -0.000000000       0.000000000       0.000000000       0.000000000       6.098579373
