# ARTDECO : output file
# Downward Radiances
#   
# Result given for each geometry
# sza : solar zenith angle(s) (degree)
# vza : view  zenith angle(s) (degree)
# vaa : view azimuthal angle(s) (degree)
# total number of geometries
         270
# nsza, nvza_dw, n
           1          90           3
# number of elements of the Stokes vector
# 4 = full polarization, 3 = 3x3 approximation, 1 = scalar
           3
# number of wavelengths
           1
##################
# Wavelength (microns) 
       0.412000000
# CPU time for RT in sec(s) 
     0.385241485E+01
#        sza               vza              vaa              theta              I_dw              Q_dw              U_dw                dI_dw            dQ_dw             dU_dw              Polar. (%)
      60.000000000      91.000000000       0.000000000     120.000000000       0.089120289      -0.003698907       0.000000000       0.000000000       0.000000000       0.000000000       4.150465952
      60.000000000      91.000000000      90.000000000     120.000000000       0.057572062       0.026521478      -0.038580803       0.000000000       0.000000000       0.000000000      81.319618159
      60.000000000      91.000000000     180.000000000     120.000000000       0.087773634      -0.005045563      -0.000000000       0.000000000       0.000000000       0.000000000       5.748381104
      60.000000000      92.000000000       0.000000000     119.000000000       0.093863680      -0.002733793       0.000000000       0.000000000       0.000000000       0.000000000       2.912514708
      60.000000000      92.000000000      90.000000000     119.994961924       0.060418041       0.027981711      -0.040233823       0.000000000       0.000000000       0.000000000      81.114043976
      60.000000000      92.000000000     180.000000000     121.000000000       0.091055399      -0.005542074      -0.000000000       0.000000000       0.000000000       0.000000000       6.086485673
      60.000000000      93.000000000       0.000000000     118.000000000       0.098000679      -0.001902593       0.000000000       0.000000000       0.000000000       0.000000000       1.941407748
      60.000000000      93.000000000      90.000000000     119.979850765       0.062742992       0.029175829      -0.041663158       0.000000000       0.000000000       0.000000000      81.065673733
      60.000000000      93.000000000     180.000000000     122.000000000       0.093639716      -0.006263555      -0.000000000       0.000000000       0.000000000       0.000000000       6.688994253
      60.000000000      94.000000000       0.000000000     117.000000000       0.101025448      -0.001149549       0.000000000       0.000000000       0.000000000       0.000000000       1.137881113
      60.000000000      94.000000000      90.000000000     119.954675720       0.064277450       0.029980917      -0.042632790       0.000000000       0.000000000       0.000000000      81.084722949
      60.000000000      94.000000000     180.000000000     123.000000000       0.095077622      -0.007097376      -0.000000000       0.000000000       0.000000000       0.000000000       7.464822525
      60.000000000      95.000000000       0.000000000     116.000000000       0.102687403      -0.000447465       0.000000000       0.000000000       0.000000000       0.000000000       0.435754876
      60.000000000      95.000000000      90.000000000     119.919452093       0.064912923       0.030347885      -0.043026394       0.000000000       0.000000000       0.000000000      81.112200843
      60.000000000      95.000000000     180.000000000     124.000000000       0.095187408      -0.007947460      -0.000000000       0.000000000       0.000000000       0.000000000       8.349276691
      60.000000000      96.000000000       0.000000000     115.000000000       0.103113768       0.000208436       0.000000000       0.000000000       0.000000000       0.000000000       0.202141518
      60.000000000      96.000000000      90.000000000     119.874201258       0.064767322       0.030334884      -0.042898108       0.000000000       0.000000000       0.000000000      81.121174732
      60.000000000      96.000000000     180.000000000     125.000000000       0.094145621      -0.008759711      -0.000000000       0.000000000       0.000000000       0.000000000       9.304427336
      60.000000000      97.000000000       0.000000000     114.000000000       0.102579389       0.000814861       0.000000000       0.000000000       0.000000000       0.000000000       0.794370845
      60.000000000      97.000000000      90.000000000     119.818950607       0.064036909       0.030036987      -0.042368339       0.000000000       0.000000000       0.000000000      81.102454791
      60.000000000      97.000000000     180.000000000     126.000000000       0.092252586      -0.009511942      -0.000000000       0.000000000       0.000000000       0.000000000      10.310759748
      60.000000000      98.000000000       0.000000000     113.000000000       0.101358854       0.001368270       0.000000000       0.000000000       0.000000000       0.000000000       1.349926882
      60.000000000      98.000000000      90.000000000     119.753733483       0.062906734       0.029543579      -0.041557341       0.000000000       0.000000000       0.000000000      81.054253006
      60.000000000      98.000000000     180.000000000     127.000000000       0.089791526      -0.010199058      -0.000000000       0.000000000       0.000000000       0.000000000      11.358596916
      60.000000000      99.000000000       0.000000000     112.000000000       0.099676087       0.001867135       0.000000000       0.000000000       0.000000000       0.000000000       1.873202079
      60.000000000      99.000000000      90.000000000     119.678589103       0.061522981       0.028925255      -0.040562730       0.000000000       0.000000000       0.000000000      80.977431592
      60.000000000      99.000000000     180.000000000     128.000000000       0.086985269      -0.010823684      -0.000000000       0.000000000       0.000000000       0.000000000      12.443122487
      60.000000000     100.000000000       0.000000000     111.000000000       0.097698773       0.002311934       0.000000000       0.000000000       0.000000000       0.000000000       2.366389611
      60.000000000     100.000000000      90.000000000     119.593562462       0.059992409       0.028233611      -0.039457098       0.000000000       0.000000000       0.000000000      80.873617291
      60.000000000     100.000000000     180.000000000     129.000000000       0.083995466      -0.011391373      -0.000000000       0.000000000       0.000000000       0.000000000      13.561889848
      60.000000000     101.000000000       0.000000000     110.000000000       0.095547275       0.002704577       0.000000000       0.000000000       0.000000000       0.000000000       2.830616298
      60.000000000     101.000000000      90.000000000     119.498704231       0.058389817       0.027504857      -0.038292063       0.000000000       0.000000000       0.000000000      80.744511418
      60.000000000     101.000000000     180.000000000     130.000000000       0.080934335      -0.011908364      -0.000000000       0.000000000       0.000000000       0.000000000      14.713611369
      60.000000000     102.000000000       0.000000000     109.000000000       0.093305921       0.003047821       0.000000000       0.000000000       0.000000000       0.000000000       3.266482390
      60.000000000     102.000000000      90.000000000     119.394070634       0.056766232       0.026763754      -0.037103355       0.000000000       0.000000000       0.000000000      80.591666333
      60.000000000     102.000000000     180.000000000     131.000000000       0.077877479      -0.012380621      -0.000000000       0.000000000       0.000000000       0.000000000      15.897562668
      60.000000000     103.000000000       0.000000000     108.000000000       0.091032791       0.003344840       0.000000000       0.000000000       0.000000000       0.000000000       3.674324041
      60.000000000     103.000000000      90.000000000     119.279723324       0.055155698       0.026026881      -0.035915188       0.000000000       0.000000000       0.000000000      80.416436470
      60.000000000     103.000000000     180.000000000     132.000000000       0.074874472      -0.012813479      -0.000000000       0.000000000       0.000000000       0.000000000      17.113281179
      60.000000000     104.000000000       0.000000000     107.000000000       0.088767264       0.003598930       0.000000000       0.000000000       0.000000000       0.000000000       4.054343537
      60.000000000     104.000000000      90.000000000     119.155729238       0.053580365       0.025305075      -0.034743626       0.000000000       0.000000000       0.000000000      80.219990366
      60.000000000     104.000000000     180.000000000     133.000000000       0.071956776      -0.013211558      -0.000000000       0.000000000       0.000000000       0.000000000      18.360408209
      60.000000000     105.000000000       0.000000000     106.000000000       0.086535535       0.003813340       0.000000000       0.000000000       0.000000000       0.000000000       4.406674851
      60.000000000     105.000000000      90.000000000     119.022160452       0.052054144       0.024605199      -0.033599028       0.000000000       0.000000000       0.000000000      80.003340189
      60.000000000     105.000000000     180.000000000     134.000000000       0.069143398      -0.013578797      -0.000000000       0.000000000       0.000000000       0.000000000      19.638602711
      60.000000000     106.000000000       0.000000000     105.000000000       0.084354558       0.003991166       0.000000000       0.000000000       0.000000000       0.000000000       4.731416794
      60.000000000     106.000000000      90.000000000     118.879094017       0.050585284       0.023931371      -0.032487791       0.000000000       0.000000000       0.000000000      79.767372801
      60.000000000     106.000000000     180.000000000     135.000000000       0.066444861      -0.013918532      -0.000000000       0.000000000       0.000000000       0.000000000      20.947491847
      60.000000000     107.000000000       0.000000000     104.000000000       0.082234843       0.004135302       0.000000000       0.000000000       0.000000000       0.000000000       5.028649600
      60.000000000     107.000000000      90.000000000     118.726611796       0.049178167       0.023285834      -0.031413573       0.000000000       0.000000000       0.000000000      79.512877140
      60.000000000     107.000000000     180.000000000     136.000000000       0.063865963      -0.014233578      -0.000000000       0.000000000       0.000000000       0.000000000      22.286640818
      60.000000000     108.000000000       0.000000000     103.000000000       0.080182413       0.004248419       0.000000000       0.000000000       0.000000000       0.000000000       5.298442913
      60.000000000     108.000000000      90.000000000     118.564800285       0.047834550       0.022669556      -0.030378156       0.000000000       0.000000000       0.000000000      79.240566739
      60.000000000     108.000000000     180.000000000     137.000000000       0.061407679      -0.014526314      -0.000000000       0.000000000       0.000000000       0.000000000      23.655532998
      60.000000000     109.000000000       0.000000000     102.000000000       0.078200189       0.004332962       0.000000000       0.000000000       0.000000000       0.000000000       5.540859287
      60.000000000     109.000000000      90.000000000     118.393750435       0.046554440       0.022082647      -0.029382043       0.000000000       0.000000000       0.000000000      78.951097695
      60.000000000     109.000000000     180.000000000     138.000000000       0.059068474      -0.014798753      -0.000000000       0.000000000       0.000000000       0.000000000      25.053555600
      60.000000000     110.000000000       0.000000000     101.000000000       0.076288967       0.004391159       0.000000000       0.000000000       0.000000000       0.000000000       5.755955346
      60.000000000     110.000000000      90.000000000     118.213557466       0.045336683       0.021524647      -0.028424879       0.000000000       0.000000000       0.000000000      78.645082794
      60.000000000     110.000000000     180.000000000     139.000000000       0.056845205      -0.015052604      -0.000000000       0.000000000       0.000000000       0.000000000      26.479988363
      60.000000000     111.000000000       0.000000000     100.000000000       0.074448101       0.004425033       0.000000000       0.000000000       0.000000000       0.000000000       5.943781767
      60.000000000     111.000000000      90.000000000     118.024320674       0.044179391       0.020994733      -0.027505744       0.000000000       0.000000000       0.000000000      78.323102555
      60.000000000     111.000000000     180.000000000     140.000000000       0.054733747      -0.015289322      -0.000000000       0.000000000       0.000000000       0.000000000      27.933993868
      60.000000000     112.000000000       0.000000000      99.000000000       0.072675988       0.004436420       0.000000000       0.000000000       0.000000000       0.000000000       6.104382686
      60.000000000     112.000000000      90.000000000     117.826143233       0.043080221       0.020491853      -0.026623359       0.000000000       0.000000000       0.000000000      77.985713843
      60.000000000     112.000000000     180.000000000     141.000000000       0.052729416      -0.015510151      -0.000000000       0.000000000       0.000000000       0.000000000      29.414608748
      60.000000000     113.000000000       0.000000000      98.000000000       0.070970410       0.004426989       0.000000000       0.000000000       0.000000000       0.000000000       6.237794872
      60.000000000     113.000000000      90.000000000     117.619132006       0.042036580       0.020014827      -0.025776230       0.000000000       0.000000000       0.000000000      77.633456590
      60.000000000     113.000000000     180.000000000     142.000000000       0.050827259      -0.015716162      -0.000000000       0.000000000       0.000000000       0.000000000      30.920735391
      60.000000000     114.000000000       0.000000000      97.000000000       0.069328774       0.004398250       0.000000000       0.000000000       0.000000000       0.000000000       6.344046835
      60.000000000     114.000000000      90.000000000     117.403397336       0.041045758       0.019562411      -0.024962744       0.000000000       0.000000000       0.000000000      77.266859054
      60.000000000     114.000000000     180.000000000     143.000000000       0.049022248      -0.015908275      -0.000000000       0.000000000       0.000000000       0.000000000      32.451133959
      60.000000000     115.000000000       0.000000000      96.000000000       0.067748283       0.004351579       0.000000000       0.000000000       0.000000000       0.000000000       6.423157973
      60.000000000     115.000000000      90.000000000     117.179052852       0.040105022       0.019133343      -0.024181242       0.000000000       0.000000000       0.000000000      76.886441924
      60.000000000     115.000000000     180.000000000     144.000000000       0.047309414      -0.016087289      -0.000000000       0.000000000       0.000000000       0.000000000      34.004414656
      60.000000000     116.000000000       0.000000000      95.000000000       0.066226053       0.004288228       0.000000000       0.000000000       0.000000000       0.000000000       6.475137781
      60.000000000     116.000000000      90.000000000     116.946215263       0.039211680       0.018726375      -0.023430062       0.000000000       0.000000000       0.000000000      76.492721553
      60.000000000     116.000000000     180.000000000     145.000000000       0.045683927      -0.016253898      -0.000000000       0.000000000       0.000000000       0.000000000      35.579030241
      60.000000000     117.000000000       0.000000000      94.000000000       0.064759194       0.004209338       0.000000000       0.000000000       0.000000000       0.000000000       6.499985173
      60.000000000     117.000000000      90.000000000     116.705004161       0.038363116       0.018340290      -0.022707574       0.000000000       0.000000000       0.000000000      76.086212484
      60.000000000     117.000000000     180.000000000     146.000000000       0.044141148      -0.016408708      -0.000000000       0.000000000       0.000000000       0.000000000      37.173268868
      60.000000000     118.000000000       0.000000000      93.000000000       0.063344867       0.004115952       0.000000000       0.000000000       0.000000000       0.000000000       6.497687887
      60.000000000     118.000000000      90.000000000     116.455541824       0.037556820       0.017973920      -0.022012198       0.000000000       0.000000000       0.000000000      75.667429443
      60.000000000     118.000000000     180.000000000     147.000000000       0.042676665      -0.016552250      -0.000000000       0.000000000       0.000000000       0.000000000      38.785247325
      60.000000000     119.000000000       0.000000000      92.000000000       0.061980318       0.004009025       0.000000000       0.000000000       0.000000000       0.000000000       6.468222006
      60.000000000     119.000000000      90.000000000     116.197953011       0.036790400       0.017626146      -0.021342417       0.000000000       0.000000000       0.000000000      75.236888896
      60.000000000     119.000000000     180.000000000     148.000000000       0.041286301      -0.016684993      -0.000000000       0.000000000       0.000000000       0.000000000      40.412904801
      60.000000000     120.000000000       0.000000000      91.000000000       0.060662907       0.003889434       0.000000000       0.000000000       0.000000000       0.000000000       6.411551567
      60.000000000     120.000000000      90.000000000     115.932364776       0.036061593       0.017295910      -0.020696785       0.000000000       0.000000000       0.000000000      74.795110274
      60.000000000     120.000000000     180.000000000     149.000000000       0.039966122      -0.016807352      -0.000000000       0.000000000       0.000000000       0.000000000      42.053997313
      60.000000000     121.000000000       0.000000000      90.000000000       0.059390114       0.003757986       0.000000000       0.000000000       0.000000000       0.000000000       6.327628264
      60.000000000     121.000000000      90.000000000     115.658906273       0.035368262       0.016982210      -0.020073932       0.000000000       0.000000000       0.000000000      74.342616928
      60.000000000     121.000000000     180.000000000     150.000000000       0.038712435      -0.016919693      -0.000000000       0.000000000       0.000000000       0.000000000      43.706092957
      60.000000000     122.000000000       0.000000000      89.000000000       0.058159553       0.003615425       0.000000000       0.000000000       0.000000000       0.000000000       6.216391234
      60.000000000     122.000000000      90.000000000     115.377708569       0.034708399       0.016684106      -0.019472561       0.000000000       0.000000000       0.000000000      73.879936873
      60.000000000     122.000000000     180.000000000     151.000000000       0.037521783      -0.017022345      -0.000000000       0.000000000       0.000000000       0.000000000      45.366568133
      60.000000000     123.000000000       0.000000000      88.000000000       0.056968973       0.003462441       0.000000000       0.000000000       0.000000000       0.000000000       6.077766933
      60.000000000     123.000000000      90.000000000     115.088904462       0.034080120       0.016400711      -0.018891451       0.000000000       0.000000000       0.000000000      73.407603363
      60.000000000     123.000000000     180.000000000     152.000000000       0.036390929      -0.017115602      -0.000000000       0.000000000       0.000000000       0.000000000      47.032604935
      60.000000000     124.000000000       0.000000000      87.000000000       0.055816255       0.003299672       0.000000000       0.000000000       0.000000000       0.000000000       5.911669081
      60.000000000     124.000000000      90.000000000     114.792628303       0.033481660       0.016131197      -0.018329453       0.000000000       0.000000000       0.000000000      72.926155327
      60.000000000     124.000000000     180.000000000     153.000000000       0.035316854      -0.017199728      -0.000000000       0.000000000       0.000000000       0.000000000      48.701189894
      60.000000000     125.000000000       0.000000000      86.000000000       0.054699411       0.003127712       0.000000000       0.000000000       0.000000000       0.000000000       5.717998685
      60.000000000     125.000000000      90.000000000     114.489015821       0.032911368       0.015874786      -0.017785488       0.000000000       0.000000000       0.000000000      72.436137707
      60.000000000     125.000000000     180.000000000     154.000000000       0.034296737      -0.017274962      -0.000000000       0.000000000       0.000000000       0.000000000      50.369114242
      60.000000000     126.000000000       0.000000000      85.000000000       0.053616578       0.002947112       0.000000000       0.000000000       0.000000000       0.000000000       5.496644134
      60.000000000     126.000000000      90.000000000     114.178203960       0.032367701       0.015630752      -0.017258543       0.000000000       0.000000000       0.000000000      71.938101704
      60.000000000     126.000000000     180.000000000     155.000000000       0.033327944      -0.017341521      -0.000000000       0.000000000       0.000000000       0.000000000      52.032975916
      60.000000000     127.000000000       0.000000000      84.000000000       0.052566016       0.002758392       0.000000000       0.000000000       0.000000000       0.000000000       5.247481369
      60.000000000     127.000000000      90.000000000     113.860330715       0.031849217       0.015398415      -0.016747666       0.000000000       0.000000000       0.000000000      71.432604954
      60.000000000     127.000000000     180.000000000     156.000000000       0.032408022      -0.017399602      -0.000000000       0.000000000       0.000000000       0.000000000      53.689183472
      60.000000000     128.000000000       0.000000000      83.000000000       0.051546099       0.002562034       0.000000000       0.000000000       0.000000000       0.000000000       4.970374123
      60.000000000     128.000000000      90.000000000     113.535534978       0.031354569       0.015177139      -0.016251968       0.000000000       0.000000000       0.000000000      70.920211659
      60.000000000     128.000000000     180.000000000     157.000000000       0.031534678      -0.017449387      -0.000000000       0.000000000       0.000000000       0.000000000      55.333962097
      60.000000000     129.000000000       0.000000000      82.000000000       0.050555307       0.002358493       0.000000000       0.000000000       0.000000000       0.000000000       4.665174230
      60.000000000     129.000000000      90.000000000     113.203956389       0.030882497       0.014966331      -0.015770611       0.000000000       0.000000000       0.000000000      70.401492663
      60.000000000     129.000000000     180.000000000     158.000000000       0.030705773      -0.017491041      -0.000000000       0.000000000       0.000000000       0.000000000      56.963361885
      60.000000000     130.000000000       0.000000000      81.000000000       0.049592226       0.002148197       0.000000000       0.000000000       0.000000000       0.000000000       4.331722014
      60.000000000     130.000000000      90.000000000     112.865735196       0.030431827       0.014765434      -0.015302812       0.000000000       0.000000000       0.000000000      69.877025507
      60.000000000     130.000000000     180.000000000     159.000000000       0.029919310      -0.017524718      -0.000000000       0.000000000       0.000000000       0.000000000      58.573268537
      60.000000000     131.000000000       0.000000000      80.000000000       0.048655535       0.001931550       0.000000000       0.000000000       0.000000000       0.000000000       3.969846755
      60.000000000     131.000000000      90.000000000     112.521012118       0.030001460       0.014573930      -0.014847834       0.000000000       0.000000000       0.000000000      69.347394444
      60.000000000     131.000000000     180.000000000     160.000000000       0.029173424      -0.017550561      -0.000000000       0.000000000       0.000000000       0.000000000      60.159416597
      60.000000000     132.000000000       0.000000000      79.000000000       0.047744007       0.001708933       0.000000000       0.000000000       0.000000000       0.000000000       3.579367233
      60.000000000     132.000000000      90.000000000     112.169928217       0.029590368       0.014391332      -0.014404989       0.000000000       0.000000000       0.000000000      68.813190441
      60.000000000     132.000000000     180.000000000     161.000000000       0.028466369      -0.017568705      -0.000000000       0.000000000       0.000000000       0.000000000      61.717405341
      60.000000000     133.000000000       0.000000000      78.000000000       0.046856497       0.001480709       0.000000000       0.000000000       0.000000000       0.000000000       3.160092355
      60.000000000     133.000000000      90.000000000     111.812624777       0.029197592       0.014217187      -0.013973627       0.000000000       0.000000000       0.000000000      68.275011156
      60.000000000     133.000000000     180.000000000     162.000000000       0.027796516      -0.017579272      -0.000000000       0.000000000       0.000000000       0.000000000      63.242717364
      60.000000000     134.000000000       0.000000000      77.000000000       0.045991939       0.001247219       0.000000000       0.000000000       0.000000000       0.000000000       2.711821876
      60.000000000     134.000000000      90.000000000     111.449243191       0.028822234       0.014051068      -0.013553138       0.000000000       0.000000000       0.000000000      67.733460902
      60.000000000     134.000000000     180.000000000     163.000000000       0.027162337      -0.017582382      -0.000000000       0.000000000       0.000000000       0.000000000      64.730739892
      60.000000000     135.000000000       0.000000000      76.000000000       0.045149341       0.001008793       0.000000000       0.000000000       0.000000000       0.000000000       2.234347216
      60.000000000     135.000000000      90.000000000     111.079924852       0.028463454       0.013892579      -0.013142950       0.000000000       0.000000000       0.000000000      67.189150600
      60.000000000     135.000000000     180.000000000     164.000000000       0.026562403      -0.017578145      -0.000000000       0.000000000       0.000000000       0.000000000      66.176788789
      60.000000000     136.000000000       0.000000000      75.000000000       0.044327783       0.000765741       0.000000000       0.000000000       0.000000000       0.000000000       1.727452368
      60.000000000     136.000000000      90.000000000     110.704811055       0.028120465       0.013741344      -0.012742524       0.000000000       0.000000000       0.000000000      66.642697711
      60.000000000     136.000000000     180.000000000     165.000000000       0.025995373      -0.017566668      -0.000000000       0.000000000       0.000000000       0.000000000      67.576135170
      60.000000000     137.000000000       0.000000000      74.000000000       0.043526405       0.000518362       0.000000000       0.000000000       0.000000000       0.000000000       1.190914930
      60.000000000     137.000000000      90.000000000     110.324042898       0.027792531       0.013597016      -0.012351352       0.000000000       0.000000000       0.000000000      66.094726159
      60.000000000     137.000000000     180.000000000     166.000000000       0.025459990      -0.017548052      -0.000000000       0.000000000       0.000000000       0.000000000      68.924034481
      60.000000000     138.000000000       0.000000000      73.000000000       0.042744410       0.000266942       0.000000000       0.000000000       0.000000000       0.000000000       0.624507237
      60.000000000     138.000000000      90.000000000     109.937761204       0.027478960       0.013459265      -0.011968956       0.000000000       0.000000000       0.000000000      65.545866236
      60.000000000     138.000000000     180.000000000     167.000000000       0.024955074      -0.017522394      -0.000000000       0.000000000       0.000000000       0.000000000      70.215757843
      60.000000000     139.000000000       0.000000000      72.000000000       0.041981057       0.000011754       0.000000000       0.000000000       0.000000000       0.000000000       0.027997629
      60.000000000     139.000000000      90.000000000     109.546106430       0.027179108       0.013327786      -0.011594885       0.000000000       0.000000000       0.000000000      64.996754496
      60.000000000     139.000000000     180.000000000     168.000000000       0.024479516      -0.017489788      -0.000000000       0.000000000       0.000000000       0.000000000      71.446625380
      60.000000000     140.000000000       0.000000000      71.000000000       0.041235658      -0.000246939       0.000000000       0.000000000       0.000000000       0.000000000       0.598848153
      60.000000000     140.000000000      90.000000000     109.149218605       0.026892366       0.013202288      -0.011228712       0.000000000       0.000000000       0.000000000      64.448033621
      60.000000000     140.000000000     180.000000000     169.000000000       0.024032273      -0.017450324      -0.000000000       0.000000000       0.000000000       0.000000000      72.612041221
      60.000000000     141.000000000       0.000000000      70.000000000       0.040507573      -0.000508883       0.000000000       0.000000000       0.000000000       0.000000000       1.256265429
      60.000000000     141.000000000      90.000000000     108.747237251       0.026618165       0.013082502      -0.010870035       0.000000000       0.000000000       0.000000000      63.900352273
      60.000000000     141.000000000     180.000000000     170.000000000       0.023612365      -0.017404091      -0.000000000       0.000000000       0.000000000       0.000000000      73.707529754
      60.000000000     142.000000000       0.000000000      69.000000000       0.039796209      -0.000773833       0.000000000       0.000000000       0.000000000       0.000000000       1.944488885
      60.000000000     142.000000000      90.000000000     108.340301333       0.026355972       0.012968173      -0.010518474       0.000000000       0.000000000       0.000000000      63.354364913
      60.000000000     142.000000000     180.000000000     171.000000000       0.023218867      -0.017351174      -0.000000000       0.000000000       0.000000000       0.000000000      74.728772704
      60.000000000     143.000000000       0.000000000      68.000000000       0.039101014      -0.001041554       0.000000000       0.000000000       0.000000000       0.000000000       2.663750724
      60.000000000     143.000000000      90.000000000     107.928549195       0.026105285       0.012859062      -0.010173668       0.000000000       0.000000000       0.000000000      62.810731595
      60.000000000     143.000000000     180.000000000     172.000000000       0.022850909      -0.017291659      -0.000000000       0.000000000       0.000000000       0.000000000      75.671646518
      60.000000000     144.000000000       0.000000000      67.000000000       0.038421479      -0.001311816       0.000000000       0.000000000       0.000000000       0.000000000       3.414278629
      60.000000000     144.000000000      90.000000000     107.512118518       0.025865631       0.012754944      -0.009835276       0.000000000       0.000000000       0.000000000      62.270117722
      60.000000000     144.000000000     180.000000000     173.000000000       0.022507668      -0.017225627      -0.000000000       0.000000000       0.000000000       0.000000000      76.532259522
      60.000000000     145.000000000       0.000000000      66.000000000       0.037757132      -0.001584400       0.000000000       0.000000000       0.000000000       0.000000000       4.196293550
      60.000000000     145.000000000      90.000000000     107.091146270       0.025636570       0.012655608      -0.009502974       0.000000000       0.000000000       0.000000000      61.733193765
      60.000000000     145.000000000     180.000000000     174.000000000       0.022188371      -0.017153161      -0.000000000       0.000000000       0.000000000       0.000000000      77.306988259
      60.000000000     146.000000000       0.000000000      65.000000000       0.037107534      -0.001859090       0.000000000       0.000000000       0.000000000       0.000000000       5.010007288
      60.000000000     146.000000000      90.000000000     106.665768674       0.025417685       0.012560857      -0.009176455       0.000000000       0.000000000       0.000000000      61.200634925
      60.000000000     146.000000000     180.000000000     175.000000000       0.021892283      -0.017074342      -0.000000000       0.000000000       0.000000000       0.000000000      77.992512433
      60.000000000     147.000000000       0.000000000      64.000000000       0.036472282      -0.002135678       0.000000000       0.000000000       0.000000000       0.000000000       5.855619873
      60.000000000     147.000000000      90.000000000     106.236121171       0.025208585       0.012470502      -0.008855426       0.000000000       0.000000000       0.000000000      60.673120760
      60.000000000     147.000000000     180.000000000     176.000000000       0.021618712      -0.016989248      -0.000000000       0.000000000       0.000000000       0.000000000      78.585847835
      60.000000000     148.000000000       0.000000000      63.000000000       0.035851003      -0.002413962       0.000000000       0.000000000       0.000000000       0.000000000       6.733316709
      60.000000000     148.000000000      90.000000000     105.802338394       0.025008902       0.012384368      -0.008539610       0.000000000       0.000000000       0.000000000      60.151334736
      60.000000000     148.000000000     180.000000000     177.000000000       0.021367003      -0.016897961      -0.000000000       0.000000000       0.000000000       0.000000000      79.084376688
      60.000000000     149.000000000       0.000000000      62.000000000       0.035243352      -0.002693743       0.000000000       0.000000000       0.000000000       0.000000000       7.643265491
      60.000000000     149.000000000      90.000000000     105.364554146       0.024818290       0.012302291      -0.008228742       0.000000000       0.000000000       0.000000000      59.635963724
      60.000000000     149.000000000     180.000000000     178.000000000       0.021136535      -0.016800560      -0.000000000       0.000000000       0.000000000       0.000000000      79.485874831
      60.000000000     150.000000000       0.000000000      61.000000000       0.034649013      -0.002974830       0.000000000       0.000000000       0.000000000       0.000000000       8.585612874
      60.000000000     150.000000000      90.000000000     104.922901380       0.024636425       0.012224113      -0.007922570       0.000000000       0.000000000       0.000000000      59.127697416
      60.000000000     150.000000000     180.000000000     179.000000000       0.020926720      -0.016697123      -0.000000000       0.000000000       0.000000000       0.000000000      79.788535229
      60.000000000     151.000000000       0.000000000      60.000000000       0.034067696      -0.003257036       0.000000000       0.000000000       0.000000000       0.000000000       9.560480872
      60.000000000     151.000000000      90.000000000     104.477512186       0.024463001       0.012149691      -0.007620853       0.000000000       0.000000000       0.000000000      58.627227665
      60.000000000     151.000000000     180.000000000     180.000000000       0.020737000      -0.016587731      -0.000000000       0.000000000       0.000000000       0.000000000      79.990987362
      60.000000000     152.000000000       0.000000000      59.000000000       0.033499133      -0.003540176       0.000000000       0.000000000       0.000000000       0.000000000      10.567962995
      60.000000000     152.000000000      90.000000000     104.028517782       0.024297731       0.012078884      -0.007323360       0.000000000       0.000000000       0.000000000      58.135247739
      60.000000000     152.000000000     180.000000000     179.000000000       0.020566846      -0.016472463      -0.000000000       0.000000000       0.000000000       0.000000000      80.092312089
      60.000000000     153.000000000       0.000000000      58.000000000       0.032943082      -0.003824073       0.000000000       0.000000000       0.000000000       0.000000000      11.608120088
      60.000000000     153.000000000      90.000000000     103.576048509       0.024140344       0.012011565      -0.007029873       0.000000000       0.000000000       0.000000000      57.652451476
      60.000000000     153.000000000     180.000000000     178.000000000       0.020415756      -0.016351398      -0.000000000       0.000000000       0.000000000       0.000000000      80.092051707
      60.000000000     154.000000000       0.000000000      57.000000000       0.032399320      -0.004108550       0.000000000       0.000000000       0.000000000       0.000000000      12.680975892
      60.000000000     154.000000000      90.000000000     103.120233826       0.023990586       0.011947611      -0.006740180       0.000000000       0.000000000       0.000000000      57.179532347
      60.000000000     154.000000000     180.000000000     177.000000000       0.020283253      -0.016224617      -0.000000000       0.000000000       0.000000000       0.000000000      79.990214982
      60.000000000     155.000000000       0.000000000      56.000000000       0.031867646      -0.004393437       0.000000000       0.000000000       0.000000000       0.000000000      13.786512283
      60.000000000     155.000000000      90.000000000     102.661202316       0.023848219       0.011886907      -0.006454079       0.000000000       0.000000000       0.000000000      56.717182406
      60.000000000     155.000000000     180.000000000     176.000000000       0.020168882      -0.016092201      -0.000000000       0.000000000       0.000000000       0.000000000      79.787277067
      60.000000000     156.000000000       0.000000000      55.000000000       0.031347878      -0.004678566       0.000000000       0.000000000       0.000000000       0.000000000      14.924664215
      60.000000000     156.000000000      90.000000000     102.199081690       0.023713019       0.011829347      -0.006171377       0.000000000       0.000000000       0.000000000      56.266091128
      60.000000000     156.000000000     180.000000000     175.000000000       0.020072212      -0.015954232      -0.000000000       0.000000000       0.000000000       0.000000000      79.484174291
      60.000000000     157.000000000       0.000000000      54.000000000       0.030839852      -0.004963771       0.000000000       0.000000000       0.000000000       0.000000000      16.095314334
      60.000000000     157.000000000      90.000000000     101.733998795       0.023584775       0.011774829      -0.005891886       0.000000000       0.000000000       0.000000000      55.826944143
      60.000000000     157.000000000     180.000000000     174.000000000       0.019992832      -0.015810790      -0.000000000       0.000000000       0.000000000       0.000000000      79.082293943
      60.000000000     158.000000000       0.000000000      53.000000000       0.030343421      -0.005248892       0.000000000       0.000000000       0.000000000       0.000000000      17.298287285
      60.000000000     158.000000000      90.000000000     101.266079624       0.023463290       0.011723258      -0.005615428       0.000000000       0.000000000       0.000000000      55.400421835
      60.000000000     158.000000000     180.000000000     173.000000000       0.019930352      -0.015661960      -0.000000000       0.000000000       0.000000000       0.000000000      78.583459244
      60.000000000     159.000000000       0.000000000      52.000000000       0.029858455      -0.005533770       0.000000000       0.000000000       0.000000000       0.000000000      18.533343687
      60.000000000     159.000000000      90.000000000     100.795449334       0.023348379       0.011674545      -0.005341830       0.000000000       0.000000000       0.000000000      54.987197835
      60.000000000     159.000000000     180.000000000     172.000000000       0.019884399      -0.015507825      -0.000000000       0.000000000       0.000000000       0.000000000      77.989909822
      60.000000000     160.000000000       0.000000000      51.000000000       0.029384839      -0.005818249       0.000000000       0.000000000       0.000000000       0.000000000      19.800173806
      60.000000000     160.000000000      90.000000000     100.322232261       0.023239869       0.011628608      -0.005070924       0.000000000       0.000000000       0.000000000      54.587937390
      60.000000000     160.000000000     180.000000000     171.000000000       0.019854619      -0.015348470      -0.000000000       0.000000000       0.000000000       0.000000000      77.304278077
      60.000000000     161.000000000       0.000000000      50.000000000       0.028922475      -0.006102177       0.000000000       0.000000000       0.000000000       0.000000000      21.098390909
      60.000000000     161.000000000      90.000000000      99.846551940       0.023137599       0.011585367      -0.004802551       0.000000000       0.000000000       0.000000000      54.203295614
      60.000000000     161.000000000     180.000000000     170.000000000       0.019840673      -0.015183980      -0.000000000       0.000000000       0.000000000       0.000000000      76.529561879
      60.000000000     162.000000000       0.000000000      49.000000000       0.028471277      -0.006385403       0.000000000       0.000000000       0.000000000       0.000000000      22.427524335
      60.000000000     162.000000000      90.000000000      99.368531127       0.023041416       0.011544751      -0.004536554       0.000000000       0.000000000       0.000000000      53.833915625
      60.000000000     162.000000000     180.000000000     169.000000000       0.019842238      -0.015014442      -0.000000000       0.000000000       0.000000000       0.000000000      75.669094155
      60.000000000     163.000000000       0.000000000      48.000000000       0.028031172      -0.006667778       0.000000000       0.000000000       0.000000000       0.000000000      23.787012287
      60.000000000     163.000000000      90.000000000      98.888291823       0.022951180       0.011506692      -0.004272783       0.000000000       0.000000000       0.000000000      53.480426582
      60.000000000     163.000000000     180.000000000     168.000000000       0.019859008      -0.014839943      -0.000000000       0.000000000       0.000000000       0.000000000      74.726509882
      60.000000000     164.000000000       0.000000000      47.000000000       0.027602103      -0.006949159       0.000000000       0.000000000       0.000000000       0.000000000      25.176194373
      60.000000000     164.000000000      90.000000000      98.405955301       0.022866760       0.011471125      -0.004011090       0.000000000       0.000000000       0.000000000      53.143441615
      60.000000000     164.000000000     180.000000000     167.000000000       0.019890688      -0.014660573      -0.000000000       0.000000000       0.000000000       0.000000000      73.705711115
      60.000000000     165.000000000       0.000000000      46.000000000       0.027184021      -0.007229401       0.000000000       0.000000000       0.000000000       0.000000000      26.594303940
      60.000000000     165.000000000      90.000000000      97.921642135       0.022788034       0.011437993      -0.003751334       0.000000000       0.000000000       0.000000000      52.823555680
      60.000000000     165.000000000     180.000000000     166.000000000       0.019937001      -0.014476422      -0.000000000       0.000000000       0.000000000       0.000000000      72.610830623
      60.000000000     166.000000000       0.000000000      45.000000000       0.026776894      -0.007508364       0.000000000       0.000000000       0.000000000       0.000000000      28.040460219
      60.000000000     166.000000000      90.000000000      97.435472226       0.022714890       0.011407242      -0.003493376       0.000000000       0.000000000       0.000000000      52.521343337
      60.000000000     166.000000000     180.000000000     165.000000000       0.019997678      -0.014287580      -0.000000000       0.000000000       0.000000000       0.000000000      71.446194743
      60.000000000     167.000000000       0.000000000      44.000000000       0.026380697      -0.007785909       0.000000000       0.000000000       0.000000000       0.000000000      29.513660363
      60.000000000     167.000000000      90.000000000      96.947564839       0.022647223       0.011378820      -0.003237082       0.000000000       0.000000000       0.000000000      52.237356478
      60.000000000     167.000000000     180.000000000     164.000000000       0.020072466      -0.014094140      -0.000000000       0.000000000       0.000000000       0.000000000      70.216286021
      60.000000000     168.000000000       0.000000000      43.000000000       0.025995418      -0.008061900       0.000000000       0.000000000       0.000000000       0.000000000      31.012771403
      60.000000000     168.000000000      90.000000000      96.458038631       0.022584937       0.011352682      -0.002982319       0.000000000       0.000000000       0.000000000      51.972122014
      60.000000000     168.000000000     180.000000000     163.000000000       0.020161122      -0.013896196      -0.000000000       0.000000000       0.000000000       0.000000000      68.925706183
      60.000000000     169.000000000       0.000000000      42.000000000       0.025621057      -0.008336201       0.000000000       0.000000000       0.000000000       0.000000000      32.536522218
      60.000000000     169.000000000      90.000000000      95.967011691       0.022527947       0.011328786      -0.002728959       0.000000000       0.000000000       0.000000000      51.726139564
      60.000000000     169.000000000     180.000000000     162.000000000       0.020263416      -0.013693842      -0.000000000       0.000000000       0.000000000       0.000000000      67.579139947
      60.000000000     170.000000000       0.000000000      41.000000000       0.025257621      -0.008608680       0.000000000       0.000000000       0.000000000       0.000000000      34.083495594
      60.000000000     170.000000000      90.000000000      95.474601570       0.022476171       0.011307093      -0.002476877       0.000000000       0.000000000       0.000000000      51.499879145
      60.000000000     170.000000000     180.000000000     161.000000000       0.020379126      -0.013487175      -0.000000000       0.000000000       0.000000000       0.000000000      66.181320109
      60.000000000     171.000000000       0.000000000      40.000000000       0.024905130      -0.008879207       0.000000000       0.000000000       0.000000000       0.000000000      35.652120457
      60.000000000     171.000000000      90.000000000      94.980925322       0.022429538       0.011287569      -0.002225948       0.000000000       0.000000000       0.000000000      51.293778905
      60.000000000     171.000000000     180.000000000     160.000000000       0.020508045      -0.013276292      -0.000000000       0.000000000       0.000000000       0.000000000      64.736994314
      60.000000000     172.000000000       0.000000000      39.000000000       0.024563612      -0.009147652       0.000000000       0.000000000       0.000000000       0.000000000      37.240664398
      60.000000000     172.000000000      90.000000000      94.486099541       0.022387984       0.011270182      -0.001976051       0.000000000       0.000000000       0.000000000      51.108242927
      60.000000000     172.000000000     180.000000000     159.000000000       0.020649972      -0.013061292      -0.000000000       0.000000000       0.000000000       0.000000000      63.250893828
      60.000000000     173.000000000       0.000000000      38.000000000       0.024233105      -0.009413889       0.000000000       0.000000000       0.000000000       0.000000000      38.847226598
      60.000000000     173.000000000      90.000000000      93.990240398       0.022351451       0.011254904      -0.001727066       0.000000000       0.000000000       0.000000000      50.943639123
      60.000000000     173.000000000     180.000000000     158.000000000       0.020804719      -0.012842276      -0.000000000       0.000000000       0.000000000       0.000000000      61.727704580
      60.000000000     174.000000000       0.000000000      37.000000000       0.023913657      -0.009677793       0.000000000       0.000000000       0.000000000       0.000000000      40.469731294
      60.000000000     174.000000000      90.000000000      93.493463685       0.022319889       0.011241712      -0.001478877       0.000000000       0.000000000       0.000000000      50.800297253
      60.000000000     174.000000000     180.000000000     157.000000000       0.020972106      -0.012619344      -0.000000000       0.000000000       0.000000000       0.000000000      60.172040687
      60.000000000     175.000000000       0.000000000      36.000000000       0.023605324      -0.009939239       0.000000000       0.000000000       0.000000000       0.000000000      42.105921928
      60.000000000     175.000000000      90.000000000      92.995884851       0.022293256       0.011230585      -0.001231366       0.000000000       0.000000000       0.000000000      50.678507104
      60.000000000     175.000000000     180.000000000     156.000000000       0.021151963      -0.012392601      -0.000000000       0.000000000       0.000000000       0.000000000      58.588420592
      60.000000000     176.000000000       0.000000000      35.000000000       0.023308171      -0.010198107       0.000000000       0.000000000       0.000000000       0.000000000      43.753356122
      60.000000000     176.000000000      90.000000000      92.497619045       0.022271514       0.011221504      -0.000984419       0.000000000       0.000000000       0.000000000      50.578516838
      60.000000000     176.000000000     180.000000000     155.000000000       0.021344128      -0.012162150      -0.000000000       0.000000000       0.000000000       0.000000000      56.981245897
      60.000000000     177.000000000       0.000000000      34.000000000       0.023022272      -0.010454276       0.000000000       0.000000000       0.000000000       0.000000000      45.409401659
      60.000000000     177.000000000      90.000000000      91.998781159       0.022254634       0.011214456      -0.000737922       0.000000000       0.000000000       0.000000000      50.500531547
      60.000000000     177.000000000     180.000000000     154.000000000       0.021548450      -0.011928098      -0.000000000       0.000000000       0.000000000       0.000000000      55.354782929
      60.000000000     178.000000000       0.000000000      33.000000000       0.022747710      -0.010707628       0.000000000       0.000000000       0.000000000       0.000000000      47.071233658
      60.000000000     178.000000000      90.000000000      91.499485870       0.022242593       0.011209430      -0.000491761       0.000000000       0.000000000       0.000000000      50.444712053
      60.000000000     178.000000000     180.000000000     153.000000000       0.021764786      -0.011690551      -0.000000000       0.000000000       0.000000000       0.000000000      53.713147021
      60.000000000     179.000000000       0.000000000      32.000000000       0.022484576      -0.010958045       0.000000000       0.000000000       0.000000000       0.000000000      48.735833079
      60.000000000     179.000000000      90.000000000      90.999847680       0.022235375       0.011206418      -0.000245825       0.000000000       0.000000000       0.000000000      50.411173928
      60.000000000     179.000000000     180.000000000     152.000000000       0.021993001      -0.011449620      -0.000000000       0.000000000       0.000000000       0.000000000      52.060289428
      60.000000000     180.000000000       0.000000000      31.000000000       0.022232970      -0.011205414       0.000000000       0.000000000       0.000000000       0.000000000      50.399986801
      60.000000000     180.000000000      90.000000000      90.499980961       0.022232970       0.011205414       0.000000000       0.000000000       0.000000000       0.000000000      50.399986801
      60.000000000     180.000000000     180.000000000     151.000000000       0.022232970      -0.011205414      -0.000000000       0.000000000       0.000000000       0.000000000      50.399986801
