# win atmospheric constituent profile.
# 
# number of sampled altitude :
121
# number of sampled gas :
30
# sampled gas :
N2 
O2 
CO2 
O3 
H2O 
CH4 
N2O 
HNO3 
CO 
NO2 
N2O5 
ClO 
HOCl 
ClONO2 
NO 
HNO4 
HCN 
NH3 
F11 
F12 
F14 
F22 
CCl4 
COF2 
H2O2 
C2H2 
C2H6 
OCS 
SO2 
SF6 
#HGT [km] PRE [mb] TEM [K] N2 [ppmv] O2 [ppmv] CO2 [ppmv] O3 [ppmv] H2O [ppmv] CH4 [ppmv] N2O [ppmv] HNO3 [ppmv] CO [ppmv] NO2 [ppmv] N2O5 [ppmv] ClO [ppmv] HOCl [ppmv] ClONO2 [ppmv] NO [ppmv] HNO4 [ppmv] HCN [ppmv] NH3 [ppmv] F11 [ppmv] F12 [ppmv] F14 [ppmv] F22 [ppmv] CCl4 [ppmv] COF2 [ppmv] H2O2 [ppmv] C2H2 [ppmv] C2H6 [ppmv] OCS [ppmv] SO2 [ppmv] SF6 [ppmv]
1.200e+02     2.540e-05     3.472e+02     7.000e+05     1.030e+05     4.385e+01     5.000e-04     2.000e-01     1.684e-02     1.892e-04     9.000e-08     4.900e+01     1.600e-02     1.181e-14     2.729e-07     6.650e-23     6.650e-23     3.516e+02     1.965e-15     5.784e-05     1.914e-11     3.532e-09     1.269e-13     7.650e-05     9.883e-07     1.000e-08     1.323e-13     1.173e-06     0.000e+00     0.000e+00     1.091e-08     2.000e-04     1.650e-06
1.190e+02     2.740e-05     3.334e+02     7.080e+05     1.110e+05     4.737e+01     7.920e-04     2.070e-01     1.715e-02     1.943e-04     9.000e-08     4.900e+01     1.600e-02     1.382e-14     3.096e-07     8.840e-23     8.840e-23     3.230e+02     2.226e-15     5.792e-05     1.914e-11     3.532e-09     1.395e-13     7.650e-05     1.029e-06     1.000e-08     1.525e-13     1.203e-06     0.000e+00     0.000e+00     1.091e-08     2.000e-04     1.650e-06
1.180e+02     2.960e-05     3.197e+02     7.140e+05     1.190e+05     5.089e+01     1.260e-03     2.150e-01     1.746e-02     1.994e-04     9.000e-08     4.900e+01     1.600e-02     1.622e-14     3.512e-07     1.182e-22     1.182e-22     2.944e+02     2.526e-15     5.800e-05     1.914e-11     3.532e-09     1.537e-13     7.650e-05     1.071e-06     1.000e-08     1.762e-13     1.234e-06     0.000e+00     0.000e+00     1.091e-08     2.000e-04     1.650e-06
1.170e+02     3.200e-05     3.059e+02     7.200e+05     1.260e+05     5.442e+01     1.990e-03     2.230e-01     1.779e-02     2.055e-04     9.000e-08     4.900e+01     1.600e-02     1.906e-14     3.985e-07     1.584e-22     1.584e-22     2.706e+02     2.871e-15     5.808e-05     1.914e-11     3.532e-09     1.694e-13     7.650e-05     1.112e-06     1.000e-08     2.040e-13     1.266e-06     0.000e+00     0.000e+00     1.091e-08     2.000e-04     1.650e-06
1.160e+02     3.510e-05     2.935e+02     7.240e+05     1.320e+05     5.798e+01     3.150e-03     2.310e-01     1.818e-02     2.107e-04     9.000e-08     4.900e+01     1.600e-02     2.308e-14     4.520e-07     2.241e-22     2.241e-22     2.524e+02     3.341e-15     5.817e-05     1.914e-11     3.532e-09     1.901e-13     7.650e-05     1.153e-06     1.000e-08     2.426e-13     1.306e-06     0.000e+00     0.000e+00     1.091e-08     2.000e-04     1.650e-06
1.150e+02     3.870e-05     2.816e+02     7.270e+05     1.370e+05     6.159e+01     5.000e-03     2.390e-01     1.860e-02     2.168e-04     9.000e-08     4.950e+01     1.600e-02     2.824e-14     5.128e-07     3.234e-22     3.234e-22     2.381e+02     3.921e-15     5.825e-05     1.914e-11     3.532e-09     2.148e-13     7.650e-05     1.194e-06     1.000e-08     2.914e-13     1.348e-06     0.000e+00     0.000e+00     1.091e-08     2.000e-04     1.650e-06
1.140e+02     4.290e-05     2.714e+02     7.290e+05     1.410e+05     6.525e+01     7.920e-03     2.470e-01     1.906e-02     2.229e-04     9.000e-08     5.000e+01     1.600e-02     3.496e-14     5.817e-07     4.762e-22     4.762e-22     2.246e+02     4.644e-15     5.833e-05     1.914e-11     3.532e-09     2.443e-13     7.650e-05     1.235e-06     1.000e-08     3.535e-13     1.395e-06     0.000e+00     0.000e+00     1.091e-08     2.000e-04     1.650e-06
1.130e+02     4.800e-05     2.636e+02     7.310e+05     1.450e+05     6.894e+01     1.260e-02     2.550e-01     1.957e-02     2.291e-04     9.000e-08     5.050e+01     1.600e-02     4.411e-14     6.599e-07     7.262e-22     7.262e-22     2.115e+02     5.583e-15     5.841e-05     1.914e-11     3.532e-09     2.811e-13     7.650e-05     1.276e-06     1.000e-08     4.364e-13     1.448e-06     0.000e+00     0.000e+00     1.091e-08     2.000e-04     1.650e-06
1.120e+02     5.380e-05     2.558e+02     7.370e+05     1.490e+05     7.268e+01     1.990e-02     2.630e-01     2.011e-02     2.362e-04     9.000e-08     5.100e+01     1.600e-02     5.586e-14     7.486e-07     1.115e-21     1.115e-21     1.996e+02     6.732e-15     5.850e-05     1.914e-11     3.532e-09     3.241e-13     7.650e-05     1.317e-06     1.000e-08     5.405e-13     1.503e-06     0.000e+00     0.000e+00     1.091e-08     2.000e-04     1.650e-06
1.110e+02     6.100e-05     2.489e+02     7.420e+05     1.530e+05     7.654e+01     3.010e-02     2.720e-01     2.071e-02     2.424e-04     9.000e-08     5.170e+01     1.600e-02     7.244e-14     8.492e-07     1.787e-21     1.787e-21     1.865e+02     8.272e-15     5.858e-05     1.914e-11     3.532e-09     3.791e-13     7.650e-05     1.359e-06     1.000e-08     6.841e-13     1.567e-06     0.000e+00     0.000e+00     1.091e-08     2.000e-04     1.650e-06
1.100e+02     6.910e-05     2.429e+02     7.450e+05     1.580e+05     8.051e+01     4.560e-02     2.810e-01     2.133e-02     2.495e-04     9.000e-08     5.250e+01     1.600e-02     9.377e-14     9.633e-07     2.854e-21     2.854e-21     1.721e+02     1.015e-14     5.866e-05     1.914e-11     3.532e-09     4.430e-13     7.650e-05     1.400e-06     1.000e-08     8.644e-13     1.633e-06     0.000e+00     0.000e+00     1.091e-08     2.000e-04     1.650e-06
1.090e+02     7.940e-05     2.374e+02     7.470e+05     1.630e+05     8.465e+01     6.300e-02     2.920e-01     2.204e-02     2.577e-04     9.000e-08     5.320e+01     1.600e-02     1.250e-13     1.093e-06     4.809e-21     4.809e-21     1.561e+02     1.275e-14     5.874e-05     1.914e-11     3.532e-09     5.270e-13     7.650e-05     1.441e-06     1.000e-08     1.122e-12     1.709e-06     0.000e+00     0.000e+00     1.091e-08     2.000e-04     1.650e-06
1.080e+02     9.150e-05     2.323e+02     7.490e+05     1.670e+05     8.886e+01     8.710e-02     3.030e-01     2.279e-02     2.648e-04     9.000e-08     5.400e+01     1.600e-02     1.677e-13     1.240e-06     8.193e-21     8.193e-21     1.394e+02     1.609e-14     5.883e-05     1.914e-11     3.532e-09     6.291e-13     7.650e-05     1.483e-06     1.000e-08     1.464e-12     1.791e-06     0.000e+00     0.000e+00     1.091e-08     2.000e-04     1.650e-06
1.070e+02     1.060e-04     2.276e+02     7.510e+05     1.710e+05     9.319e+01     1.180e-01     3.140e-01     2.360e-02     2.730e-04     9.000e-08     5.320e+01     1.600e-02     2.274e-13     1.406e-06     1.424e-20     1.424e-20     1.240e+02     2.048e-14     5.891e-05     1.914e-11     3.532e-09     7.560e-13     7.650e-05     1.524e-06     1.000e-08     1.929e-12     1.880e-06     0.000e+00     0.000e+00     1.091e-08     2.000e-04     1.650e-06
1.060e+02     1.230e-04     2.232e+02     7.540e+05     1.750e+05     9.947e+01     1.590e-01     3.270e-01     2.444e-02     2.812e-04     9.000e-08     5.250e+01     1.600e-02     3.093e-13     1.595e-06     2.489e-20     2.489e-20     1.139e+02     2.614e-14     5.899e-05     1.914e-11     3.532e-09     9.104e-13     7.650e-05     1.565e-06     1.000e-08     2.549e-12     1.975e-06     0.000e+00     0.000e+00     1.091e-08     2.000e-04     1.650e-06
1.050e+02     1.440e-04     2.192e+02     7.570e+05     1.780e+05     1.078e+02     2.310e-01     3.380e-01     2.537e-02     2.904e-04     9.000e-08     5.170e+01     1.600e-02     4.287e-13     1.810e-06     4.499e-20     4.499e-20     1.047e+02     3.385e-14     5.908e-05     1.914e-11     3.532e-09     1.108e-12     7.650e-05     1.606e-06     1.000e-08     3.426e-12     2.080e-06     0.000e+00     0.000e+00     1.091e-08     2.000e-04     1.650e-06
1.040e+02     1.680e-04     2.156e+02     7.600e+05     1.820e+05     1.154e+02     3.360e-01     3.510e-01     2.631e-02     2.996e-04     9.000e-08     5.100e+01     1.600e-02     5.898e-13     2.053e-06     8.028e-20     8.028e-20     9.429e+01     4.359e-14     5.916e-05     1.914e-11     3.532e-09     1.344e-12     7.650e-05     1.647e-06     1.000e-08     4.575e-12     2.188e-06     0.000e+00     0.000e+00     1.091e-08     2.000e-04     1.650e-06
1.030e+02     1.980e-04     2.125e+02     7.610e+05     1.840e+05     1.238e+02     5.250e-01     3.630e-01     2.735e-02     3.088e-04     9.000e-08     4.920e+01     1.600e-02     8.287e-13     2.329e-06     1.488e-19     1.488e-19     8.349e+01     5.707e-14     5.925e-05     1.914e-11     3.532e-09     1.650e-12     7.650e-05     1.688e-06     1.000e-08     6.226e-12     2.310e-06     0.000e+00     0.000e+00     1.091e-08     2.000e-04     1.650e-06
1.020e+02     2.330e-04     2.099e+02     7.630e+05     1.870e+05     1.331e+02     8.200e-01     3.750e-01     2.842e-02     3.190e-04     9.000e-08     4.740e+01     1.600e-02     1.161e-12     2.642e-06     2.742e-19     2.742e-19     7.288e+01     7.454e-14     5.933e-05     1.914e-11     3.532e-09     2.022e-12     7.650e-05     1.730e-06     1.000e-08     8.448e-12     2.438e-06     0.000e+00     0.000e+00     1.091e-08     2.000e-04     1.650e-06
1.010e+02     2.780e-04     2.078e+02     7.650e+05     1.890e+05     1.443e+02     1.150e+00     4.150e-01     2.963e-02     3.293e-04     9.000e-08     4.570e+01     1.600e-02     1.673e-12     2.997e-06     5.323e-19     5.323e-19     6.130e+01     9.958e-14     5.941e-05     1.914e-11     3.532e-09     2.521e-12     7.650e-05     1.770e-06     1.000e-08     1.177e-11     2.584e-06     0.000e+00     0.000e+00     1.091e-08     2.000e-04     1.650e-06
1.000e+02     3.310e-04     2.063e+02     7.670e+05     1.910e+05     1.563e+02     1.600e+00     4.590e-01     3.087e-02     3.395e-04     9.000e-08     4.400e+01     1.629e-02     2.401e-12     3.400e-06     1.025e-18     1.025e-18     5.072e+01     1.326e-13     5.950e-05     1.914e-11     3.532e-09     3.135e-12     7.650e-05     1.812e-06     1.000e-08     1.632e-11     2.737e-06     0.000e+00     0.000e+00     1.091e-08     2.000e-04     1.650e-06
9.900e+01     3.920e-04     2.053e+02     7.710e+05     1.940e+05     1.690e+02     1.700e+00     5.810e-01     3.213e-02     3.446e-04     9.000e-08     4.180e+01     1.670e-02     3.407e-12     3.857e-06     1.935e-18     1.935e-18     4.115e+01     1.750e-13     5.958e-05     1.914e-11     3.532e-09     3.872e-12     7.650e-05     1.853e-06     1.000e-08     2.241e-11     2.894e-06     0.000e+00     0.000e+00     1.091e-08     2.000e-04     1.650e-06
9.800e+01     4.680e-04     2.047e+02     7.690e+05     1.950e+05     1.821e+02     1.810e+00     7.370e-01     3.351e-02     3.487e-04     9.000e-08     3.980e+01     1.721e-02     4.917e-12     4.375e-06     3.765e-18     3.765e-18     3.120e+01     2.340e-13     5.967e-05     1.914e-11     3.532e-09     4.832e-12     7.650e-05     1.894e-06     1.000e-08     3.125e-11     3.068e-06     0.000e+00     0.000e+00     1.091e-08     2.000e-04     1.650e-06
9.700e+01     5.590e-04     2.043e+02     7.710e+05     1.980e+05     1.955e+02     1.680e+00     1.000e+00     3.494e-02     3.538e-04     9.000e-08     3.790e+01     1.782e-02     7.103e-12     4.964e-06     7.339e-18     7.339e-18     2.143e+01     3.132e-13     5.975e-05     1.914e-11     3.532e-09     6.032e-12     7.650e-05     1.935e-06     1.000e-08     4.361e-11     3.253e-06     0.000e+00     0.000e+00     1.091e-08     2.000e-04     1.650e-06
9.600e+01     6.680e-04     2.040e+02     7.750e+05     2.010e+05     2.091e+02     1.560e+00     1.360e+00     3.644e-02     3.589e-04     9.000e-08     3.600e+01     1.855e-02     1.027e-11     5.631e-06     1.433e-17     1.433e-17     1.473e+01     4.195e-13     5.984e-05     1.914e-11     3.532e-09     7.535e-12     7.650e-05     1.977e-06     1.000e-08     6.091e-11     3.450e-06     0.000e+00     0.000e+00     1.091e-08     2.000e-04     1.650e-06
9.500e+01     7.980e-04     2.038e+02     7.780e+05     2.030e+05     2.223e+02     1.450e+00     1.840e+00     3.800e-02     3.630e-04     9.000e-08     3.520e+01     1.942e-02     1.484e-11     6.387e-06     2.795e-17     2.795e-17     1.118e+01     5.616e-13     5.992e-05     1.914e-11     3.532e-09     9.410e-12     7.650e-05     2.018e-06     1.000e-08     8.502e-11     3.659e-06     0.000e+00     0.000e+00     1.091e-08     2.000e-04     1.650e-06
9.400e+01     9.540e-04     2.035e+02     7.790e+05     2.060e+05     2.353e+02     1.350e+00     2.500e+00     3.964e-02     3.681e-04     9.000e-08     3.450e+01     2.047e-02     2.147e-11     7.246e-06     5.465e-17     5.465e-17     8.474e+00     7.527e-13     6.001e-05     1.914e-11     3.532e-09     1.176e-11     7.650e-05     2.059e-06     1.000e-08     1.188e-10     3.881e-06     0.000e+00     0.000e+00     1.091e-08     2.000e-04     1.650e-06
9.300e+01     1.140e-03     2.032e+02     7.800e+05     2.070e+05     2.481e+02     1.250e+00     3.400e+00     4.134e-02     3.732e-04     9.000e-08     3.370e+01     2.171e-02     3.105e-11     8.220e-06     1.067e-16     1.067e-16     5.941e+00     1.008e-12     6.010e-05     1.914e-11     3.532e-09     1.469e-11     7.650e-05     2.100e-06     1.000e-08     1.660e-10     4.116e-06     0.000e+00     0.000e+00     1.091e-08     2.000e-04     1.650e-06
9.200e+01     1.390e-03     2.030e+02     7.820e+05     2.090e+05     2.602e+02     1.160e+00     4.145e+00     4.332e-02     3.784e-04     9.000e-08     3.300e+01     2.330e-02     4.681e-11     9.325e-06     2.247e-16     2.247e-16     3.596e+00     1.396e-12     6.018e-05     1.914e-11     3.532e-09     1.882e-11     7.650e-05     2.141e-06     1.000e-08     2.408e-10     4.394e-06     0.000e+00     0.000e+00     1.091e-08     2.000e-04     1.650e-06
9.100e+01     1.660e-03     2.032e+02     7.820e+05     2.100e+05     2.714e+02     1.050e+00     6.094e+00     4.518e-02     3.835e-04     9.000e-08     3.140e+01     2.472e-02     6.759e-11     1.058e-05     4.377e-16     4.377e-16     2.611e+00     1.867e-12     6.030e-05     1.914e-11     3.532e-09     2.349e-11     7.650e-05     2.182e-06     1.000e-08     3.359e-10     4.659e-06     0.000e+00     0.000e+00     1.091e-08     2.000e-04     1.650e-06
9.000e+01     1.980e-03     2.039e+02     7.830e+05     2.110e+05     2.817e+02     9.580e-01     8.518e+00     4.710e-02     3.886e-04     9.000e-08     2.980e+01     2.639e-02     9.735e-11     1.200e-05     8.486e-16     8.486e-16     2.439e+00     2.494e-12     6.046e-05     1.914e-11     3.532e-09     2.928e-11     7.650e-05     2.224e-06     1.000e-08     4.675e-10     4.938e-06     0.000e+00     0.000e+00     1.091e-08     2.000e-04     1.650e-06
8.900e+01     2.370e-03     2.051e+02     7.840e+05     2.120e+05     2.910e+02     8.340e-01     9.174e+00     4.914e-02     3.947e-04     9.000e-08     2.840e+01     2.843e-02     1.412e-10     1.329e-05     1.667e-15     1.667e-15     2.361e+00     3.349e-12     6.072e-05     1.914e-11     3.532e-09     3.665e-11     7.650e-05     2.273e-06     1.000e-08     6.550e-10     5.239e-06     0.000e+00     0.000e+00     1.091e-08     2.000e-04     1.650e-06
8.800e+01     2.800e-03     2.068e+02     7.860e+05     2.130e+05     2.996e+02     7.270e-01     9.864e+00     5.111e-02     4.009e-04     9.000e-08     2.700e+01     3.068e-02     1.995e-10     1.472e-05     3.119e-15     3.119e-15     2.294e+00     4.403e-12     6.102e-05     1.914e-11     3.532e-09     4.513e-11     7.650e-05     2.322e-06     1.000e-08     8.954e-10     5.536e-06     0.000e+00     0.000e+00     1.091e-08     2.000e-04     1.650e-06
8.700e+01     3.330e-03     2.088e+02     7.860e+05     2.130e+05     3.074e+02     6.190e-01     9.489e+00     5.325e-02     4.070e-04     9.000e-08     2.590e+01     3.337e-02     2.856e-10     1.630e-05     5.981e-15     5.981e-15     2.250e+00     5.851e-12     6.137e-05     1.914e-11     3.532e-09     5.604e-11     7.650e-05     2.372e-06     1.000e-08     1.239e-09     5.861e-06     0.000e+00     0.000e+00     1.091e-08     2.000e-04     1.650e-06
8.600e+01     3.970e-03     2.109e+02     7.860e+05     2.130e+05     3.141e+02     5.280e-01     9.114e+00     5.550e-02     4.131e-04     9.000e-08     2.480e+01     3.652e-02     4.109e-10     1.806e-05     1.157e-14     1.157e-14     2.162e+00     7.806e-12     6.170e-05     1.914e-11     3.532e-09     6.981e-11     7.650e-05     2.421e-06     1.000e-08     1.724e-09     6.211e-06     0.000e+00     1.029e-20     1.091e-08     2.000e-04     1.650e-06
8.500e+01     4.690e-03     2.131e+02     7.870e+05     2.130e+05     3.200e+02     4.680e-01     8.592e+00     5.773e-02     4.193e-04     9.000e-08     2.370e+01     4.006e-02     5.802e-10     2.000e-05     2.165e-14     2.165e-14     1.863e+00     1.026e-11     6.205e-05     1.914e-11     3.532e-09     8.596e-11     7.650e-05     2.471e-06     1.000e-08     2.356e-09     6.562e-06     0.000e+00     1.950e-20     1.091e-08     2.000e-04     1.650e-06
8.400e+01     5.540e-03     2.153e+02     7.850e+05     2.130e+05     3.252e+02     4.150e-01     8.103e+00     6.005e-02     4.295e-04     9.000e-08     2.270e+01     4.424e-02     8.190e-10     2.197e-05     4.047e-14     4.047e-14     1.487e+00     1.348e-11     6.238e-05     1.914e-11     3.532e-09     1.058e-10     7.650e-05     2.537e-06     1.000e-08     3.220e-09     6.933e-06     0.000e+00     3.696e-20     1.091e-08     2.000e-04     1.650e-06
8.300e+01     6.540e-03     2.174e+02     7.860e+05     2.130e+05     3.295e+02     3.830e-01     7.516e+00     6.244e-02     4.387e-04     9.000e-08     2.170e+01     4.916e-02     1.155e-09     2.414e-05     7.547e-14     7.547e-14     1.107e+00     1.770e-11     6.272e-05     1.914e-11     3.532e-09     1.302e-10     7.650e-05     2.602e-06     1.000e-08     4.396e-09     7.323e-06     0.000e+00     6.987e-20     1.091e-08     2.000e-04     1.650e-06
8.200e+01     7.730e-03     2.196e+02     7.870e+05     2.130e+05     3.332e+02     3.530e-01     6.961e+00     6.496e-02     4.489e-04     9.000e-08     2.080e+01     5.258e-02     1.632e-09     2.652e-05     1.414e-13     1.414e-13     7.252e-01     2.329e-11     6.307e-05     1.914e-11     3.532e-09     1.605e-10     7.650e-05     2.668e-06     1.000e-08     6.014e-09     7.738e-06     0.000e+00     1.327e-19     1.091e-08     2.000e-04     1.650e-06
8.100e+01     9.070e-03     2.217e+02     7.880e+05     2.120e+05     3.364e+02     3.250e-01     6.456e+00     6.746e-02     4.602e-04     9.000e-08     1.990e+01     5.597e-02     2.272e-09     2.913e-05     2.578e-13     2.578e-13     4.596e-01     3.027e-11     6.343e-05     1.914e-11     3.532e-09     1.959e-10     7.650e-05     2.734e-06     1.000e-08     8.117e-09     8.157e-06     0.000e+00     2.451e-19     1.091e-08     2.000e-04     1.650e-06
8.000e+01     1.060e-02     2.239e+02     7.880e+05     2.120e+05     3.394e+02     3.000e-01     5.983e+00     6.998e-02     4.704e-04     9.000e-08     1.910e+01     5.984e-02     3.137e-09     3.200e-05     4.630e-13     4.630e-13     3.590e-01     3.909e-11     6.382e-05     1.914e-11     3.532e-09     2.380e-10     7.650e-05     2.800e-06     1.000e-08     1.087e-08     8.587e-06     0.000e+00     4.459e-19     1.091e-08     2.000e-04     1.650e-06
7.900e+01     1.260e-02     2.261e+02     7.870e+05     2.120e+05     3.421e+02     3.060e-01     5.526e+00     7.290e-02     4.857e-04     9.000e-08     1.830e+01     6.490e-02     4.487e-09     3.456e-05     8.861e-13     8.861e-13     2.724e-01     5.191e-11     6.428e-05     1.914e-11     3.532e-09     2.954e-10     7.650e-05     2.882e-06     1.000e-08     1.504e-08     9.091e-06     0.000e+00     8.657e-19     1.091e-08     2.000e-04     1.650e-06
7.800e+01     1.470e-02     2.282e+02     7.870e+05     2.120e+05     3.447e+02     3.120e-01     5.103e+00     7.560e-02     5.011e-04     9.000e-08     1.750e+01     6.877e-02     6.173e-09     3.732e-05     1.581e-12     1.581e-12     2.077e-01     6.684e-11     6.476e-05     1.914e-11     3.532e-09     3.581e-10     7.650e-05     2.964e-06     1.000e-08     2.008e-08     9.566e-06     0.000e+00     1.564e-18     1.091e-08     2.000e-04     1.650e-06
7.700e+01     1.720e-02     2.304e+02     7.880e+05     2.120e+05     3.471e+02     3.180e-01     4.712e+00     7.846e-02     5.174e-04     9.000e-08     1.670e+01     6.760e-02     8.545e-09     4.030e-05     2.852e-12     2.852e-12     1.690e-01     8.649e-11     6.527e-05     1.914e-11     3.532e-09     4.357e-10     7.650e-05     3.047e-06     1.000e-08     2.696e-08     1.007e-05     0.000e+00     2.859e-18     1.091e-08     2.000e-04     1.650e-06
7.600e+01     2.010e-02     2.325e+02     7.880e+05     2.120e+05     3.495e+02     3.240e-01     4.354e+00     8.140e-02     5.348e-04     9.000e-08     1.600e+01     6.624e-02     1.180e-08     4.352e-05     5.121e-12     5.121e-12     1.367e-01     1.117e-10     6.587e-05     1.914e-11     3.532e-09     5.293e-10     7.650e-05     3.129e-06     1.000e-08     3.611e-08     1.061e-05     0.000e+00     5.198e-18     1.091e-08     2.000e-04     1.650e-06
7.500e+01     2.350e-02     2.347e+02     7.880e+05     2.120e+05     3.519e+02     3.410e-01     4.012e+00     8.445e-02     5.522e-04     9.000e-08     1.530e+01     6.464e-02     1.630e-08     4.700e-05     9.210e-12     9.210e-12     1.121e-01     1.443e-10     6.657e-05     1.914e-11     3.532e-09     6.434e-10     7.650e-05     3.212e-06     1.000e-08     4.841e-08     1.117e-05     0.000e+00     9.471e-18     1.091e-08     2.000e-04     1.650e-06
7.400e+01     2.750e-02     2.368e+02     7.880e+05     2.120e+05     3.541e+02     3.590e-01     3.719e+00     8.765e-02     5.696e-04     9.000e-08     1.470e+01     6.277e-02     2.257e-08     4.935e-05     1.662e-11     1.662e-11     9.300e-02     1.868e-10     6.755e-05     1.914e-11     3.532e-09     7.830e-10     7.650e-05     3.310e-06     1.000e-08     6.500e-08     1.176e-05     0.000e+00     1.731e-17     1.091e-08     2.000e-04     1.650e-06
7.300e+01     3.210e-02     2.390e+02     7.890e+05     2.120e+05     3.564e+02     3.900e-01     3.426e+00     9.091e-02     5.870e-04     9.000e-08     1.410e+01     6.100e-02     3.109e-08     5.182e-05     2.971e-11     2.971e-11     7.576e-02     2.407e-10     6.863e-05     1.914e-11     3.532e-09     9.499e-10     7.650e-05     3.410e-06     1.000e-08     8.688e-08     1.238e-05     0.000e+00     3.135e-17     1.091e-08     2.000e-04     1.650e-06
7.200e+01     3.750e-02     2.411e+02     7.920e+05     2.120e+05     3.586e+02     4.230e-01     3.166e+00     9.431e-02     6.054e-04     9.000e-08     1.350e+01     5.919e-02     4.289e-08     5.442e-05     5.328e-11     5.328e-11     6.341e-02     3.106e-10     6.982e-05     1.914e-11     3.532e-09     1.153e-09     7.650e-05     3.508e-06     1.000e-08     1.163e-07     1.303e-05     0.000e+00     5.694e-17     1.091e-08     2.000e-04     1.650e-06
7.100e+01     4.390e-02     2.433e+02     7.920e+05     2.120e+05     3.604e+02     4.600e-01     2.939e+00     9.788e-02     6.248e-04     9.000e-08     1.290e+01     5.663e-02     5.944e-08     5.714e-05     9.630e-11     9.630e-11     5.172e-02     4.023e-10     7.109e-05     1.914e-11     3.532e-09     1.404e-09     7.650e-05     3.607e-06     1.000e-08     1.563e-07     1.372e-05     0.000e+00     1.042e-16     1.091e-08     2.000e-04     1.650e-06
7.000e+01     5.130e-02     2.454e+02     7.890e+05     2.120e+05     3.617e+02     5.000e-01     2.728e+00     1.015e-01     6.442e-04     9.000e-08     1.240e+01     5.307e-02     8.205e-08     6.000e-05     1.729e-10     1.729e-10     4.607e-02     5.194e-10     7.245e-05     1.914e-11     3.532e-09     1.706e-09     7.650e-05     3.706e-06     1.000e-08     2.093e-07     1.445e-05     0.000e+00     1.896e-16     1.091e-08     2.000e-04     1.650e-06
6.900e+01     6.000e-02     2.463e+02     7.880e+05     2.120e+05     3.625e+02     5.380e-01     2.893e+00     1.054e-01     6.647e-04     9.000e-08     1.180e+01     4.941e-02     1.135e-07     6.118e-05     3.114e-10     3.114e-10     3.943e-02     6.716e-10     7.399e-05     1.914e-11     3.532e-09     2.075e-09     7.650e-05     3.805e-06     1.000e-08     2.808e-07     1.521e-05     0.000e+00     3.458e-16     1.091e-08     2.000e-04     1.650e-06
6.800e+01     6.940e-02     2.472e+02     7.890e+05     2.120e+05     3.630e+02     5.790e-01     3.059e+00     1.091e-01     6.851e-04     9.000e-08     1.130e+01     4.699e-02     1.534e-07     6.239e-05     5.379e-10     5.379e-10     3.248e-02     8.527e-10     7.565e-05     1.914e-11     3.532e-09     2.488e-09     7.650e-05     3.903e-06     1.000e-08     3.689e-07     1.596e-05     0.000e+00     6.046e-16     1.091e-08     2.000e-04     1.650e-06
6.700e+01     8.070e-02     2.478e+02     7.900e+05     2.120e+05     3.630e+02     6.300e-01     3.224e+00     1.130e-01     7.086e-04     1.390e-07     1.080e+01     4.408e-02     2.096e-07     6.340e-05     9.480e-10     9.480e-10     2.553e-02     1.092e-09     7.735e-05     1.914e-11     3.532e-09     3.004e-09     7.650e-05     4.019e-06     1.000e-08     4.896e-07     1.677e-05     0.000e+00     1.079e-15     1.091e-08     2.000e-04     1.650e-06
6.600e+01     9.440e-02     2.481e+02     7.890e+05     2.120e+05     3.630e+02     6.860e-01     3.390e+00     1.173e-01     7.373e-04     3.340e-07     1.040e+01     4.048e-02     2.899e-07     6.419e-05     1.708e-09     1.708e-09     1.972e-02     1.412e-09     7.904e-05     1.914e-11     3.532e-09     3.654e-09     7.650e-05     4.150e-06     1.000e-08     6.570e-07     1.767e-05     1.630e-20     1.969e-15     1.091e-08     2.000e-04     1.651e-06
6.500e+01     1.090e-01     2.484e+02     7.880e+05     2.120e+05     3.630e+02     7.195e-01     3.588e+00     1.198e-01     7.669e-04     8.000e-07     9.940e+00     3.663e-02     3.905e-07     6.500e-05     2.932e-09     2.932e-09     1.789e-02     1.788e-09     8.075e-05     1.914e-11     3.532e-09     4.373e-09     7.650e-05     4.282e-06     1.000e-08     8.604e-07     1.852e-05     3.163e-20     3.420e-15     1.091e-08     2.000e-04     1.651e-06
6.400e+01     1.250e-01     2.489e+02     7.880e+05     2.120e+05     3.630e+02     7.562e-01     3.786e+00     1.226e-01     8.027e-04     2.280e-06     9.520e+00     3.400e-02     5.185e-07     6.500e-05     4.904e-09     4.904e-09     1.759e-02     2.239e-09     8.249e-05     1.914e-11     3.532e-09     5.189e-09     7.650e-05     4.414e-06     1.000e-08     1.112e-06     1.938e-05     5.946e-20     5.785e-15     1.091e-08     2.000e-04     1.651e-06
6.300e+01     1.450e-01     2.494e+02     7.890e+05     2.120e+05     3.630e+02     8.021e-01     4.017e+00     1.261e-01     8.395e-04     6.510e-06     9.110e+00     3.106e-02     7.049e-07     6.500e-05     8.564e-09     8.564e-09     1.691e-02     2.856e-09     8.439e-05     1.914e-11     3.532e-09     6.246e-09     7.650e-05     4.546e-06     1.000e-08     1.469e-06     2.035e-05     1.178e-19     1.023e-14     1.091e-08     2.000e-04     1.651e-06
6.200e+01     1.670e-01     2.499e+02     7.890e+05     2.110e+05     3.630e+02     8.526e-01     4.248e+00     1.299e-01     8.804e-04     1.480e-05     8.730e+00     2.823e-02     9.443e-07     6.500e-05     1.456e-08     1.456e-08     1.574e-02     3.600e-09     8.664e-05     1.914e-11     3.532e-09     7.451e-09     7.650e-05     4.694e-06     1.000e-08     1.915e-06     2.132e-05     2.260e-19     1.759e-14     1.091e-08     2.000e-04     1.651e-06
6.100e+01     1.920e-01     2.504e+02     7.890e+05     2.110e+05     3.630e+02     9.100e-01     4.479e+00     1.343e-01     9.244e-04     2.660e-05     8.360e+00     2.584e-02     1.260e-06     6.500e-05     2.459e-08     2.459e-08     1.463e-02     4.526e-09     8.898e-05     1.914e-11     3.532e-09     8.870e-09     7.650e-05     4.859e-06     1.000e-08     2.488e-06     2.233e-05     4.298e-19     3.004e-14     1.091e-08     2.000e-04     1.651e-06
6.000e+01     2.210e-01     2.509e+02     7.880e+05     2.120e+05     3.630e+02     9.765e-01     4.770e+00     1.394e-01     9.715e-04     4.800e-05     8.000e+00     2.306e-02     1.793e-06     6.500e-05     4.170e-08     4.170e-08     1.429e-02     5.701e-09     9.135e-05     1.914e-11     3.532e-09     1.057e-08     7.650e-05     5.024e-06     1.000e-08     3.239e-06     2.339e-05     8.219e-19     5.155e-14     1.091e-08     2.000e-04     1.651e-06
5.900e+01     2.540e-01     2.524e+02     7.880e+05     2.120e+05     3.630e+02     1.052e+00     5.126e+00     1.451e-01     9.919e-04     6.310e-05     7.320e+00     2.111e-02     2.398e-06     6.500e-05     7.033e-08     7.033e-08     1.382e-02     7.163e-09     9.339e-05     1.914e-11     3.532e-09     1.258e-08     7.650e-05     5.221e-06     1.000e-08     4.205e-06     2.449e-05     1.561e-18     8.794e-14     1.091e-08     2.000e-04     1.652e-06
5.800e+01     2.920e-01     2.539e+02     7.890e+05     2.110e+05     3.630e+02     1.139e+00     5.406e+00     1.518e-01     1.012e-03     8.290e-05     6.650e+00     1.888e-02     3.096e-06     6.500e-05     1.187e-07     1.187e-07     1.318e-02     9.004e-09     9.539e-05     1.914e-11     3.532e-09     1.497e-08     7.650e-05     5.419e-06     1.000e-08     5.462e-06     2.564e-05     2.968e-18     1.502e-13     1.091e-08     2.000e-04     1.652e-06
5.700e+01     3.350e-01     2.555e+02     7.890e+05     2.110e+05     3.630e+02     1.232e+00     5.621e+00     1.579e-01     1.063e-03     1.030e-04     5.990e+00     1.705e-02     4.086e-06     6.597e-05     1.989e-07     1.989e-07     1.229e-02     1.128e-08     9.739e-05     1.914e-11     3.532e-09     1.768e-08     7.650e-05     5.650e-06     1.000e-08     6.871e-06     2.683e-05     5.590e-18     2.544e-13     1.091e-08     2.000e-04     1.652e-06
5.600e+01     3.830e-01     2.573e+02     7.900e+05     2.120e+05     3.630e+02     1.327e+00     5.646e+00     1.627e-01     1.145e-03     1.220e-04     4.940e+00     1.541e-02     5.479e-06     6.796e-05     3.289e-07     3.289e-07     1.097e-02     1.405e-08     9.968e-05     1.914e-11     3.532e-09     2.064e-08     7.650e-05     5.913e-06     1.000e-08     8.273e-06     2.804e-05     1.036e-17     4.254e-13     1.091e-08     2.000e-04     1.653e-06
5.500e+01     4.360e-01     2.591e+02     7.910e+05     2.120e+05     3.630e+02     1.431e+00     5.674e+00     1.680e-01     1.227e-03     1.450e-04     4.050e+00     1.354e-02     7.018e-06     7.000e-05     5.352e-07     5.352e-07     9.815e-03     1.738e-08     1.021e-04     1.914e-11     3.532e-09     2.397e-08     7.650e-05     6.176e-06     1.000e-08     9.901e-06     2.926e-05     1.883e-17     6.996e-13     1.091e-08     2.000e-04     1.653e-06
5.400e+01     4.980e-01     2.600e+02     7.910e+05     2.120e+05     3.630e+02     1.573e+00     5.702e+00     1.738e-01     1.288e-03     1.680e-04     3.290e+00     1.106e-02     8.817e-06     7.310e-05     8.819e-07     8.819e-07     9.021e-03     2.161e-08     1.047e-04     2.002e-11     3.532e-09     2.771e-08     7.650e-05     6.506e-06     1.000e-08     1.133e-05     3.057e-05     3.475e-17     1.165e-12     1.091e-08     2.000e-04     1.654e-06
5.300e+01     5.680e-01     2.609e+02     7.900e+05     2.120e+05     3.630e+02     1.752e+00     5.732e+00     1.801e-01     1.350e-03     1.950e-04     2.600e+00     8.631e-03     1.085e-05     7.633e-05     1.445e-06     1.445e-06     8.601e-03     2.682e-08     1.072e-04     2.328e-11     3.532e-09     3.174e-08     7.650e-05     6.836e-06     1.000e-08     1.238e-05     3.193e-05     6.371e-17     1.931e-12     1.091e-08     2.000e-04     1.655e-06
5.200e+01     6.480e-01     2.610e+02     7.880e+05     2.120e+05     3.630e+02     1.957e+00     5.765e+00     1.873e-01     1.432e-03     2.300e-04     2.050e+00     7.131e-03     1.316e-05     8.079e-05     2.371e-06     2.371e-06     8.064e-03     3.329e-08     1.096e-04     3.009e-11     3.532e-09     3.636e-08     7.650e-05     7.247e-06     1.000e-08     1.354e-05     3.335e-05     1.169e-16     3.202e-12     1.091e-08     2.000e-04     1.656e-06
5.100e+01     7.380e-01     2.601e+02     7.900e+05     2.120e+05     3.630e+02     2.172e+00     5.794e+00     1.935e-01     1.524e-03     2.750e-04     1.610e+00     5.637e-03     1.924e-05     8.668e-05     3.503e-06     3.503e-06     7.876e-03     4.121e-08     1.118e-04     4.223e-11     3.532e-09     4.239e-08     7.650e-05     7.741e-06     1.000e-08     1.491e-05     3.481e-05     2.129e-16     5.274e-12     1.091e-08     2.000e-04     1.657e-06
5.000e+01     8.360e-01     2.593e+02     7.910e+05     2.120e+05     3.630e+02     2.397e+00     5.820e+00     1.991e-01     1.636e-03     3.300e-04     1.270e+00     4.844e-03     2.808e-05     9.300e-05     4.803e-06     4.803e-06     8.414e-03     5.056e-08     1.141e-04     6.235e-11     3.532e-09     4.969e-08     7.650e-05     8.235e-06     1.000e-08     1.642e-05     3.627e-05     3.783e-16     8.511e-12     1.091e-08     2.000e-04     1.658e-06
4.900e+01     9.470e-01     2.569e+02     7.890e+05     2.120e+05     3.630e+02     2.651e+00     5.850e+00     2.055e-01     1.830e-03     4.060e-04     1.020e+00     4.341e-03     3.808e-05     1.011e-04     6.584e-06     6.584e-06     9.037e-03     6.203e-08     1.165e-04     9.237e-11     3.532e-09     5.824e-08     7.650e-05     8.853e-06     1.000e-08     1.809e-05     3.779e-05     6.720e-16     1.373e-11     1.091e-08     1.993e-04     1.659e-06
4.800e+01     1.070e+00     2.544e+02     7.890e+05     2.120e+05     3.630e+02     2.868e+00     5.871e+00     2.112e-01     2.045e-03     5.000e-04     8.220e-01     3.784e-03     5.826e-05     1.100e-04     9.338e-06     9.338e-06     9.482e-03     8.707e-08     1.190e-04     1.356e-10     3.532e-09     7.206e-08     7.650e-05     9.471e-06     1.000e-08     1.994e-05     3.937e-05     1.180e-15     2.195e-11     1.091e-08     1.974e-04     1.661e-06
4.700e+01     1.220e+00     2.519e+02     7.890e+05     2.120e+05     3.630e+02     3.070e+00     5.885e+00     2.171e-01     2.291e-03     6.120e-04     6.860e-01     3.104e-03     9.125e-05     1.285e-04     1.408e-05     1.408e-05     9.833e-03     1.413e-07     1.215e-04     2.004e-10     3.532e-09     9.520e-08     7.650e-05     1.017e-05     1.000e-08     2.218e-05     4.116e-05     2.160e-15     3.631e-11     1.091e-08     1.943e-04     1.663e-06
4.600e+01     1.380e+00     2.495e+02     7.900e+05     2.120e+05     3.630e+02     3.286e+00     5.901e+00     2.234e-01     2.556e-03     7.500e-04     5.780e-01     2.730e-03     1.264e-04     1.500e-04     2.070e-05     2.070e-05     9.953e-03     2.226e-07     1.241e-04     2.876e-10     3.532e-09     1.237e-07     7.650e-05     1.087e-05     1.000e-08     2.452e-05     4.291e-05     3.811e-15     5.827e-11     1.091e-08     1.907e-04     1.665e-06
4.500e+01     1.560e+00     2.470e+02     7.890e+05     2.110e+05     3.630e+02     3.522e+00     5.922e+00     2.306e-01     2.812e-03     9.250e-04     4.920e-01     2.375e-03     1.779e-04     1.715e-04     2.937e-05     2.937e-05     9.916e-03     3.381e-07     1.267e-04     4.048e-10     3.532e-09     1.610e-07     7.650e-05     1.161e-05     1.000e-08     2.724e-05     4.470e-05     6.705e-15     9.329e-11     1.091e-08     1.871e-04     1.668e-06
4.400e+01     1.780e+00     2.445e+02     7.880e+05     2.110e+05     3.630e+02     3.801e+00     5.952e+00     2.398e-01     3.109e-03     1.110e-03     4.330e-01     2.332e-03     2.547e-04     1.965e-04     4.124e-05     4.124e-05     9.706e-03     5.103e-07     1.292e-04     5.630e-10     3.532e-09     2.148e-07     7.650e-05     1.246e-05     1.000e-08     3.068e-05     4.666e-05     1.232e-14     1.548e-10     1.091e-08     1.832e-04     1.671e-06
4.300e+01     2.030e+00     2.421e+02     7.880e+05     2.110e+05     3.630e+02     4.118e+00     5.986e+00     2.501e-01     3.426e-03     1.330e-03     3.830e-01     2.583e-03     3.419e-04     2.252e-04     5.783e-05     5.783e-05     9.463e-03     7.690e-07     1.315e-04     7.904e-10     3.532e-09     2.863e-07     7.650e-05     1.332e-05     1.000e-08     3.455e-05     4.871e-05     2.257e-14     2.563e-10     1.091e-08     1.774e-04     1.675e-06
4.200e+01     2.300e+00     2.396e+02     7.880e+05     2.120e+05     3.630e+02     4.369e+00     6.000e+00     2.607e-01     3.784e-03     1.600e-03     3.410e-01     2.753e-03     4.336e-04     2.580e-04     7.853e-05     7.853e-05     9.198e-03     1.176e-06     1.337e-04     1.115e-09     3.532e-09     3.757e-07     7.650e-05     1.416e-05     1.000e-08     3.844e-05     5.090e-05     4.013e-14     4.140e-10     1.091e-08     1.699e-04     1.679e-06
4.100e+01     2.610e+00     2.371e+02     7.890e+05     2.120e+05     3.630e+02     4.567e+00     5.994e+00     2.722e-01     4.223e-03     1.960e-03     3.050e-01     2.849e-03     5.363e-04     2.962e-04     1.055e-04     1.055e-04     8.905e-03     1.865e-06     1.354e-04     1.656e-09     3.532e-09     4.942e-07     7.650e-05     1.532e-05     1.000e-08     4.260e-05     5.339e-05     7.187e-14     6.726e-10     1.127e-08     1.607e-04     1.685e-06
4.000e+01     2.980e+00     2.347e+02     7.890e+05     2.120e+05     3.630e+02     4.804e+00     5.987e+00     2.859e-01     4.704e-03     2.400e-03     2.710e-01     2.964e-03     6.589e-04     3.400e-04     1.439e-04     1.439e-04     8.378e-03     3.027e-06     1.368e-04     2.555e-09     3.532e-09     6.588e-07     7.650e-05     1.647e-05     1.000e-08     4.744e-05     5.613e-05     1.324e-13     1.119e-09     1.236e-08     1.512e-04     1.691e-06
3.900e+01     3.410e+00     2.322e+02     7.890e+05     2.120e+05     3.630e+02     4.944e+00     5.983e+00     3.000e-01     5.369e-03     2.900e-03     2.370e-01     3.050e-03     7.827e-04     3.688e-04     1.898e-04     1.898e-04     7.712e-03     4.776e-06     1.382e-04     4.031e-09     3.532e-09     8.714e-07     7.650e-05     1.771e-05     1.000e-08     5.301e-05     5.924e-05     2.464e-13     1.877e-09     2.389e-08     1.414e-04     1.698e-06
3.800e+01     3.920e+00     2.297e+02     7.890e+05     2.120e+05     3.630e+02     4.990e+00     5.982e+00     3.152e-01     6.135e-03     3.500e-03     2.020e-01     3.113e-03     9.132e-04     4.000e-04     2.448e-04     2.448e-04     7.077e-03     7.433e-06     1.397e-04     6.432e-09     3.532e-09     1.152e-06     7.650e-05     1.894e-05     1.000e-08     5.953e-05     6.279e-05     4.684e-13     3.204e-09     4.709e-08     1.278e-04     1.707e-06
3.700e+01     4.480e+00     2.273e+02     7.890e+05     2.120e+05     3.630e+02     5.041e+00     5.980e+00     3.319e-01     7.066e-03     4.020e-03     1.700e-01     3.182e-03     1.057e-03     3.817e-04     3.124e-04     3.124e-04     6.430e-03     1.135e-05     1.413e-04     1.033e-08     3.532e-09     1.504e-06     7.650e-05     2.065e-05     1.000e-08     6.653e-05     6.640e-05     8.668e-13     5.350e-09     9.068e-08     1.099e-04     1.717e-06
3.600e+01     5.110e+00     2.249e+02     7.890e+05     2.120e+05     3.630e+02     5.041e+00     5.981e+00     3.461e-01     8.130e-03     4.620e-03     1.410e-01     3.217e-03     1.136e-03     3.642e-04     3.906e-04     3.906e-04     5.805e-03     1.635e-05     1.430e-04     1.609e-08     3.837e-09     2.030e-06     7.650e-05     2.237e-05     1.000e-08     7.380e-05     6.723e-05     1.590e-12     8.864e-09     1.717e-07     8.741e-05     1.728e-06
3.500e+01     5.860e+00     2.225e+02     7.890e+05     2.120e+05     3.630e+02     5.017e+00     5.982e+00     3.611e-01     9.357e-03     5.300e-03     1.120e-01     3.240e-03     1.196e-03     3.475e-04     4.896e-04     4.896e-04     5.361e-03     2.342e-05     1.449e-04     3.105e-08     4.318e-09     2.812e-06     7.650e-05     2.409e-05     1.000e-08     8.202e-05     6.700e-05     2.988e-12     1.499e-08     3.209e-07     6.760e-05     1.742e-06
3.400e+01     6.730e+00     2.203e+02     7.890e+05     2.120e+05     3.630e+02     4.989e+00     5.984e+00     3.785e-01     1.074e-02     6.000e-03     8.780e-02     3.267e-03     1.266e-03     2.850e-04     6.152e-04     6.152e-04     5.125e-03     3.367e-05     1.467e-04     6.938e-08     4.865e-09     3.908e-06     7.650e-05     2.594e-05     1.000e-08     9.126e-05     6.677e-05     5.655e-12     2.551e-08     5.263e-07     5.155e-05     1.757e-06
3.300e+01     7.790e+00     2.181e+02     7.890e+05     2.120e+05     3.630e+02     4.921e+00     5.941e+00     3.934e-01     1.237e-02     6.660e-03     6.760e-02     3.176e-03     1.215e-03     2.233e-04     7.214e-04     7.214e-04     4.863e-03     4.500e-05     1.487e-04     1.335e-07     1.197e-08     6.008e-06     7.650e-05     2.820e-05     1.000e-08     1.005e-04     6.624e-05     1.110e-11     4.472e-08     8.280e-07     3.952e-05     1.776e-06
3.200e+01     9.030e+00     2.159e+02     7.890e+05     2.120e+05     3.630e+02     4.839e+00     5.887e+00     4.102e-01     1.432e-02     7.400e-03     5.090e-02     3.058e-03     1.142e-03     1.750e-04     8.407e-04     8.407e-04     4.521e-03     5.979e-05     1.506e-04     2.406e-07     3.192e-08     9.345e-06     7.650e-05     3.047e-05     1.000e-08     1.107e-04     6.568e-05     2.192e-11     7.883e-08     1.264e-06     2.949e-05     1.798e-06
3.100e+01     1.050e+01     2.141e+02     7.890e+05     2.120e+05     3.630e+02     4.717e+00     5.827e+00     4.307e-01     1.687e-02     8.190e-03     3.920e-02     2.864e-03     1.034e-03     1.562e-04     9.541e-04     9.541e-04     4.000e-03     7.675e-05     1.519e-04     4.202e-07     8.643e-08     1.459e-05     7.650e-05     3.308e-05     2.692e-08     1.203e-04     6.574e-05     4.393e-11     1.406e-07     2.370e-06     2.415e-05     1.826e-06
3.000e+01     1.210e+01     2.124e+02     7.890e+05     2.120e+05     3.630e+02     4.533e+00     5.772e+00     4.543e-01     1.994e-02     9.080e-03     3.090e-02     2.542e-03     8.702e-04     1.395e-04     1.013e-03     1.013e-03     3.503e-03     8.966e-05     1.530e-04     6.762e-07     2.181e-07     2.193e-05     7.650e-05     3.568e-05     4.383e-08     1.263e-04     6.707e-05     8.446e-11     2.424e-07     4.511e-06     2.358e-05     1.859e-06
2.900e+01     1.400e+01     2.106e+02     7.890e+05     2.120e+05     3.630e+02     4.314e+00     5.707e+00     4.823e-01     2.352e-02     1.000e-02     2.490e-02     2.159e-03     6.759e-04     1.245e-04     1.078e-03     1.078e-03     2.975e-03     1.052e-04     1.539e-04     1.040e-06     5.651e-07     3.336e-05     7.650e-05     3.830e-05     6.075e-08     1.328e-04     6.846e-05     1.654e-10     4.233e-07     8.756e-06     2.631e-05     1.898e-06
2.800e+01     1.630e+01     2.089e+02     7.890e+05     2.120e+05     3.630e+02     4.071e+00     5.582e+00     5.194e-01     2.659e-02     1.090e-02     2.100e-02     1.796e-03     5.476e-04     1.170e-04     1.117e-03     1.117e-03     2.388e-03     1.138e-04     1.549e-04     1.573e-06     1.194e-06     4.680e-05     7.650e-05     4.118e-05     1.015e-07     1.362e-04     6.851e-05     3.335e-10     7.548e-07     1.341e-05     2.905e-05     1.953e-06
2.700e+01     1.880e+01     2.071e+02     7.890e+05     2.120e+05     3.630e+02     3.816e+00     5.425e+00     5.611e-01     3.037e-02     1.140e-02     1.870e-02     1.447e-03     4.571e-04     1.368e-04     1.140e-03     1.140e-03     1.846e-03     1.179e-04     1.560e-04     2.234e-06     2.172e-06     6.165e-05     7.650e-05     4.488e-05     3.445e-07     1.379e-04     6.795e-05     6.438e-10     1.299e-06     2.217e-05     3.186e-05     2.013e-06
2.600e+01     2.200e+01     2.054e+02     7.890e+05     2.120e+05     3.630e+02     3.512e+00     5.210e+00     6.151e-01     3.477e-02     1.200e-02     1.710e-02     1.038e-03     3.512e-04     1.600e-04     1.153e-03     1.153e-03     1.325e-03     1.210e-04     1.572e-04     3.118e-06     4.051e-06     8.213e-05     7.650e-05     4.859e-05     5.875e-07     1.394e-04     6.651e-05     1.289e-09     2.304e-06     3.686e-05     3.471e-05     2.089e-06
2.500e+01     2.580e+01     2.036e+02     7.890e+05     2.120e+05     3.630e+02     3.315e+00     4.859e+00     6.830e-01     4.080e-02     1.220e-02     1.620e-02     8.210e-04     2.959e-04     2.808e-04     1.083e-03     1.083e-03     1.017e-03     1.137e-04     1.582e-04     4.327e-06     6.054e-06     9.835e-05     7.650e-05     5.229e-05     2.220e-06     1.388e-04     6.001e-05     2.495e-09     3.976e-06     5.435e-05     3.763e-05     2.199e-06
2.400e+01     3.010e+01     2.019e+02     7.890e+05     2.120e+05     3.630e+02     3.092e+00     4.462e+00     7.598e-01     4.796e-02     1.230e-02     1.570e-02     5.758e-04     2.333e-04     4.929e-04     1.018e-03     1.018e-03     7.664e-04     1.071e-04     1.593e-04     5.973e-06     8.929e-06     1.171e-04     7.650e-05     5.600e-05     3.853e-06     1.382e-04     5.433e-05     4.726e-09     6.739e-06     8.030e-05     4.055e-05     2.332e-06
2.300e+01     3.520e+01     2.001e+02     7.890e+05     2.120e+05     3.630e+02     2.874e+00     4.157e+00     8.462e-01     5.624e-02     1.250e-02     1.590e-02     3.400e-04     1.902e-04     8.650e-04     9.230e-04     9.230e-04     5.547e-04     9.444e-05     1.602e-04     8.211e-06     1.317e-05     1.386e-04     7.650e-05     5.971e-05     5.485e-06     1.346e-04     4.739e-05     8.720e-09     1.115e-05     1.187e-04     4.346e-05     2.489e-06
2.200e+01     4.120e+01     1.984e+02     7.890e+05     2.120e+05     3.630e+02     2.641e+00     3.882e+00     9.457e-01     6.647e-02     1.270e-02     1.630e-02     2.500e-04     1.551e-04     1.130e-03     8.221e-04     8.221e-04     3.974e-04     8.072e-05     1.612e-04     1.137e-05     1.942e-05     1.635e-04     7.650e-05     6.341e-05     8.350e-06     1.298e-04     4.062e-05     1.556e-08     1.792e-05     1.460e-04     4.638e-05     2.653e-06
2.100e+01     4.810e+01     1.966e+02     7.890e+05     2.120e+05     3.630e+02     2.355e+00     3.611e+00     1.044e+00     7.373e-02     1.200e-02     1.690e-02     1.900e-04     1.206e-04     1.125e-03     7.155e-04     7.155e-04     2.946e-04     6.837e-05     1.619e-04     1.574e-05     2.874e-05     1.935e-04     7.650e-05     6.753e-05     1.385e-05     1.229e-04     3.551e-05     2.693e-08     2.809e-05     1.805e-04     5.007e-05     2.811e-06
2.000e+01     5.670e+01     1.949e+02     7.890e+05     2.120e+05     3.630e+02     1.931e+00     3.452e+00     1.106e+00     8.181e-02     1.130e-02     1.830e-02     1.300e-04     1.004e-04     1.120e-03     5.646e-04     5.646e-04     2.167e-04     5.502e-05     1.626e-04     2.180e-05     4.525e-05     2.359e-04     7.740e-05     7.165e-05     1.935e-05     1.082e-04     3.272e-05     4.618e-08     4.374e-05     2.232e-04     5.475e-05     2.978e-06
1.900e+01     6.680e+01     1.956e+02     7.890e+05     2.120e+05     3.642e+02     1.433e+00     3.266e+00     1.178e+00     9.142e-02     9.591e-03     2.010e-02     1.000e-04     7.665e-05     9.871e-04     4.459e-04     4.459e-04     1.422e-04     4.431e-05     2.400e-04     3.018e-05     7.112e-05     2.873e-04     7.920e-05     7.700e-05     2.705e-05     9.530e-05     3.015e-05     7.861e-08     6.727e-05     2.619e-04     6.036e-05     3.144e-06
1.800e+01     7.810e+01     1.964e+02     7.890e+05     2.120e+05     3.652e+02     1.172e+00     3.099e+00     1.244e+00     1.023e-01     7.931e-03     2.260e-02     8.500e-05     6.409e-05     8.700e-04     2.838e-04     2.838e-04     9.514e-05     3.435e-05     3.174e-04     4.178e-05     9.313e-05     3.212e-04     8.190e-05     8.194e-05     3.609e-05     7.618e-05     2.695e-05     1.287e-07     9.853e-05     3.093e-04     6.616e-05     3.320e-06
1.700e+01     9.190e+01     1.971e+02     7.890e+05     2.120e+05     3.663e+02     9.027e-01     2.903e+00     1.321e+00     1.278e-01     6.616e-03     2.610e-02     6.600e-05     5.104e-05     6.850e-04     1.714e-04     1.714e-04     6.262e-05     2.616e-05     3.946e-04     5.785e-05     1.204e-04     3.567e-04     8.460e-05     8.738e-05     4.490e-05     5.941e-05     2.386e-05     2.093e-07     1.401e-04     3.601e-04     7.205e-05     3.484e-06
1.600e+01     1.090e+02     1.979e+02     7.890e+05     2.120e+05     3.673e+02     6.690e-01     2.527e+00     1.393e+00     1.544e-01     5.205e-03     3.070e-02     5.600e-05     3.870e-05     4.305e-04     1.005e-04     1.005e-04     4.038e-05     2.381e-05     4.717e-04     7.241e-05     1.490e-04     3.872e-04     8.730e-05     9.332e-05     5.383e-05     4.420e-05     2.156e-05     3.446e-07     1.948e-04     4.067e-04     7.799e-05     3.622e-06
1.500e+01     1.280e+02     1.986e+02     7.890e+05     2.120e+05     3.680e+02     5.097e-01     2.281e+00     1.451e+00     1.861e-01     3.945e-03     3.650e-02     4.500e-05     2.882e-05     2.705e-04     6.046e-05     6.046e-05     2.672e-05     2.602e-05     5.488e-04     8.488e-05     1.729e-04     4.077e-04     8.910e-05     1.002e-04     6.307e-05     3.238e-05     2.008e-05     5.611e-07     2.531e-04     4.567e-04     8.404e-05     3.755e-06
1.400e+01     1.520e+02     1.994e+02     7.890e+05     2.120e+05     3.684e+02     3.246e-01     2.313e+00     1.525e+00     2.250e-01     2.773e-03     4.260e-02     3.500e-05     1.744e-05     1.700e-04     3.273e-05     3.273e-05     1.718e-05     2.986e-05     5.490e-04     9.444e-05     2.031e-04     4.355e-04     9.000e-05     1.075e-04     7.213e-05     2.198e-05     1.960e-05     1.071e-06     3.257e-04     5.074e-04     9.000e-05     3.884e-06
1.300e+01     1.790e+02     2.001e+02     7.890e+05     2.120e+05     3.685e+02     2.072e-01     2.748e+00     1.607e+00     2.495e-01     1.877e-03     4.900e-02     3.000e-05     6.825e-06     6.648e-05     1.400e-05     1.400e-05     1.128e-05     3.999e-05     5.493e-04     1.000e-04     2.380e-04     4.828e-04     9.000e-05     1.153e-04     8.078e-05     1.237e-05     2.322e-05     2.474e-06     4.143e-04     5.433e-04     9.537e-05     3.941e-06
1.200e+01     2.070e+02     2.009e+02     7.890e+05     2.120e+05     3.685e+02     1.451e-01     5.663e+00     1.693e+00     2.761e-01     1.273e-03     5.520e-02     2.500e-05     3.172e-06     2.600e-05     5.500e-06     5.500e-06     7.765e-06     4.276e-05     5.495e-04     1.000e-04     2.650e-04     5.291e-04     9.000e-05     1.235e-04     8.930e-05     7.420e-06     3.499e-05     5.765e-06     5.191e-04     5.765e-04     9.867e-05     3.988e-06
1.100e+01     2.410e+02     2.017e+02     7.890e+05     2.120e+05     3.685e+02     1.056e-01     9.276e+00     1.732e+00     2.965e-01     8.197e-04     7.035e-02     2.200e-05     1.499e-06     1.200e-05     2.800e-06     2.800e-06     4.969e-06     4.104e-05     5.498e-04     1.000e-04     2.650e-04     5.433e-04     9.000e-05     1.317e-04     9.690e-05     6.452e-06     5.471e-05     1.365e-05     6.643e-04     5.881e-04     1.000e-04     4.023e-06
1.000e+01     2.810e+02     2.067e+02     7.890e+05     2.120e+05     3.685e+02     7.165e-02     4.300e+01     1.738e+00     3.068e-01     5.631e-04     8.487e-02     2.100e-05     9.465e-07     6.500e-06     1.800e-06     1.800e-06     3.086e-06     3.586e-05     5.500e-04     1.000e-04     2.650e-04     5.445e-04     9.000e-05     1.372e-04     1.024e-04     6.452e-06     7.006e-05     2.828e-05     8.448e-04     5.989e-04     1.000e-04     4.064e-06
9.000e+00     3.240e+02     2.117e+02     7.890e+05     2.120e+05     3.685e+02     5.508e-02     8.161e+01     1.740e+00     3.119e-01     3.506e-04     9.994e-02     2.000e-05     5.914e-07     4.266e-06     1.300e-06     1.300e-06     2.181e-06     3.072e-05     5.500e-04     1.000e-04     2.650e-04     5.450e-04     9.000e-05     1.400e-04     1.060e-04     6.452e-06     8.381e-05     5.315e-05     1.049e-03     5.997e-04     1.000e-04     4.087e-06
8.000e+00     3.730e+02     2.167e+02     7.890e+05     2.120e+05     3.685e+02     4.187e-02     1.303e+02     1.742e+00     3.170e-01     2.890e-04     1.122e-01     2.000e-05     5.466e-07     2.800e-06     9.000e-07     9.000e-07     1.718e-06     2.304e-05     5.500e-04     1.000e-04     2.650e-04     5.450e-04     9.000e-05     1.400e-04     1.075e-04     6.452e-06     8.421e-05     8.162e-05     1.236e-03     6.000e-04     1.000e-04     4.103e-06
7.000e+00     4.250e+02     2.217e+02     7.890e+05     2.120e+05     3.685e+02     3.322e-02     2.004e+02     1.743e+00     3.170e-01     2.496e-04     1.235e-01     2.000e-05     5.400e-07     2.100e-06     6.800e-07     6.800e-07     1.506e-06     1.645e-05     5.500e-04     1.000e-04     2.650e-04     5.450e-04     9.000e-05     1.400e-04     1.075e-04     6.452e-06     8.215e-05     1.163e-04     1.418e-03     6.000e-04     1.000e-04     4.103e-06
6.000e+00     4.850e+02     2.267e+02     7.890e+05     2.120e+05     3.685e+02     2.840e-02     3.041e+02     1.743e+00     3.170e-01     2.467e-04     1.335e-01     2.000e-05     5.993e-07     1.600e-06     5.700e-07     5.700e-07     1.377e-06     1.050e-05     5.500e-04     1.000e-04     2.650e-04     5.450e-04     9.000e-05     1.400e-04     1.075e-04     6.452e-06     7.663e-05     1.555e-04     1.595e-03     6.000e-04     1.000e-04     4.103e-06
5.000e+00     5.530e+02     2.317e+02     7.890e+05     2.120e+05     3.685e+02     2.497e-02     4.510e+02     1.743e+00     3.170e-01     2.685e-04     1.424e-01     2.000e-05     6.215e-07     1.380e-06     4.700e-07     4.700e-07     1.263e-06     5.242e-06     5.500e-04     1.000e-04     2.650e-04     5.450e-04     9.000e-05     1.400e-04     1.075e-04     6.452e-06     7.171e-05     1.989e-04     1.774e-03     6.000e-04     1.000e-04     4.103e-06
4.000e+00     6.300e+02     2.367e+02     7.890e+05     2.120e+05     3.685e+02     2.239e-02     6.336e+02     1.744e+00     3.170e-01     3.103e-04     1.523e-01     2.000e-05     5.787e-07     1.260e-06     4.300e-07     4.300e-07     1.186e-06     2.476e-06     5.500e-04     1.000e-04     2.650e-04     5.450e-04     9.000e-05     1.400e-04     1.075e-04     6.452e-06     6.759e-05     2.561e-04     1.993e-03     6.000e-04     1.000e-04     4.103e-06
3.000e+00     7.140e+02     2.417e+02     7.890e+05     2.120e+05     3.685e+02     1.993e-02     8.597e+02     1.743e+00     3.170e-01     3.801e-04     1.638e-01     2.000e-05     4.522e-07     1.180e-06     4.000e-07     4.000e-07     1.197e-06     1.348e-06     5.500e-04     1.000e-04     2.650e-04     5.450e-04     9.000e-05     1.400e-04     1.075e-04     6.452e-06     6.469e-05     3.337e-04     2.281e-03     6.000e-04     1.000e-04     4.103e-06
2.000e+00     8.070e+02     2.467e+02     7.890e+05     2.120e+05     3.685e+02     1.487e-02     1.199e+03     1.743e+00     3.170e-01     4.927e-04     1.780e-01     3.554e-05     3.634e-07     1.110e-06     3.700e-07     3.700e-07     1.993e-06     1.156e-06     5.500e-04     1.000e-04     2.650e-04     5.450e-04     9.000e-05     1.400e-04     1.075e-04     6.452e-06     6.289e-05     4.431e-04     2.697e-03     6.000e-04     1.000e-04     4.103e-06
1.000e+00     9.040e+02     2.517e+02     7.890e+05     2.120e+05     3.685e+02     1.000e-02     1.598e+03     1.743e+00     3.170e-01     6.018e-04     1.924e-01     6.062e-05     6.180e-07     1.070e-06     3.500e-07     3.500e-07     3.436e-06     1.728e-06     5.500e-04     1.000e-04     2.650e-04     5.450e-04     9.000e-05     1.400e-04     1.075e-04     6.452e-06     5.796e-05     5.657e-04     3.232e-03     6.000e-04     1.000e-04     4.103e-06
0.000e+00     1.010e+03     2.567e+02     7.890e+05     2.120e+05     3.685e+02     1.000e-02     2.103e+03     1.743e+00     3.170e-01     4.564e-04     1.969e-01     1.127e-04     6.787e-07     1.000e-06     3.400e-07     3.400e-07     5.850e-06     2.604e-06     5.500e-04     1.000e-04     2.650e-04     5.450e-04     9.000e-05     1.400e-04     1.075e-04     6.452e-06     4.113e-05     6.299e-04     3.509e-03     6.000e-04     1.000e-04     4.103e-06
