# tropic atmospheric constituent profile.
# 
# number of sampled altitude :
101
# number of sampled gas :
2
# sampled gas :
O3
H2O 
#HGT [km] PRE [mb] TEM [K] O3 [ppmv] H2O [ppmv]
1.000e+02     3.576e-04     1.877e+02 8.032e-01     1.562e+00
9.900e+01     4.266e-04     1.873e+02 8.083e-01     1.623e+00
9.800e+01     5.075e-04     1.871e+02 8.133e-01     1.686e+00
9.700e+01     6.044e-04     1.870e+02 8.184e-01     1.751e+00
9.600e+01     7.204e-04     1.869e+02 8.235e-01     1.820e+00
9.500e+01     8.590e-04     1.870e+02 8.285e-01     1.891e+00
9.400e+01     1.024e-03     1.870e+02 8.335e-01     1.965e+00
9.300e+01     1.222e-03     1.871e+02 8.385e-01     2.042e+00
9.200e+01     1.457e-03     1.875e+02 8.434e-01     2.122e+00
9.100e+01     1.737e-03     1.884e+02 8.484e-01     2.205e+00
9.000e+01     2.069e-03     1.896e+02 7.643e-01     2.290e+00
8.900e+01     2.463e-03     1.912e+02 6.512e-01     2.379e+00
8.800e+01     2.931e-03     1.933e+02 5.553e-01     2.471e+00
8.700e+01     3.470e-03     1.955e+02 4.763e-01     2.564e+00
8.600e+01     4.107e-03     1.980e+02 4.080e-01     2.660e+00
8.500e+01     4.857e-03     2.006e+02 3.553e-01     2.759e+00
8.400e+01     5.719e-03     2.028e+02 3.162e-01     2.860e+00
8.300e+01     6.730e-03     2.045e+02 2.818e-01     2.963e+00
8.200e+01     7.917e-03     2.058e+02 2.511e-01     3.071e+00
8.100e+01     9.300e-03     2.065e+02 2.238e-01     3.181e+00
8.000e+01     1.092e-02     2.069e+02 2.048e-01     3.295e+00
7.900e+01     1.283e-02     2.070e+02 2.038e-01     3.431e+00
7.800e+01     1.507e-02     2.069e+02 2.028e-01     3.573e+00
7.700e+01     1.770e-02     2.069e+02 2.018e-01     3.721e+00
7.600e+01     2.078e-02     2.070e+02 2.009e-01     3.875e+00
7.500e+01     2.439e-02     2.074e+02 2.017e-01     4.034e+00
7.400e+01     2.863e-02     2.080e+02 2.194e-01     4.178e+00
7.300e+01     3.360e-02     2.088e+02 2.380e-01     4.312e+00
7.200e+01     3.940e-02     2.099e+02 2.589e-01     4.449e+00
7.100e+01     4.614e-02     2.112e+02 2.816e-01     4.589e+00
7.000e+01     5.395e-02     2.132e+02 3.065e-01     4.732e+00
6.900e+01     6.302e-02     2.155e+02 3.386e-01     4.864e+00
6.800e+01     7.354e-02     2.182e+02 3.767e-01     4.985e+00
6.700e+01     8.555e-02     2.211e+02 4.309e-01     5.108e+00
6.600e+01     9.941e-02     2.243e+02 5.011e-01     5.274e+00
6.500e+01     1.151e-01     2.276e+02 5.838e-01     5.442e+00
6.400e+01     1.332e-01     2.311e+02 6.834e-01     5.580e+00
6.300e+01     1.538e-01     2.347e+02 7.979e-01     5.703e+00
6.200e+01     1.771e-01     2.381e+02 9.378e-01     5.818e+00
6.100e+01     2.036e-01     2.418e+02 1.104e+00     5.902e+00
6.000e+01     2.335e-01     2.449e+02 1.270e+00     5.986e+00
5.900e+01     2.675e-01     2.484e+02 1.428e+00     6.079e+00
5.800e+01     3.058e-01     2.513e+02 1.585e+00     6.174e+00
5.700e+01     3.493e-01     2.544e+02 1.717e+00     6.217e+00
5.600e+01     3.979e-01     2.571e+02 1.835e+00     6.242e+00
5.500e+01     4.530e-01     2.598e+02 1.940e+00     6.266e+00
5.400e+01     5.150e-01     2.619e+02 2.021e+00     6.247e+00
5.300e+01     5.851e-01     2.639e+02 2.129e+00     6.217e+00
5.200e+01     6.643e-01     2.654e+02 2.296e+00     6.187e+00
5.100e+01     7.538e-01     2.667e+02 2.312e+00     6.139e+00
5.000e+01     8.548e-01     2.675e+02 2.533e+00     6.087e+00
4.900e+01     9.689e-01     2.680e+02 2.774e+00     6.035e+00
4.800e+01     1.098e+00     2.680e+02 3.047e+00     5.975e+00
4.700e+01     1.244e+00     2.678e+02 3.350e+00     5.913e+00
4.600e+01     1.411e+00     2.671e+02 3.686e+00     5.850e+00
4.500e+01     1.600e+00     2.663e+02 4.060e+00     5.759e+00
4.400e+01     1.817e+00     2.651e+02 4.480e+00     5.655e+00
4.300e+01     2.064e+00     2.636e+02 4.943e+00     5.553e+00
4.200e+01     2.347e+00     2.618e+02 5.438e+00     5.450e+00
4.100e+01     2.670e+00     2.599e+02 5.971e+00     5.347e+00
4.000e+01     3.039e+00     2.577e+02 6.560e+00     5.246e+00
3.900e+01     3.465e+00     2.554e+02 7.070e+00     5.143e+00
3.800e+01     3.958e+00     2.529e+02 7.558e+00     5.040e+00
3.700e+01     4.525e+00     2.504e+02 8.084e+00     4.938e+00
3.600e+01     5.176e+00     2.476e+02 8.485e+00     4.838e+00
3.500e+01     5.938e+00     2.448e+02 8.874e+00     4.738e+00
3.400e+01     6.818e+00     2.417e+02 9.283e+00     4.640e+00
3.300e+01     7.852e+00     2.387e+02 9.510e+00     4.544e+00
3.200e+01     9.050e+00     2.355e+02 9.744e+00     4.451e+00
3.100e+01     1.046e+01     2.325e+02 9.811e+00     4.353e+00
3.000e+01     1.210e+01     2.297e+02 9.493e+00     4.250e+00
2.900e+01     1.403e+01     2.272e+02 9.180e+00     4.147e+00
2.800e+01     1.629e+01     2.252e+02 8.356e+00     4.071e+00
2.700e+01     1.893e+01     2.232e+02 7.404e+00     4.006e+00
2.600e+01     2.205e+01     2.213e+02 6.434e+00     3.949e+00
2.500e+01     2.571e+01     2.193e+02 5.064e+00     3.935e+00
2.400e+01     3.003e+01     2.171e+02 3.975e+00     3.922e+00
2.300e+01     3.514e+01     2.148e+02 2.880e+00     3.869e+00
2.200e+01     4.116e+01     2.123e+02 2.005e+00     3.799e+00
2.100e+01     4.831e+01     2.098e+02 1.332e+00     3.707e+00
2.000e+01     5.689e+01     2.069e+02 7.715e-01     3.549e+00
1.900e+01     6.710e+01     2.036e+02 4.446e-01     3.397e+00
1.800e+01     7.935e+01     2.002e+02 2.080e-01     3.504e+00
1.700e+01     9.409e+01     1.979e+02 9.420e-02     3.644e+00
1.600e+01     1.116e+02     1.973e+02 5.929e-02     3.999e+00
1.500e+01     1.323e+02     2.006e+02 4.924e-02     6.323e+00
1.400e+01     1.562e+02     2.068e+02 4.500e-02     1.159e+01
1.300e+01     1.836e+02     2.144e+02 4.288e-02     2.300e+01
1.200e+01     2.145e+02     2.228e+02 4.174e-02     5.407e+01
1.100e+01     2.489e+02     2.308e+02 4.117e-02     2.377e+02
1.000e+01     2.879e+02     2.393e+02 4.099e-02     6.388e+02
9.000e+00     3.306e+02     2.464e+02 4.083e-02     1.023e+03
8.000e+00     3.792e+02     2.540e+02 4.057e-02     1.492e+03
7.000e+00     4.323e+02     2.602e+02 3.988e-02     2.200e+03
6.000e+00     4.922e+02     2.666e+02 3.867e-02     3.293e+03
5.000e+00     5.580e+02     2.721e+02 3.660e-02     4.874e+03
4.000e+00     6.320e+02     2.779e+02 3.407e-02     7.077e+03
3.000e+00     7.131e+02     2.829e+02 3.098e-02     1.004e+04
2.000e+00     8.043e+02     2.885e+02 2.708e-02     1.482e+04
1.000e+00     9.045e+02     2.944e+02 2.267e-02     2.060e+04
0.000e+00     1.017e+03     3.009e+02 1.850e-02     2.725e+04
