# model:  unkown 
#
# number of altitude
 50
# number of sampled gas :
 9 
# sampled gas :
h2o 
co2 
o3 
n2o 
co 
ch4 
o2 
no2 
so2 
# z (km)    P(z) (hpa)    T(z) (K)    air (cm-3) h2o(cm-3)    co2(cm-3)    o3(cm-3)    n2o(cm-3)    co(cm-3)    ch4(cm-3)    o2(cm-3)    no2(cm-3)    so2(cm-3) 
120     2.00000E-05     3.80000E+02     4.22500E+11     8.45000E+04     1.47875E+07     2.11250E+02     7.82047E+01     2.11250E+07     1.26750E+04     3.06312E+10     7.18250E+01     1.51255E-01     
115     4.00000E-05     2.99700E+02     8.70600E+11     2.08944E+05     3.48240E+07     4.35300E+03     1.84567E+02     3.61125E+07     5.22360E+04     8.18364E+10     1.48002E+02     3.11675E-01     
110     6.00000E-05     2.41600E+02     1.94100E+12     5.43480E+05     1.16460E+08     9.70500E+04     4.74186E+02     6.51788E+07     1.84395E+05     2.32920E+11     4.48371E+02     8.38512E+01     
105     1.30000E-04     2.12000E+02     4.44500E+12     1.51130E+06     4.88950E+08     8.89000E+05     1.26105E+03     1.09836E+08     4.88950E+05     6.22300E+11     1.02679E+03     1.92024E+02     
100     2.90000E-04     1.90700E+02     1.09800E+13     4.39200E+06     2.14110E+09     4.39200E+06     3.64865E+03     1.87209E+08     1.31760E+06     1.75680E+12     2.53638E+03     4.74336E+02     
95     6.90000E-04     1.84300E+02     2.70600E+13     1.46124E+07     7.30620E+09     1.35300E+07     1.06400E+04     2.82506E+08     3.51780E+06     4.87080E+12     6.25086E+03     1.16899E+03     
90     1.72000E-03     1.77000E+02     7.04300E+13     5.98655E+07     2.18333E+10     3.66236E+07     3.31584E+04     4.64134E+08     9.86020E+06     1.33817E+13     1.62693E+04     3.04258E+03     
85     4.40000E-03     1.77100E+02     1.80100E+14     2.34130E+08     5.76320E+10     9.00500E+07     1.02945E+05     6.93205E+08     2.70150E+07     3.60200E+13     4.16031E+04     7.78032E+03     
80     1.10000E-02     1.84800E+02     4.31400E+14     9.05940E+08     1.41499E+11     1.42362E+08     3.04396E+05     6.68239E+08     6.47100E+07     9.01626E+13     9.96534E+04     1.86365E+04     
75     2.60000E-02     2.01800E+02     9.33800E+14     3.08154E+09     3.08154E+11     1.68084E+08     8.30148E+05     5.31145E+08     1.40070E+08     1.95164E+14     2.15708E+05     4.03402E+04     
70     5.80000E-02     2.18900E+02     1.92000E+15     8.64000E+09     6.33600E+11     5.76000E+08     2.20608E+06     3.72096E+08     2.88000E+08     4.01280E+14     4.43520E+05     8.29440E+04     
65     1.21000E-01     2.36000E+02     3.71600E+15     2.00664E+10     1.22628E+12     2.41540E+09     5.60001E+06     3.41426E+08     5.57400E+08     7.76644E+14     8.58396E+05     1.60531E+05     
60     2.39000E-01     2.53100E+02     6.84400E+15     4.10640E+10     2.25852E+12     7.52840E+09     1.41329E+07     4.76342E+08     1.02660E+09     1.43040E+15     1.58096E+06     2.95661E+05     
55     4.56000E-01     2.63400E+02     1.25500E+16     7.53000E+10     4.14150E+12     2.25900E+10     3.76500E+07     7.51118E+08     2.07200E+09     2.62295E+15     2.89905E+06     5.42160E+05     
50     8.54000E-01     2.70200E+02     2.29100E+16     1.37460E+11     7.56030E+12     6.41480E+10     1.08868E+08     1.16658E+09     4.81110E+09     4.78819E+15     5.29221E+06     9.89712E+05     
48     1.16000E+00     2.69600E+02     3.11900E+16     1.84021E+11     1.02927E+13     1.07606E+11     2.92500E+08     1.39794E+09     8.64899E+09     6.51871E+15     7.20489E+06     1.34741E+06     
45     1.59000E+00     2.64800E+02     4.35200E+16     2.48064E+11     1.43616E+13     1.95840E+11     6.92403E+08     1.73514E+09     1.58021E+10     9.09568E+15     1.00531E+07     1.88006E+06     
42     2.20000E+00     2.59400E+02     6.14700E+16     3.38085E+11     2.02851E+13     3.62673E+11     1.69104E+09     2.15760E+09     2.83623E+10     1.28472E+16     1.41996E+07     2.65550E+06     
40     3.05000E+00     2.54000E+02     8.70300E+16     4.52556E+11     2.87199E+13     6.52725E+11     3.92766E+09     2.69619E+09     4.90675E+10     1.81893E+16     2.01039E+07     3.75970E+06     
38     4.26000E+00     2.48500E+02     1.24300E+17     6.09070E+11     4.10190E+13     1.09384E+12     8.31940E+09     3.40333E+09     8.22617E+10     2.59787E+16     5.50649E+07     4.42508E+06     
35     6.00000E+00     2.43100E+02     1.78900E+17     8.22940E+11     5.90370E+13     1.73533E+12     1.65930E+10     4.44924E+09     1.33459E+11     3.73901E+16     2.05735E+08     3.75690E+06     
32     8.52000E+00     2.37700E+02     2.59800E+17     1.11714E+12     8.57340E+13     2.55903E+12     3.02667E+10     5.88707E+09     2.15634E+11     5.42982E+16     1.04699E+09     3.53328E+06     
30     1.22000E+01     2.32300E+02     3.80700E+17     1.52280E+12     1.25631E+14     3.54051E+12     5.39071E+10     7.59496E+09     3.47808E+11     7.95663E+16     2.77150E+09     4.41612E+06     
28     1.76300E+01     2.27000E+02     5.62900E+17     2.02644E+12     1.85757E+14     4.39062E+12     8.93885E+10     9.69314E+09     5.55582E+11     1.17646E+17     3.46746E+09     7.54286E+06     
25     2.57000E+01     2.21400E+02     8.41300E+17     2.73422E+12     2.77629E+14     4.54302E+12     1.47732E+11     1.27962E+10     8.87572E+11     1.75832E+17     3.14646E+09     1.47227E+07     
24     3.00000E+01     2.19200E+02     9.92000E+17     3.17440E+12     3.27360E+14     4.26560E+12     1.86000E+11     1.38880E+10     1.10906E+12     2.07328E+17     3.03552E+09     1.88480E+07     
23     3.50000E+01     2.17000E+02     1.16900E+18     3.39010E+12     3.85770E+14     3.97460E+12     2.29942E+11     1.52788E+10     1.39228E+12     2.44321E+17     3.01602E+09     2.41983E+07     
22     4.09000E+01     2.14600E+02     1.38100E+18     3.86680E+12     4.55730E+14     3.31440E+12     2.83243E+11     1.70139E+10     1.75663E+12     2.88629E+17     2.98296E+09     3.14868E+07     
21     4.80000E+01     2.10700E+02     1.65100E+18     4.37515E+12     5.44830E+14     2.97180E+12     3.62229E+11     2.03403E+10     2.23710E+12     3.45059E+17     2.90576E+09     4.40817E+07     
20     5.65000E+01     2.06700E+02     1.98100E+18     5.15060E+12     6.53730E+14     2.77340E+12     4.68506E+11     2.63671E+10     2.82094E+12     4.14029E+17     2.75359E+09     6.31939E+07     
19     6.66000E+01     2.02700E+02     2.38100E+18     6.19060E+12     7.85730E+14     2.26195E+12     6.01679E+11     3.68817E+10     3.52388E+12     4.97629E+17     2.52386E+09     9.45257E+07     
18     7.89000E+01     1.98800E+02     2.87700E+18     7.91175E+12     9.49410E+14     1.43850E+12     7.68447E+11     5.65618E+10     4.37592E+12     6.01293E+17     2.21817E+09     1.37521E+08     
17     9.37000E+01     1.94800E+02     3.48600E+18     1.01094E+13     1.15038E+15     8.71500E+11     9.70154E+11     8.67665E+10     5.41376E+12     7.28574E+17     1.80923E+09     1.87198E+08     
16     1.11000E+02     1.97000E+02     4.08400E+18     1.22520E+13     1.34772E+15     5.89730E+11     1.17497E+12     1.25338E+11     6.46089E+12     8.53556E+17     1.30280E+09     2.34830E+08     
15     1.32000E+02     2.03700E+02     4.69700E+18     1.87880E+13     1.55001E+15     5.89943E+11     1.38280E+12     1.85109E+11     7.53868E+12     9.81673E+17     8.03187E+08     2.70078E+08     
14     1.56000E+02     2.10300E+02     5.37700E+18     3.34449E+13     1.77441E+15     5.64585E+11     1.61256E+12     2.70194E+11     8.74300E+12     1.12379E+18     4.02200E+08     3.03263E+08     
13     1.82000E+02     2.17000E+02     6.07900E+18     6.01821E+13     2.00607E+15     5.64678E+11     1.85288E+12     3.87475E+11     9.99996E+12     1.27051E+18     2.70516E+08     3.39816E+08     
12     2.13000E+02     2.23600E+02     6.90400E+18     2.00561E+14     2.27832E+15     5.39548E+11     2.13679E+12     5.39479E+11     1.14744E+13     1.44294E+18     2.17476E+08     3.86624E+08     
11     2.47000E+02     2.30100E+02     7.78000E+18     5.68407E+14     2.56740E+15     5.14491E+11     2.44292E+12     6.97399E+11     1.30315E+13     1.62602E+18     2.03836E+08     4.50462E+08     
10     2.86000E+02     2.37000E+02     8.74700E+18     1.67243E+15     2.88651E+15     4.89395E+11     2.78067E+12     8.71376E+11     1.47387E+13     1.82812E+18     2.08179E+08     5.31818E+08     
9     3.29000E+02     2.43600E+02     9.78900E+18     4.01153E+15     3.23037E+15     4.89450E+11     3.12759E+12     1.07092E+12     1.65728E+13     2.04590E+18     2.27105E+08     6.42158E+08     
8     3.78000E+02     2.50300E+02     1.09500E+19     8.36252E+15     3.61350E+15     4.89574E+11     3.50400E+12     1.29758E+12     1.85822E+13     2.28855E+18     2.51850E+08     7.89495E+08     
7     4.32000E+02     2.57000E+02     1.21800E+19     1.57000E+16     4.01940E+15     5.14361E+11     3.89760E+12     1.51885E+12     2.06938E+13     2.54562E+18     2.80140E+08     1.01094E+09     
6     4.92000E+02     2.63600E+02     1.35300E+19     2.84265E+16     4.46490E+15     5.39712E+11     4.32960E+12     1.74266E+12     2.30010E+13     2.82777E+18     3.11190E+08     1.31376E+09     
5     5.59000E+02     2.70300E+02     1.49900E+19     5.01565E+16     4.94670E+15     5.64673E+11     4.79680E+12     1.95320E+12     2.54830E+13     3.13291E+18     3.44770E+08     1.76882E+09     
4     6.33000E+02     2.77000E+02     1.65600E+19     7.35430E+16     5.46480E+15     5.89702E+11     5.29920E+12     2.17267E+12     2.81520E+13     3.46104E+18     3.80880E+08     2.41776E+09     
3     7.15000E+02     2.83700E+02     1.82700E+19     1.57122E+17     6.02910E+15     6.40181E+11     5.84640E+12     2.46462E+12     3.10590E+13     3.81843E+18     4.20210E+08     3.47130E+09     
2     8.05000E+02     2.87700E+02     2.02800E+19     3.11095E+17     6.69240E+15     6.77758E+11     6.48960E+12     2.83717E+12     3.44760E+13     4.23852E+18     4.66440E+08     4.78608E+09     
1     9.04000E+02     2.93700E+02     2.23100E+19     4.34822E+17     7.36230E+15     7.02765E+11     7.13920E+12     3.23495E+12     3.79270E+13     4.66279E+18     5.13130E+08     6.11294E+09     
0     1.01300E+03     2.99700E+02     2.45000E+19     6.35285E+17     8.08500E+15     7.02905E+11     7.84000E+12     3.67500E+12     4.16500E+13     5.12050E+18     5.63500E+08     7.35000E+09     
