# tropic atmospheric constituent profile.
# 
# number of sampled altitude :
121
# number of sampled gas :
0
# sampled gas :
N2
O2 
CO2 
O3 
H2O
CH4
N2O
HNO3
CO
NO2
N2O5
ClO
HOCl
ClONO2
NO
HNO4
HCN
NH3
F11
F12
F14
F22
CCl4
COF2
H2O2
C2H2
C2H6
OCS
SO2
SF6
#HGT [km] PRE [mb] TEM [K] N2 [ppmv] O2 [ppmv] CO2 [ppmv] O3 [ppmv] H2O [ppmv] CH4 [ppmv] N2O [ppmv] HNO3 [ppmv] CO [ppmv] NO2 [ppmv] N2O5 [ppmv] ClO [ppmv] HOCl [ppmv] ClONO2 [ppmv] NO [ppmv] HNO4 [ppmv] HCN [ppmv] NH3 [ppmv] F11 [ppmv] F12 [ppmv] F14 [ppmv] F22 [ppmv] CCl4 [ppmv] COF2 [ppmv] H2O2 [ppmv] C2H2 [ppmv] C2H6 [ppmv] OCS [ppmv] SO2 [ppmv] SF6 [ppmv]
1.200e+02     2.449e-05     3.707e+02     7.000e+05     1.030e+05     4.385e+01     4.152e-04     8.706e-01     7.307e-03     1.830e-04     4.139e-08     5.840e+01     9.000e-08     1.145e-11     4.913e-08     1.217e-14     1.000e-10     1.982e+02     2.839e-20     5.784e-05     1.914e-11     3.269e-15     5.253e-09     7.650e-05     9.883e-07     1.000e-08     1.613e-13     7.381e-06     0.000e+00     0.000e+00     1.091e-08     2.000e-04     1.650e-06
1.190e+02     2.660e-05     3.563e+02     7.080e+05     1.110e+05     4.737e+01     6.326e-04     8.864e-01     7.527e-03     1.875e-04     4.367e-08     5.838e+01     9.000e-08     1.263e-11     5.247e-08     1.430e-14     1.000e-10     1.519e+02     3.553e-20     5.792e-05     1.914e-11     3.721e-15     5.607e-09     7.650e-05     1.029e-06     1.000e-08     1.897e-13     7.492e-06     0.000e+00     0.000e+00     1.091e-08     2.000e-04     1.650e-06
1.180e+02     2.909e-05     3.414e+02     7.140e+05     1.190e+05     5.089e+01     9.940e-04     9.039e-01     7.773e-03     1.924e-04     4.627e-08     5.836e+01     9.000e-08     1.405e-11     5.634e-08     1.704e-14     1.000e-10     1.203e+02     4.529e-20     5.800e-05     1.914e-11     4.282e-15     6.018e-09     7.650e-05     1.071e-06     1.000e-08     2.262e-13     7.615e-06     0.000e+00     0.000e+00     1.091e-08     2.000e-04     1.650e-06
1.170e+02     3.181e-05     3.252e+02     7.200e+05     1.260e+05     5.442e+01     1.557e-03     9.217e-01     8.027e-03     1.978e-04     4.902e-08     5.834e+01     9.000e-08     1.562e-11     6.049e-08     2.028e-14     1.000e-10     9.027e+01     5.773e-20     5.808e-05     1.914e-11     4.927e-15     6.457e-09     7.650e-05     1.112e-06     1.000e-08     2.696e-13     7.740e-06     0.000e+00     0.000e+00     1.091e-08     2.000e-04     1.650e-06
1.160e+02     3.504e-05     3.099e+02     7.240e+05     1.320e+05     5.798e+01     2.531e-03     9.413e-01     8.312e-03     2.036e-04     5.219e-08     5.831e+01     9.000e-08     1.752e-11     6.532e-08     2.450e-14     1.000e-10     6.744e+01     7.505e-20     5.817e-05     1.914e-11     5.734e-15     6.970e-09     7.650e-05     1.153e-06     1.000e-08     3.261e-13     7.878e-06     0.000e+00     0.000e+00     1.091e-08     2.000e-04     1.650e-06
1.150e+02     3.872e-05     2.940e+02     7.270e+05     1.370e+05     6.159e+01     4.188e-03     9.620e-01     8.616e-03     2.097e-04     5.567e-08     5.827e+01     9.000e-08     1.972e-11     7.071e-08     2.978e-14     1.000e-10     5.067e+01     9.842e-20     5.825e-05     1.914e-11     6.706e-15     7.541e-09     7.650e-05     1.194e-06     1.000e-08     3.968e-13     8.022e-06     0.000e+00     0.000e+00     1.091e-08     2.000e-04     1.650e-06
1.140e+02     4.296e-05     2.773e+02     7.290e+05     1.410e+05     6.525e+01     6.582e-03     9.841e-01     8.944e-03     2.156e-04     5.954e-08     5.824e+01     9.000e-08     2.231e-11     7.680e-08     3.647e-14     1.000e-10     3.803e+01     1.305e-19     5.833e-05     1.914e-11     7.893e-15     8.186e-09     7.650e-05     1.235e-06     1.000e-08     4.867e-13     8.176e-06     0.000e+00     0.000e+00     1.091e-08     2.000e-04     1.650e-06
1.130e+02     4.839e-05     2.629e+02     7.310e+05     1.450e+05     6.894e+01     1.066e-02     1.010e+00     9.335e-03     2.218e-04     6.431e-08     5.819e+01     9.000e-08     2.570e-11     8.442e-08     4.602e-14     1.000e-10     2.804e+01     1.802e-19     5.841e-05     1.914e-11     9.514e-15     8.992e-09     7.650e-05     1.276e-06     1.000e-08     6.149e-13     8.355e-06     0.000e+00     0.000e+00     1.091e-08     2.000e-04     1.650e-06
1.120e+02     5.457e-05     2.472e+02     7.370e+05     1.490e+05     7.268e+01     1.732e-02     1.037e+00     9.748e-03     2.288e-04     6.951e-08     5.813e+01     9.000e-08     2.964e-11     9.289e-08     5.819e-14     1.000e-10     2.085e+01     2.497e-19     5.850e-05     1.914e-11     1.149e-14     9.887e-09     7.650e-05     1.317e-06     1.000e-08     7.788e-13     8.539e-06     0.000e+00     0.000e+00     1.091e-08     2.000e-04     1.650e-06
1.110e+02     6.225e-05     2.355e+02     7.420e+05     1.530e+05     7.654e+01     2.944e-02     1.067e+00     1.022e-02     2.361e-04     7.569e-08     5.806e+01     9.000e-08     3.466e-11     1.031e-07     7.525e-14     1.000e-10     1.532e+01     3.570e-19     5.858e-05     1.914e-11     1.412e-14     1.097e-08     7.650e-05     1.359e-06     1.000e-08     1.009e-12     8.746e-06     0.000e+00     0.000e+00     1.091e-08     2.000e-04     1.650e-06
1.100e+02     7.122e-05     2.234e+02     7.450e+05     1.580e+05     8.051e+01     5.030e-02     1.099e+00     1.073e-02     2.442e-04     8.258e-08     5.798e+01     9.000e-08     4.066e-11     1.148e-07     9.788e-14     1.000e-10     1.133e+01     5.145e-19     5.866e-05     1.914e-11     1.744e-14     1.220e-08     7.650e-05     1.400e-06     1.000e-08     1.314e-12     8.963e-06     0.000e+00     1.444e-20     1.091e-08     2.000e-04     1.650e-06
1.090e+02     8.251e-05     2.150e+02     7.470e+05     1.630e+05     8.465e+01     6.696e-02     1.135e+00     1.131e-02     2.524e-04     9.083e-08     5.788e+01     9.000e-08     4.842e-11     1.290e-07     1.305e-13     1.000e-10     8.259e+00     7.670e-19     5.874e-05     1.914e-11     2.197e-14     1.370e-08     7.650e-05     1.441e-06     1.000e-08     1.755e-12     9.207e-06     0.000e+00     2.194e-20     1.091e-08     2.000e-04     1.650e-06
1.080e+02     9.601e-05     2.079e+02     7.490e+05     1.670e+05     8.886e+01     8.983e-02     1.173e+00     1.194e-02     2.599e-04     1.002e-07     5.775e+01     9.000e-08     5.796e-11     1.455e-07     1.754e-13     1.000e-10     6.053e+00     1.157e-18     5.883e-05     1.914e-11     2.787e-14     1.544e-08     7.650e-05     1.483e-06     1.000e-08     2.364e-12     9.464e-06     0.000e+00     3.376e-20     1.091e-08     2.000e-04     1.650e-06
1.070e+02     1.122e-04     2.022e+02     7.510e+05     1.710e+05     9.319e+01     1.216e-01     1.213e+00     1.263e-02     2.686e-04     1.108e-07     5.761e+01     9.000e-08     6.974e-11     1.647e-07     2.378e-13     1.000e-10     4.438e+00     1.766e-18     5.891e-05     1.914e-11     3.559e-14     1.746e-08     7.650e-05     1.524e-06     1.000e-08     3.211e-12     9.737e-06     0.000e+00     5.259e-20     1.091e-08     2.000e-04     1.650e-06
1.060e+02     1.312e-04     1.983e+02     7.540e+05     1.750e+05     9.947e+01     1.645e-01     1.255e+00     1.336e-02     2.776e-04     1.226e-07     5.743e+01     9.000e-08     8.397e-11     1.865e-07     3.227e-13     1.000e-10     3.294e+00     2.701e-18     5.899e-05     1.914e-11     4.549e-14     1.976e-08     7.650e-05     1.565e-06     1.000e-08     4.367e-12     1.002e-05     0.000e+00     8.205e-20     1.091e-08     2.000e-04     1.650e-06
1.050e+02     1.539e-04     1.947e+02     7.570e+05     1.780e+05     1.078e+02     2.219e-01     1.300e+00     1.415e-02     2.873e-04     1.360e-07     5.723e+01     9.000e-08     1.015e-10     2.118e-07     4.407e-13     1.000e-10     2.450e+00     4.164e-18     5.908e-05     1.914e-11     5.843e-14     2.241e-08     7.650e-05     1.606e-06     1.000e-08     5.975e-12     1.031e-05     0.000e+00     1.292e-19     1.091e-08     2.000e-04     1.650e-06
1.040e+02     1.818e-04     1.922e+02     7.600e+05     1.820e+05     1.154e+02     2.970e-01     1.348e+00     1.503e-02     2.968e-04     1.514e-07     5.697e+01     9.000e-08     1.237e-10     2.417e-07     6.101e-13     1.000e-10     1.814e+00     6.545e-18     5.916e-05     1.914e-11     7.588e-14     2.556e-08     7.650e-05     1.647e-06     1.000e-08     8.290e-12     1.063e-05     0.000e+00     2.075e-19     1.091e-08     2.000e-04     1.650e-06
1.030e+02     2.148e-04     1.904e+02     7.610e+05     1.840e+05     1.238e+02     3.979e-01     1.398e+00     1.596e-02     3.068e-04     1.687e-07     5.667e+01     9.000e-08     1.507e-10     2.760e-07     8.451e-13     1.000e-10     1.355e+00     1.029e-17     5.925e-05     1.914e-11     9.858e-14     2.916e-08     7.650e-05     1.688e-06     1.000e-08     1.151e-11     1.096e-05     0.000e+00     3.334e-19     1.091e-08     2.000e-04     1.650e-06
1.020e+02     2.538e-04     1.891e+02     7.630e+05     1.870e+05     1.331e+02     5.333e-01     1.450e+00     1.694e-02     3.174e-04     1.879e-07     5.632e+01     9.000e-08     1.838e-10     3.151e-07     1.171e-12     1.000e-10     1.016e+00     1.619e-17     5.933e-05     1.914e-11     1.281e-13     3.326e-08     7.650e-05     1.730e-06     1.000e-08     1.597e-11     1.130e-05     0.000e+00     5.359e-19     1.091e-08     2.000e-04     1.650e-06
1.010e+02     2.998e-04     1.883e+02     7.650e+05     1.890e+05     1.443e+02     7.138e-01     1.503e+00     1.799e-02     3.279e-04     2.093e-07     5.590e+01     9.000e-08     2.239e-10     3.598e-07     1.620e-12     1.000e-10     7.681e-01     2.544e-17     5.941e-05     1.914e-11     1.663e-13     3.794e-08     7.650e-05     1.770e-06     1.000e-08     2.215e-11     1.164e-05     0.000e+00     8.606e-19     1.091e-08     2.000e-04     1.650e-06
1.000e+02     3.576e-04     1.877e+02     7.670e+05     1.910e+05     1.563e+02     8.032e-01     1.562e+00     1.917e-02     3.396e-04     2.346e-07     5.538e+01     9.000e-08     2.761e-10     4.139e-07     2.286e-12     1.000e-10     5.746e-01     4.105e-17     5.950e-05     1.914e-11     2.193e-13     4.360e-08     7.650e-05     1.812e-06     1.000e-08     3.133e-11     1.202e-05     0.000e+00     1.421e-18     1.091e-08     2.000e-04     1.650e-06
9.900e+01     4.266e-04     1.873e+02     7.710e+05     1.940e+05     1.690e+02     8.083e-01     1.623e+00     2.043e-02     3.512e-04     2.629e-07     5.475e+01     9.000e-08     3.404e-10     4.762e-07     3.227e-12     1.000e-10     4.313e-01     6.626e-17     5.958e-05     1.914e-11     2.892e-13     5.012e-08     7.650e-05     1.853e-06     1.000e-08     4.431e-11     1.242e-05     0.000e+00     2.347e-18     1.091e-08     2.000e-04     1.650e-06
9.800e+01     5.075e-04     1.871e+02     7.690e+05     1.950e+05     1.821e+02     8.133e-01     1.686e+00     2.174e-02     3.636e-04     2.942e-07     5.402e+01     9.000e-08     4.183e-10     5.466e-07     4.529e-12     1.000e-10     3.262e-01     1.061e-16     5.967e-05     1.914e-11     3.798e-13     5.748e-08     7.650e-05     1.894e-06     1.000e-08     6.234e-11     1.281e-05     0.000e+00     3.845e-18     1.091e-08     2.000e-04     1.650e-06
9.700e+01     6.044e-04     1.870e+02     7.710e+05     1.980e+05     1.955e+02     8.184e-01     1.751e+00     2.315e-02     3.761e-04     3.294e-07     5.313e+01     9.000e-08     5.147e-10     6.281e-07     6.371e-12     1.000e-10     2.472e-01     1.705e-16     5.975e-05     1.914e-11     4.996e-13     6.598e-08     7.650e-05     1.935e-06     1.000e-08     8.788e-11     1.323e-05     0.000e+00     6.320e-18     1.091e-08     2.000e-04     1.650e-06
9.600e+01     7.204e-04     1.869e+02     7.750e+05     2.010e+05     2.091e+02     8.235e-01     1.820e+00     2.466e-02     3.889e-04     3.690e-07     5.208e+01     9.000e-08     6.340e-10     7.221e-07     8.977e-12     1.000e-10     1.875e-01     2.747e-16     5.984e-05     1.914e-11     6.580e-13     7.579e-08     7.650e-05     1.977e-06     1.000e-08     1.241e-10     1.366e-05     0.000e+00     1.041e-17     1.091e-08     2.000e-04     1.650e-06
9.500e+01     8.590e-04     1.870e+02     7.780e+05     2.030e+05     2.223e+02     8.285e-01     1.891e+00     2.627e-02     4.033e-04     4.135e-07     5.082e+01     9.000e-08     7.812e-10     8.305e-07     1.266e-11     1.000e-10     1.422e-01     4.428e-16     5.992e-05     1.914e-11     8.672e-13     8.708e-08     7.650e-05     2.018e-06     1.000e-08     1.753e-10     1.410e-05     0.000e+00     1.718e-17     1.091e-08     2.000e-04     1.650e-06
9.400e+01     1.024e-03     1.870e+02     7.790e+05     2.060e+05     2.353e+02     8.335e-01     1.965e+00     2.799e-02     4.184e-04     4.633e-07     4.932e+01     9.000e-08     9.624e-10     9.550e-07     1.784e-11     1.000e-10     1.081e-01     7.133e-16     6.001e-05     1.914e-11     1.142e-12     1.000e-07     7.650e-05     2.059e-06     1.000e-08     2.477e-10     1.456e-05     0.000e+00     2.831e-17     1.091e-08     2.000e-04     1.650e-06
9.300e+01     1.222e-03     1.871e+02     7.800e+05     2.070e+05     2.481e+02     8.385e-01     2.042e+00     2.983e-02     4.334e-04     5.195e-07     4.752e+01     9.000e-08     1.187e-09     1.099e-06     2.519e-11     1.000e-10     8.202e-02     1.152e-15     6.010e-05     1.914e-11     1.507e-12     1.150e-07     7.650e-05     2.100e-06     1.000e-08     3.505e-10     1.504e-05     0.000e+00     4.680e-17     1.091e-08     2.000e-04     1.650e-06
9.200e+01     1.457e-03     1.875e+02     7.820e+05     2.090e+05     2.602e+02     8.434e-01     2.122e+00     3.177e-02     4.489e-04     5.821e-07     4.539e+01     9.000e-08     1.463e-09     1.264e-06     3.552e-11     1.000e-10     6.207e-02     1.858e-15     6.018e-05     1.914e-11     1.986e-12     1.321e-07     7.650e-05     2.141e-06     1.000e-08     4.953e-10     1.553e-05     0.000e+00     7.718e-17     1.091e-08     2.000e-04     1.650e-06
9.100e+01     1.737e-03     1.884e+02     7.820e+05     2.100e+05     2.714e+02     8.484e-01     2.205e+00     3.385e-02     4.654e-04     6.522e-07     4.293e+01     9.000e-08     1.802e-09     1.453e-06     5.006e-11     1.000e-10     4.660e-02     2.993e-15     6.030e-05     1.914e-11     2.617e-12     1.518e-07     7.650e-05     2.182e-06     1.000e-08     6.997e-10     1.603e-05     0.000e+00     1.272e-16     1.091e-08     2.000e-04     1.650e-06
9.000e+01     2.069e-03     1.896e+02     7.830e+05     2.110e+05     2.817e+02     7.643e-01     2.290e+00     3.605e-02     4.827e-04     7.303e-07     4.163e+01     9.000e-08     2.218e-09     1.670e-06     7.044e-11     1.000e-10     3.463e-02     4.811e-15     6.046e-05     1.914e-11     3.443e-12     1.743e-07     7.650e-05     2.224e-06     1.000e-08     9.867e-10     1.655e-05     0.000e+00     2.092e-16     1.091e-08     2.000e-04     1.650e-06
8.900e+01     2.463e-03     1.912e+02     7.840e+05     2.120e+05     2.910e+02     6.512e-01     2.379e+00     3.838e-02     5.018e-04     8.175e-07     4.009e+01     9.000e-08     2.728e-09     1.918e-06     9.900e-11     1.000e-10     2.535e-02     7.722e-15     6.072e-05     1.914e-11     4.526e-12     2.000e-07     7.650e-05     2.273e-06     1.000e-08     1.390e-09     1.708e-05     0.000e+00     3.435e-16     1.091e-08     2.000e-04     1.650e-06
8.800e+01     2.931e-03     1.933e+02     7.860e+05     2.130e+05     2.996e+02     5.553e-01     2.471e+00     4.086e-02     5.215e-04     9.149e-07     3.826e+01     9.000e-08     3.353e-09     2.203e-06     1.391e-10     1.000e-10     1.817e-02     1.238e-14     6.102e-05     1.914e-11     5.947e-12     2.294e-07     7.650e-05     2.322e-06     1.000e-08     1.956e-09     1.763e-05     0.000e+00     5.634e-16     1.091e-08     2.000e-04     1.650e-06
8.700e+01     3.470e-03     1.955e+02     7.860e+05     2.130e+05     3.074e+02     4.763e-01     2.564e+00     4.342e-02     5.411e-04     1.020e-06     3.614e+01     9.000e-08     4.097e-09     2.519e-06     1.933e-10     1.000e-10     1.314e-02     1.958e-14     6.137e-05     1.914e-11     7.750e-12     2.621e-07     7.650e-05     2.372e-06     1.000e-08     2.726e-09     1.818e-05     0.000e+00     9.105e-16     1.091e-08     2.000e-04     1.650e-06
8.600e+01     4.107e-03     1.980e+02     7.860e+05     2.130e+05     3.141e+02     4.080e-01     2.660e+00     4.613e-02     5.616e-04     1.138e-06     3.365e+01     9.000e-08     5.005e-09     2.880e-06     2.687e-10     1.000e-10     9.663e-03     3.093e-14     6.170e-05     1.914e-11     1.010e-11     2.994e-07     7.650e-05     2.421e-06     1.000e-08     3.796e-09     1.875e-05     0.000e+00     1.470e-15     1.091e-08     2.000e-04     1.650e-06
8.500e+01     4.857e-03     2.006e+02     7.870e+05     2.130e+05     3.200e+02     3.553e-01     2.759e+00     4.900e-02     5.839e-04     1.269e-06     3.177e+01     9.069e-08     6.107e-09     3.291e-06     3.728e-10     1.000e-10     7.306e-03     4.876e-14     6.205e-05     1.914e-11     1.313e-11     3.418e-07     7.650e-05     2.471e-06     1.000e-08     5.279e-09     1.933e-05     0.000e+00     2.369e-15     1.091e-08     2.000e-04     1.650e-06
8.400e+01     5.719e-03     2.028e+02     7.850e+05     2.130e+05     3.252e+02     3.162e-01     2.860e+00     5.197e-02     6.077e-04     1.410e-06     3.040e+01     9.200e-08     7.414e-09     3.747e-06     5.129e-10     1.000e-10     5.769e-03     7.597e-14     6.238e-05     1.914e-11     1.697e-11     3.889e-07     7.650e-05     2.537e-06     1.000e-08     7.277e-09     1.991e-05     0.000e+00     3.771e-15     1.091e-08     2.000e-04     1.650e-06
8.300e+01     6.730e-03     2.045e+02     7.860e+05     2.130e+05     3.295e+02     2.818e-01     2.963e+00     5.510e-02     6.327e-04     1.567e-06     2.879e+01     9.353e-08     8.994e-09     4.265e-06     7.049e-10     1.000e-10     4.762e-03     1.182e-13     6.272e-05     1.914e-11     2.191e-11     4.422e-07     7.650e-05     2.602e-06     1.000e-08     1.002e-08     2.051e-05     0.000e+00     5.990e-15     1.091e-08     2.000e-04     1.650e-06
8.200e+01     7.917e-03     2.058e+02     7.870e+05     2.130e+05     3.332e+02     2.511e-01     3.071e+00     5.841e-02     6.583e-04     1.740e-06     2.690e+01     9.533e-08     1.091e-08     4.853e-06     9.680e-10     1.000e-10     4.077e-03     1.836e-13     6.307e-05     1.914e-11     2.827e-11     5.027e-07     7.650e-05     2.668e-06     1.000e-08     1.379e-08     2.113e-05     0.000e+00     9.508e-15     1.091e-08     2.000e-04     1.650e-06
8.100e+01     9.300e-03     2.065e+02     7.880e+05     2.120e+05     3.364e+02     2.238e-01     3.181e+00     6.190e-02     6.846e-04     1.931e-06     2.470e+01     9.742e-08     1.320e-08     5.515e-06     1.326e-09     1.000e-10     3.587e-03     2.843e-13     6.343e-05     1.914e-11     3.639e-11     5.708e-07     7.650e-05     2.734e-06     1.000e-08     1.892e-08     2.176e-05     0.000e+00     1.503e-14     1.091e-08     2.000e-04     1.650e-06
8.000e+01     1.092e-02     2.069e+02     7.880e+05     2.120e+05     3.394e+02     2.048e-01     3.295e+00     6.558e-02     7.136e-04     2.143e-06     2.213e+01     9.988e-08     1.598e-08     6.266e-06     1.814e-09     1.000e-10     3.259e-03     4.395e-13     6.382e-05     1.914e-11     4.681e-11     6.479e-07     7.650e-05     2.800e-06     1.000e-08     2.594e-08     2.240e-05     0.000e+00     2.373e-14     1.091e-08     2.000e-04     1.650e-06
7.900e+01     1.283e-02     2.070e+02     7.870e+05     2.120e+05     3.421e+02     2.038e-01     3.431e+00     6.949e-02     7.462e-04     2.378e-06     2.090e+01     1.110e-07     1.935e-08     7.123e-06     2.485e-09     1.000e-10     3.069e-03     6.807e-13     6.428e-05     1.914e-11     6.028e-11     7.358e-07     7.650e-05     2.882e-06     1.000e-08     3.561e-08     2.307e-05     0.000e+00     3.753e-14     1.091e-08     2.000e-04     1.650e-06
7.800e+01     1.507e-02     2.069e+02     7.870e+05     2.120e+05     3.447e+02     2.028e-01     3.573e+00     7.364e-02     7.810e-04     2.639e-06     1.956e+01     1.244e-07     2.342e-08     8.094e-06     3.402e-09     1.000e-10     3.000e-03     1.054e-12     6.476e-05     1.914e-11     7.759e-11     8.355e-07     7.650e-05     2.964e-06     1.000e-08     4.886e-08     2.376e-05     0.000e+00     5.931e-14     1.091e-08     2.000e-04     1.650e-06
7.700e+01     1.770e-02     2.069e+02     7.880e+05     2.120e+05     3.471e+02     2.018e-01     3.721e+00     7.802e-02     8.174e-04     2.928e-06     1.798e+01     1.402e-07     2.834e-08     9.198e-06     4.658e-09     1.000e-10     2.985e-03     1.630e-12     6.527e-05     1.914e-11     9.986e-11     9.486e-07     7.650e-05     3.047e-06     1.000e-08     6.702e-08     2.446e-05     0.000e+00     9.371e-14     1.091e-08     2.000e-04     1.650e-06
7.600e+01     2.078e-02     2.070e+02     7.880e+05     2.120e+05     3.495e+02     2.009e-01     3.875e+00     8.266e-02     8.545e-04     3.249e-06     1.613e+01     1.587e-07     3.429e-08     1.045e-05     6.371e-09     1.000e-10     2.929e-03     2.520e-12     6.587e-05     1.914e-11     1.284e-10     1.077e-06     7.650e-05     3.129e-06     1.000e-08     9.186e-08     2.519e-05     0.000e+00     1.479e-13     1.091e-08     2.000e-04     1.650e-06
7.500e+01     2.439e-02     2.074e+02     7.880e+05     2.120e+05     3.519e+02     2.017e-01     4.034e+00     8.756e-02     8.938e-04     3.603e-06     1.397e+01     1.803e-07     4.147e-08     1.187e-05     8.711e-09     1.000e-10     2.834e-03     3.892e-12     6.657e-05     1.914e-11     1.651e-10     1.222e-06     7.650e-05     3.212e-06     1.000e-08     1.258e-07     2.593e-05     0.000e+00     2.332e-13     1.091e-08     2.000e-04     1.650e-06
7.400e+01     2.863e-02     2.080e+02     7.880e+05     2.120e+05     3.541e+02     2.194e-01     4.178e+00     9.276e-02     9.427e-04     3.997e-06     1.247e+01     2.073e-07     5.016e-08     1.348e-05     1.191e-08     1.000e-10     2.703e-03     6.012e-12     6.755e-05     1.914e-11     2.123e-10     1.387e-06     7.650e-05     3.310e-06     1.000e-08     1.724e-07     2.670e-05     0.000e+00     3.679e-13     1.091e-08     2.000e-04     1.650e-06
7.300e+01     3.360e-02     2.088e+02     7.890e+05     2.120e+05     3.564e+02     2.380e-01     4.312e+00     9.826e-02     9.934e-04     4.433e-06     1.148e+01     2.399e-07     6.066e-08     1.531e-05     1.628e-08     1.000e-10     2.537e-03     9.283e-12     6.863e-05     1.914e-11     2.730e-10     1.573e-06     7.650e-05     3.410e-06     1.000e-08     2.362e-07     2.749e-05     0.000e+00     5.800e-13     1.091e-08     2.000e-04     1.650e-06
7.200e+01     3.940e-02     2.099e+02     7.920e+05     2.120e+05     3.586e+02     2.589e-01     4.449e+00     1.041e-01     1.049e-03     4.915e-06     1.032e+01     2.779e-07     7.328e-08     1.737e-05     2.222e-08     1.000e-10     2.359e-03     1.430e-11     6.982e-05     1.914e-11     3.504e-10     1.784e-06     7.650e-05     3.508e-06     1.000e-08     3.230e-07     2.830e-05     0.000e+00     9.123e-13     1.091e-08     2.000e-04     1.650e-06
7.100e+01     4.614e-02     2.112e+02     7.920e+05     2.120e+05     3.604e+02     2.816e-01     4.589e+00     1.101e-01     1.102e-03     5.443e-06     8.972e+00     3.222e-07     8.838e-08     1.970e-05     3.025e-08     1.000e-10     2.193e-03     2.195e-11     7.109e-05     1.914e-11     4.489e-10     2.021e-06     7.650e-05     3.607e-06     1.000e-08     4.405e-07     2.912e-05     0.000e+00     1.429e-12     1.091e-08     2.000e-04     1.650e-06
7.000e+01     5.395e-02     2.132e+02     7.890e+05     2.120e+05     3.617e+02     3.065e-01     4.732e+00     1.165e-01     1.163e-03     6.023e-06     7.410e+00     3.734e-07     1.064e-07     2.231e-05     4.105e-08     1.000e-10     2.039e-03     3.356e-11     7.245e-05     1.914e-11     5.737e-10     2.286e-06     7.650e-05     3.706e-06     1.000e-08     5.990e-07     2.996e-05     0.000e+00     2.230e-12     1.091e-08     2.000e-04     1.650e-06
6.900e+01     6.302e-02     2.155e+02     7.880e+05     2.120e+05     3.625e+02     3.386e-01     4.864e+00     1.232e-01     1.229e-03     6.660e-06     6.208e+00     4.933e-07     1.280e-07     2.524e-05     5.560e-08     1.000e-10     1.895e-03     5.117e-11     7.399e-05     1.914e-11     7.321e-10     2.585e-06     7.650e-05     3.805e-06     1.000e-08     8.129e-07     3.082e-05     0.000e+00     3.469e-12     1.091e-08     2.000e-04     1.650e-06
6.800e+01     7.354e-02     2.182e+02     7.890e+05     2.120e+05     3.630e+02     3.767e-01     4.985e+00     1.302e-01     1.302e-03     7.359e-06     5.387e+00     6.888e-07     1.537e-07     2.853e-05     7.517e-08     1.000e-10     1.761e-03     7.779e-11     7.565e-05     1.914e-11     9.327e-10     2.920e-06     7.650e-05     3.903e-06     1.000e-08     1.101e-06     3.170e-05     0.000e+00     5.382e-12     1.091e-08     2.000e-04     1.650e-06
6.700e+01     8.555e-02     2.211e+02     7.900e+05     2.120e+05     3.630e+02     4.309e-01     5.108e+00     1.375e-01     1.378e-03     8.116e-06     4.475e+00     9.180e-07     1.839e-07     3.218e-05     1.010e-07     1.000e-10     1.638e-03     1.173e-10     7.735e-05     1.914e-11     1.183e-09     3.290e-06     7.650e-05     4.019e-06     1.000e-08     1.482e-06     3.259e-05     0.000e+00     8.274e-12     1.091e-08     2.000e-04     1.650e-06
6.600e+01     9.941e-02     2.243e+02     7.890e+05     2.120e+05     3.630e+02     5.011e-01     5.274e+00     1.452e-01     1.459e-03     8.944e-06     3.945e+00     1.302e-06     2.198e-07     3.626e-05     1.354e-07     1.000e-10     1.523e-03     1.763e-10     7.904e-05     1.914e-11     1.497e-09     3.704e-06     7.650e-05     4.150e-06     1.000e-08     1.991e-06     3.349e-05     0.000e+00     1.268e-11     1.091e-08     2.000e-04     1.651e-06
6.500e+01     1.151e-01     2.276e+02     7.880e+05     2.120e+05     3.630e+02     5.838e-01     5.442e+00     1.530e-01     1.545e-03     9.833e-06     3.346e+00     1.737e-06     2.616e-07     4.073e-05     1.803e-07     1.000e-10     1.418e-03     2.624e-10     8.075e-05     1.914e-11     1.883e-09     4.158e-06     7.650e-05     4.282e-06     1.000e-08     2.656e-06     3.439e-05     0.000e+00     1.924e-11     1.091e-08     2.000e-04     1.651e-06
6.400e+01     1.332e-01     2.311e+02     7.880e+05     2.120e+05     3.630e+02     6.834e-01     5.580e+00     1.613e-01     1.648e-03     1.081e-05     2.895e+00     2.403e-06     3.111e-07     4.575e-05     2.398e-07     1.000e-10     1.319e-03     3.900e-10     8.249e-05     1.914e-11     2.368e-09     4.666e-06     7.650e-05     4.414e-06     1.000e-08     3.538e-06     3.532e-05     0.000e+00     2.915e-11     1.091e-08     2.000e-04     1.651e-06
6.300e+01     1.538e-01     2.347e+02     7.890e+05     2.120e+05     3.630e+02     7.979e-01     5.703e+00     1.698e-01     1.760e-03     1.186e-05     2.514e+00     3.253e-06     3.690e-07     5.129e-05     3.175e-07     1.000e-10     1.227e-03     5.762e-10     8.439e-05     1.914e-11     2.968e-09     5.227e-06     7.650e-05     4.546e-06     1.000e-08     4.694e-06     3.626e-05     0.000e+00     4.387e-11     1.091e-08     2.000e-04     1.651e-06
6.200e+01     1.771e-01     2.381e+02     7.890e+05     2.110e+05     3.630e+02     9.378e-01     5.818e+00     1.787e-01     1.877e-03     1.300e-05     2.129e+00     4.387e-06     4.363e-07     5.737e-05     4.182e-07     1.000e-10     1.142e-03     8.450e-10     8.664e-05     1.914e-11     3.703e-09     5.842e-06     7.650e-05     4.694e-06     1.000e-08     6.194e-06     3.720e-05     0.000e+00     6.553e-11     1.091e-08     2.000e-04     1.651e-06
6.100e+01     2.036e-01     2.418e+02     7.890e+05     2.110e+05     3.630e+02     1.104e+00     5.902e+00     1.879e-01     1.998e-03     1.422e-05     1.868e+00     6.362e-06     5.148e-07     6.410e-05     5.491e-07     1.000e-10     1.064e-03     1.234e-09     8.898e-05     1.914e-11     4.608e-09     6.522e-06     7.650e-05     4.859e-06     1.000e-08     8.146e-06     3.816e-05     0.000e+00     9.742e-11     1.091e-08     2.000e-04     1.651e-06
6.000e+01     2.335e-01     2.449e+02     7.880e+05     2.120e+05     3.630e+02     1.270e+00     5.986e+00     1.974e-01     2.141e-03     1.554e-05     1.574e+00     8.590e-06     6.057e-07     7.147e-05     7.175e-07     1.000e-10     1.119e-03     1.789e-09     9.135e-05     1.914e-11     5.713e-09     7.267e-06     7.650e-05     5.024e-06     1.000e-08     1.066e-05     3.912e-05     0.000e+00     1.438e-10     1.091e-08     2.000e-04     1.651e-06
5.900e+01     2.675e-01     2.484e+02     7.880e+05     2.120e+05     3.630e+02     1.428e+00     6.079e+00     2.072e-01     2.314e-03     1.697e-05     1.384e+00     1.210e-05     7.118e-07     7.963e-05     9.356e-07     1.000e-10     1.237e-03     2.588e-09     9.339e-05     1.914e-11     7.072e-09     8.090e-06     7.650e-05     5.221e-06     1.000e-08     1.393e-05     4.010e-05     0.000e+00     2.117e-10     1.091e-08     2.000e-04     1.652e-06
5.800e+01     3.058e-01     2.513e+02     7.890e+05     2.110e+05     3.630e+02     1.585e+00     6.174e+00     2.175e-01     2.490e-03     1.850e-05     1.200e+00     1.627e-05     8.343e-07     8.856e-05     1.215e-06     1.000e-10     1.487e-03     3.721e-09     9.539e-05     1.914e-11     8.723e-09     8.991e-06     7.650e-05     5.419e-06     1.000e-08     1.812e-05     4.109e-05     0.000e+00     3.098e-10     1.091e-08     2.000e-04     1.652e-06
5.700e+01     3.493e-01     2.544e+02     7.890e+05     2.110e+05     3.630e+02     1.717e+00     6.217e+00     2.281e-01     2.683e-03     2.017e-05     1.031e+00     2.209e-05     9.704e-07     9.844e-05     1.575e-06     1.000e-10     1.935e-03     5.338e-09     9.739e-05     1.914e-11     1.075e-08     9.987e-06     7.650e-05     5.650e-06     1.000e-08     2.246e-05     4.237e-05     0.000e+00     4.522e-10     1.091e-08     2.000e-04     1.652e-06
5.600e+01     3.979e-01     2.571e+02     7.900e+05     2.120e+05     3.630e+02     1.835e+00     6.242e+00     2.391e-01     2.889e-03     2.194e-05     9.033e-01     3.025e-05     1.123e-06     1.092e-04     2.032e-06     1.000e-10     2.497e-03     7.602e-09     9.968e-05     1.914e-11     1.318e-08     1.107e-05     7.650e-05     5.913e-06     1.000e-08     2.730e-05     4.375e-05     0.000e+00     6.550e-10     1.091e-08     2.000e-04     1.653e-06
5.500e+01     4.530e-01     2.598e+02     7.910e+05     2.120e+05     3.630e+02     1.940e+00     6.266e+00     2.505e-01     3.144e-03     2.386e-05     7.579e-01     3.950e-05     1.298e-06     1.210e-04     2.617e-06     1.000e-10     3.225e-03     1.081e-08     1.021e-04     1.914e-11     1.616e-08     1.226e-05     7.650e-05     6.176e-06     1.000e-08     3.315e-05     4.517e-05     0.000e+00     9.471e-10     1.091e-08     2.000e-04     1.653e-06
5.400e+01     5.150e-01     2.619e+02     7.910e+05     2.120e+05     3.630e+02     2.021e+00     6.247e+00     2.666e-01     3.454e-03     2.592e-05     6.746e-01     5.713e-05     2.470e-06     1.340e-04     3.413e-06     7.654e-11     4.030e-03     1.531e-08     1.047e-04     2.002e-11     1.976e-08     1.410e-05     7.650e-05     6.506e-06     1.000e-08     3.912e-05     4.663e-05     0.000e+00     1.364e-09     1.091e-08     2.000e-04     1.654e-06
5.300e+01     5.851e-01     2.639e+02     7.900e+05     2.120e+05     3.630e+02     2.129e+00     6.217e+00     2.847e-01     3.789e-03     2.816e-05     5.851e-01     7.749e-05     5.266e-06     1.483e-04     4.462e-06     9.461e-11     4.883e-03     2.165e-08     1.072e-04     2.328e-11     2.414e-08     1.634e-05     7.650e-05     6.836e-06     1.000e-08     4.584e-05     4.813e-05     0.000e+00     1.961e-09     1.091e-08     2.000e-04     1.655e-06
5.200e+01     6.643e-01     2.654e+02     7.880e+05     2.120e+05     3.630e+02     2.296e+00     6.187e+00     3.040e-01     4.090e-03     3.057e-05     5.060e-01     1.060e-04     1.118e-05     1.641e-04     5.824e-06     1.790e-10     5.817e-03     3.055e-08     1.096e-04     3.009e-11     2.946e-08     1.893e-05     7.650e-05     7.247e-06     1.000e-08     5.367e-05     4.967e-05     0.000e+00     2.814e-09     1.091e-08     2.000e-04     1.656e-06
5.100e+01     7.538e-01     2.667e+02     7.900e+05     2.120e+05     3.630e+02     2.312e+00     6.139e+00     3.280e-01     5.275e-03     3.476e-05     4.466e-01     1.456e-04     1.725e-05     1.829e-04     7.330e-06     2.605e-10     6.767e-03     4.208e-08     1.118e-04     4.223e-11     3.592e-08     2.187e-05     7.650e-05     7.741e-06     1.000e-08     6.213e-05     5.140e-05     0.000e+00     4.030e-09     1.091e-08     2.000e-04     1.657e-06
5.000e+01     8.548e-01     2.675e+02     7.910e+05     2.120e+05     3.630e+02     2.533e+00     6.087e+00     3.547e-01     7.122e-03     3.996e-05     3.797e-01     1.906e-04     2.456e-05     2.042e-04     9.134e-06     7.806e-10     7.817e-03     5.753e-08     1.141e-04     6.235e-11     4.375e-08     2.524e-05     7.650e-05     8.235e-06     1.000e-08     7.169e-05     5.322e-05     0.000e+00     5.763e-09     1.091e-08     2.000e-04     1.658e-06
4.900e+01     9.689e-01     2.680e+02     7.890e+05     2.120e+05     3.630e+02     2.774e+00     6.035e+00     3.835e-01     9.607e-03     4.592e-05     3.325e-01     2.724e-04     3.491e-05     2.278e-04     1.137e-05     2.356e-09     8.785e-03     7.858e-08     1.165e-04     9.237e-11     5.326e-08     2.911e-05     7.650e-05     8.853e-06     1.000e-08     8.267e-05     5.510e-05     0.000e+00     8.230e-09     1.091e-08     1.993e-04     1.659e-06
4.800e+01     1.098e+00     2.680e+02     7.890e+05     2.120e+05     3.630e+02     3.047e+00     5.975e+00     4.159e-01     1.237e-02     5.492e-05     2.806e-01     3.699e-04     5.303e-05     2.492e-04     1.433e-05     8.374e-09     9.619e-03     1.341e-07     1.190e-04     1.356e-10     6.480e-08     3.147e-05     7.650e-05     9.471e-06     1.000e-08     9.283e-05     5.676e-05     0.000e+00     1.175e-08     1.091e-08     1.974e-04     1.661e-06
4.700e+01     1.244e+00     2.678e+02     7.890e+05     2.120e+05     3.630e+02     3.350e+00     5.913e+00     4.514e-01     1.569e-02     6.657e-05     2.505e-01     5.765e-04     8.232e-05     2.707e-04     1.812e-05     2.539e-08     1.043e-02     2.463e-07     1.215e-04     2.004e-10     7.882e-08     3.329e-05     7.650e-05     1.017e-05     1.000e-08     1.033e-04     5.838e-05     0.000e+00     1.675e-08     1.091e-08     1.943e-04     1.663e-06
4.600e+01     1.411e+00     2.671e+02     7.900e+05     2.120e+05     3.630e+02     3.686e+00     5.850e+00     4.903e-01     1.993e-02     8.082e-05     2.166e-01     8.284e-04     1.283e-04     2.944e-04     2.296e-05     8.244e-08     1.107e-02     4.550e-07     1.241e-04     2.876e-10     9.604e-08     3.523e-05     7.650e-05     1.087e-05     1.000e-08     1.150e-04     6.006e-05     0.000e+00     2.397e-08     1.091e-08     1.907e-04     1.665e-06
4.500e+01     1.600e+00     2.663e+02     7.890e+05     2.110e+05     3.630e+02     4.060e+00     5.759e+00     5.328e-01     2.462e-02     9.928e-05     1.887e-01     1.423e-03     1.785e-04     3.250e-04     2.832e-05     4.208e-07     1.162e-02     7.174e-07     1.267e-04     4.048e-10     1.170e-07     3.810e-05     7.650e-05     1.161e-05     1.000e-08     1.274e-04     6.204e-05     0.000e+00     3.427e-08     1.091e-08     1.871e-04     1.668e-06
4.400e+01     1.817e+00     2.651e+02     7.880e+05     2.110e+05     3.630e+02     4.480e+00     5.655e+00     5.797e-01     3.009e-02     1.230e-04     1.667e-01     2.056e-03     2.367e-04     3.618e-04     3.457e-05     1.263e-06     1.200e-02     1.057e-06     1.292e-04     5.630e-10     1.428e-07     4.167e-05     7.650e-05     1.246e-05     1.000e-08     1.408e-04     6.424e-05     0.000e+00     4.921e-08     1.091e-08     1.832e-04     1.671e-06
4.300e+01     2.064e+00     2.636e+02     7.880e+05     2.110e+05     3.630e+02     4.943e+00     5.553e+00     6.308e-01     3.680e-02     1.524e-04     1.416e-01     2.777e-03     3.139e-04     4.029e-04     4.222e-05     2.029e-06     1.220e-02     1.559e-06     1.315e-04     7.904e-10     1.744e-07     4.559e-05     7.650e-05     1.332e-05     1.000e-08     1.557e-04     6.652e-05     0.000e+00     7.070e-08     1.091e-08     1.774e-04     1.675e-06
4.200e+01     2.347e+00     2.618e+02     7.880e+05     2.120e+05     3.630e+02     5.438e+00     5.450e+00     6.823e-01     4.403e-02     1.939e-04     1.129e-01     3.603e-03     4.038e-04     4.040e-04     5.040e-05     5.065e-06     1.235e-02     2.539e-06     1.337e-04     1.115e-09     2.565e-07     5.179e-05     7.650e-05     1.416e-05     1.000e-08     1.688e-04     7.135e-05     0.000e+00     1.019e-07     1.091e-08     1.699e-04     1.679e-06
4.100e+01     2.670e+00     2.599e+02     7.890e+05     2.120e+05     3.630e+02     5.971e+00     5.347e+00     7.356e-01     5.209e-02     2.501e-04     9.459e-02     4.474e-03     5.114e-04     3.842e-04     5.949e-05     1.449e-05     1.235e-02     4.349e-06     1.354e-04     1.656e-09     4.142e-07     5.997e-05     7.650e-05     1.532e-05     1.000e-08     1.813e-04     7.788e-05     0.000e+00     1.470e-07     1.127e-08     1.607e-04     1.685e-06
4.000e+01     3.039e+00     2.577e+02     7.890e+05     2.120e+05     3.630e+02     6.560e+00     5.246e+00     7.934e-01     6.167e-02     3.228e-04     7.362e-02     5.470e-03     6.482e-04     3.653e-04     7.026e-05     2.560e-05     1.222e-02     7.463e-06     1.368e-04     2.555e-09     6.701e-07     6.948e-05     7.650e-05     1.647e-05     1.000e-08     1.948e-04     8.505e-05     0.000e+00     2.125e-07     1.236e-08     1.512e-04     1.691e-06
3.900e+01     3.465e+00     2.554e+02     7.890e+05     2.120e+05     3.630e+02     7.070e+00     5.143e+00     8.486e-01     7.224e-02     4.266e-04     6.151e-02     6.296e-03     7.617e-04     3.449e-04     7.908e-05     4.218e-05     1.199e-02     1.212e-05     1.382e-04     4.031e-09     1.178e-06     8.053e-05     7.650e-05     1.771e-05     1.000e-08     2.058e-04     9.529e-05     0.000e+00     3.085e-07     2.389e-08     1.414e-04     1.698e-06
3.800e+01     3.958e+00     2.529e+02     7.890e+05     2.120e+05     3.630e+02     7.558e+00     5.040e+00     9.047e-01     8.433e-02     5.709e-04     4.786e-02     7.241e-03     8.664e-04     3.245e-04     8.719e-05     6.332e-05     1.159e-02     1.929e-05     1.397e-04     6.432e-09     2.157e-06     9.345e-05     7.650e-05     1.894e-05     1.000e-08     2.159e-04     1.081e-04     1.967e-20     4.504e-07     4.709e-08     1.278e-04     1.707e-06
3.700e+01     4.525e+00     2.504e+02     7.890e+05     2.120e+05     3.630e+02     8.084e+00     4.938e+00     9.650e-01     9.853e-02     7.656e-04     4.234e-02     7.433e-03     9.863e-04     3.052e-04     9.619e-05     1.169e-04     1.100e-02     3.078e-05     1.413e-04     1.033e-08     3.966e-06     1.086e-04     7.650e-05     2.065e-05     1.000e-08     2.266e-04     1.227e-04     7.632e-20     6.591e-07     9.068e-08     1.099e-04     1.717e-06
3.600e+01     5.176e+00     2.476e+02     7.890e+05     2.120e+05     3.630e+02     8.485e+00     4.838e+00     1.020e+00     1.122e-01     9.756e-04     3.667e-02     7.595e-03     1.066e-03     2.820e-04     1.029e-04     1.685e-04     1.035e-02     4.432e-05     1.430e-04     1.609e-08     7.052e-06     1.265e-04     7.650e-05     2.237e-05     1.000e-08     2.325e-04     1.424e-04     2.977e-19     9.660e-07     1.717e-07     8.741e-05     1.728e-06
3.500e+01     5.938e+00     2.448e+02     7.890e+05     2.120e+05     3.630e+02     8.874e+00     4.738e+00     1.078e+00     1.273e-01     1.234e-03     3.004e-02     7.785e-03     1.140e-03     2.590e-04     1.093e-04     2.253e-04     9.567e-03     6.273e-05     1.449e-04     3.105e-08     1.259e-05     1.481e-04     7.650e-05     2.409e-05     1.000e-08     2.373e-04     1.667e-04     1.196e-18     1.428e-06     3.209e-07     6.760e-05     1.742e-06
3.400e+01     6.818e+00     2.417e+02     7.890e+05     2.120e+05     3.630e+02     9.283e+00     4.640e+00     1.139e+00     1.446e-01     1.563e-03     2.631e-02     7.800e-03     1.219e-03     2.378e-04     1.162e-04     3.080e-04     8.739e-03     8.895e-05     1.467e-04     6.938e-08     2.253e-05     1.735e-04     7.650e-05     2.594e-05     1.000e-08     2.421e-04     1.953e-04     4.848e-18     2.115e-06     5.263e-07     5.155e-05     1.757e-06
3.300e+01     7.852e+00     2.387e+02     7.890e+05     2.120e+05     3.630e+02     9.510e+00     4.544e+00     1.189e+00     1.581e-01     1.864e-03     2.451e-02     7.672e-03     1.163e-03     2.465e-04     1.189e-04     4.216e-04     7.752e-03     1.188e-04     1.487e-04     1.335e-07     3.398e-05     1.984e-04     7.650e-05     2.820e-05     1.000e-08     2.310e-04     2.312e-04     2.026e-17     3.160e-06     8.280e-07     3.952e-05     1.776e-06
3.200e+01     9.050e+00     2.355e+02     7.890e+05     2.120e+05     3.630e+02     9.744e+00     4.451e+00     1.242e+00     1.729e-01     2.224e-03     2.263e-02     7.512e-03     1.110e-03     2.555e-04     1.216e-04     5.149e-04     6.841e-03     1.589e-04     1.506e-04     2.406e-07     5.136e-05     2.270e-04     7.650e-05     3.047e-05     1.000e-08     2.203e-04     2.740e-04     8.532e-17     4.732e-06     1.264e-06     2.949e-05     1.798e-06
3.100e+01     1.046e+01     2.325e+02     7.890e+05     2.120e+05     3.630e+02     9.811e+00     4.353e+00     1.292e+00     1.885e-01     2.595e-03     2.176e-02     7.169e-03     1.017e-03     2.529e-04     1.223e-04     5.689e-04     6.012e-03     2.035e-04     1.519e-04     4.202e-07     7.296e-05     2.591e-04     7.650e-05     3.308e-05     2.692e-08     2.051e-04     3.146e-04     3.697e-16     7.144e-06     2.370e-06     2.415e-05     1.826e-06
3.000e+01     1.210e+01     2.297e+02     7.890e+05     2.120e+05     3.630e+02     9.493e+00     4.250e+00     1.331e+00     2.033e-01     2.863e-03     2.084e-02     6.758e-03     8.510e-04     2.252e-04     1.183e-04     6.232e-04     5.023e-03     2.341e-04     1.530e-04     6.762e-07     8.871e-05     2.926e-04     7.650e-05     3.568e-05     4.383e-08     1.812e-04     3.347e-04     1.616e-15     1.081e-05     4.511e-06     2.358e-05     1.859e-06
2.900e+01     1.403e+01     2.272e+02     7.890e+05     2.120e+05     3.630e+02     9.180e+00     4.147e+00     1.372e+00     2.195e-01     3.163e-03     1.976e-02     6.275e-03     7.103e-04     2.001e-04     1.143e-04     6.794e-04     4.100e-03     2.700e-04     1.539e-04     1.040e-06     1.082e-04     3.311e-04     7.650e-05     3.830e-05     6.075e-08     1.597e-04     3.564e-04     7.132e-15     1.598e-05     8.756e-06     2.631e-05     1.898e-06
2.800e+01     1.629e+01     2.252e+02     7.890e+05     2.120e+05     3.630e+02     8.356e+00     4.071e+00     1.408e+00     2.309e-01     3.260e-03     1.922e-02     6.009e-03     5.442e-04     1.717e-04     1.011e-04     6.689e-04     3.246e-03     2.756e-04     1.549e-04     1.573e-06     1.299e-04     3.707e-04     7.650e-05     4.118e-05     1.015e-07     1.371e-04     3.275e-04     3.143e-14     2.294e-05     1.341e-05     2.905e-05     1.953e-06
2.700e+01     1.893e+01     2.232e+02     7.890e+05     2.120e+05     3.630e+02     7.404e+00     4.006e+00     1.442e+00     2.401e-01     3.258e-03     1.920e-02     5.194e-03     4.013e-04     1.451e-04     8.607e-05     6.381e-04     2.438e-03     2.667e-04     1.560e-04     2.234e-06     1.550e-04     4.132e-04     7.650e-05     4.488e-05     3.445e-07     1.163e-04     2.820e-04     1.396e-13     3.300e-05     2.217e-05     3.186e-05     2.013e-06
2.600e+01     2.205e+01     2.213e+02     7.890e+05     2.120e+05     3.630e+02     6.434e+00     3.949e+00     1.476e+00     2.499e-01     3.213e-03     1.920e-02     4.213e-03     2.915e-04     1.222e-04     7.084e-05     5.977e-04     1.818e-03     2.531e-04     1.572e-04     3.118e-06     1.838e-04     4.549e-04     7.650e-05     4.859e-05     5.875e-07     9.815e-05     2.355e-04     5.974e-13     4.674e-05     3.686e-05     3.471e-05     2.089e-06
2.500e+01     2.571e+01     2.193e+02     7.890e+05     2.120e+05     3.630e+02     5.064e+00     3.935e+00     1.505e+00     2.580e-01     2.936e-03     1.988e-02     3.891e-03     1.995e-04     1.026e-04     4.908e-05     5.466e-04     1.232e-03     2.166e-04     1.582e-04     4.327e-06     2.079e-04     4.633e-04     7.650e-05     5.229e-05     2.220e-06     8.136e-05     1.677e-04     2.382e-12     6.454e-05     5.435e-05     3.763e-05     2.199e-06
2.400e+01     3.003e+01     2.171e+02     7.890e+05     2.120e+05     3.630e+02     3.975e+00     3.922e+00     1.535e+00     2.665e-01     2.681e-03     2.068e-02     3.521e-03     1.360e-04     8.600e-05     3.386e-05     4.863e-04     8.075e-04     1.849e-04     1.593e-04     5.973e-06     2.355e-04     4.720e-04     7.650e-05     5.600e-05     3.853e-06     6.730e-05     1.189e-04     9.648e-12     8.943e-05     8.030e-05     4.055e-05     2.332e-06
2.300e+01     3.514e+01     2.148e+02     7.890e+05     2.120e+05     3.630e+02     2.880e+00     3.869e+00     1.557e+00     2.752e-01     2.298e-03     2.164e-02     3.088e-03     8.765e-05     6.433e-05     1.886e-05     4.348e-04     4.938e-04     1.441e-04     1.602e-04     8.211e-06     2.494e-04     4.809e-04     7.650e-05     5.971e-05     5.485e-06     5.397e-05     7.724e-05     4.322e-11     1.225e-04     1.187e-04     4.346e-05     2.489e-06
2.200e+01     4.116e+01     2.123e+02     7.890e+05     2.120e+05     3.630e+02     2.005e+00     3.799e+00     1.574e+00     2.802e-01     1.910e-03     2.309e-02     2.685e-03     5.495e-05     4.547e-05     9.436e-06     3.695e-04     2.702e-04     1.073e-04     1.612e-04     1.137e-05     2.555e-04     4.901e-04     7.650e-05     6.341e-05     8.350e-06     4.261e-05     4.800e-05     2.139e-10     1.654e-04     1.460e-04     4.638e-05     2.653e-06
2.100e+01     4.831e+01     2.098e+02     7.890e+05     2.120e+05     3.630e+02     1.332e+00     3.707e+00     1.594e+00     2.851e-01     1.525e-03     2.561e-02     2.272e-03     3.303e-05     3.199e-05     4.394e-06     2.758e-04     2.727e-04     7.449e-05     1.619e-04     1.574e-05     2.605e-04     4.996e-04     7.650e-05     6.753e-05     1.385e-05     3.183e-05     3.010e-05     1.005e-09     2.215e-04     1.805e-04     5.007e-05     2.811e-06
2.000e+01     5.689e+01     2.069e+02     7.890e+05     2.120e+05     3.630e+02     7.715e-01     3.549e+00     1.617e+00     2.902e-01     1.081e-03     2.867e-02     1.788e-03     1.758e-05     2.235e-05     1.659e-06     1.875e-04     2.753e-04     4.196e-05     1.626e-04     2.180e-05     2.615e-04     5.095e-04     7.740e-05     7.165e-05     1.935e-05     2.013e-05     1.958e-05     4.268e-09     2.917e-04     2.232e-04     5.475e-05     2.978e-06
1.900e+01     6.710e+01     2.036e+02     7.890e+05     2.120e+05     3.642e+02     4.446e-01     3.397e+00     1.642e+00     2.951e-01     7.639e-04     3.300e-02     1.469e-03     9.299e-06     1.556e-05     6.205e-07     1.230e-04     2.779e-04     2.350e-05     2.400e-04     3.018e-05     2.625e-04     5.196e-04     7.920e-05     7.700e-05     2.705e-05     1.267e-05     1.269e-05     1.836e-08     3.739e-04     2.619e-04     6.036e-05     3.144e-06
1.800e+01     7.935e+01     2.002e+02     7.890e+05     2.120e+05     3.652e+02     2.080e-01     3.504e+00     1.680e+00     3.001e-01     4.317e-04     3.819e-02     1.092e-03     4.668e-06     1.077e-05     7.789e-07     6.985e-05     2.806e-04     9.385e-06     3.174e-04     4.178e-05     2.636e-04     5.301e-04     8.190e-05     8.194e-05     3.609e-05     4.584e-06     4.085e-06     8.072e-08     4.470e-04     3.093e-04     6.616e-05     3.320e-06
1.700e+01     9.409e+01     1.979e+02     7.890e+05     2.120e+05     3.663e+02     9.420e-02     3.644e+00     1.721e+00     3.026e-01     2.364e-04     4.425e-02     8.467e-04     2.308e-06     7.407e-06     1.111e-06     4.421e-05     1.933e-04     5.863e-06     3.946e-04     5.785e-05     2.646e-04     5.410e-04     8.460e-05     8.738e-05     4.490e-05     1.544e-06     1.290e-05     3.127e-07     5.060e-04     3.601e-04     7.205e-05     3.484e-06
1.600e+01     1.116e+02     1.973e+02     7.890e+05     2.120e+05     3.673e+02     5.929e-02     3.999e+00     1.743e+00     3.046e-01     1.412e-04     5.154e-02     5.548e-04     1.344e-06     5.093e-06     1.022e-06     2.633e-05     1.390e-04     6.325e-06     4.717e-04     7.241e-05     2.650e-04     5.450e-04     8.730e-05     9.332e-05     5.383e-05     8.057e-07     2.868e-05     8.472e-07     5.434e-04     4.067e-04     7.799e-05     3.622e-06
1.500e+01     1.323e+02     2.006e+02     7.890e+05     2.120e+05     3.680e+02     4.924e-02     6.323e+00     1.755e+00     3.067e-01     1.067e-04     6.014e-02     2.096e-04     1.066e-06     3.506e-06     7.375e-07     7.275e-06     1.001e-04     9.148e-06     5.488e-04     8.488e-05     2.650e-04     5.450e-04     8.910e-05     1.002e-04     6.307e-05     5.375e-07     4.971e-05     1.638e-06     5.661e-04     4.567e-04     8.404e-05     3.755e-06
1.400e+01     1.562e+02     2.068e+02     7.890e+05     2.120e+05     3.684e+02     4.500e-02     1.159e+01     1.766e+00     3.087e-01     9.762e-05     7.001e-02     9.026e-05     1.065e-06     2.435e-06     5.610e-07     2.607e-06     7.629e-05     1.329e-05     5.490e-04     9.444e-05     2.650e-04     5.450e-04     9.000e-05     1.075e-04     7.213e-05     3.636e-07     7.510e-05     2.529e-06     5.849e-04     5.074e-04     9.000e-05     3.884e-06
1.300e+01     1.836e+02     2.144e+02     7.890e+05     2.120e+05     3.685e+02     4.288e-02     2.300e+01     1.769e+00     3.106e-01     9.909e-05     7.200e-02     7.473e-05     1.211e-06     1.708e-06     4.627e-07     1.405e-06     6.054e-05     1.829e-05     5.493e-04     1.000e-04     2.650e-04     5.450e-04     9.000e-05     1.153e-04     8.078e-05     2.503e-07     9.996e-05     3.331e-06     5.980e-04     5.433e-04     9.537e-05     3.941e-06
1.200e+01     2.145e+02     2.228e+02     7.890e+05     2.120e+05     3.685e+02     4.174e-02     5.407e+01     1.769e+00     3.125e-01     1.043e-04     7.424e-02     6.506e-05     1.350e-06     1.214e-06     3.844e-07     1.035e-06     4.956e-05     2.397e-05     5.495e-04     1.000e-04     2.650e-04     5.450e-04     9.000e-05     1.235e-04     8.930e-05     1.747e-07     1.231e-04     3.716e-06     6.046e-04     5.765e-04     9.867e-05     3.988e-06
1.100e+01     2.489e+02     2.308e+02     7.890e+05     2.120e+05     3.685e+02     4.117e-02     2.377e+02     1.769e+00     3.144e-01     1.099e-04     7.556e-02     5.593e-05     1.490e-06     8.759e-07     3.220e-07     1.000e-06     3.929e-05     2.891e-05     5.498e-04     1.000e-04     2.650e-04     5.450e-04     9.000e-05     1.317e-04     9.690e-05     1.239e-07     1.456e-04     3.949e-06     6.074e-04     5.881e-04     1.000e-04     4.023e-06
1.000e+01     2.879e+02     2.393e+02     7.890e+05     2.120e+05     3.685e+02     4.099e-02     6.388e+02     1.769e+00     3.162e-01     1.186e-04     7.612e-02     4.832e-05     1.525e-06     6.364e-07     2.707e-07     1.106e-06     2.935e-05     2.779e-05     5.500e-04     1.000e-04     2.650e-04     5.450e-04     9.000e-05     1.372e-04     1.024e-04     8.847e-08     1.829e-04     3.950e-06     6.066e-04     5.989e-04     1.000e-04     4.064e-06
9.000e+00     3.306e+02     2.464e+02     7.890e+05     2.120e+05     3.685e+02     4.083e-02     1.023e+03     1.769e+00     3.170e-01     1.279e-04     7.663e-02     4.073e-05     1.530e-06     4.698e-07     2.295e-07     1.247e-06     2.202e-05     2.405e-05     5.500e-04     1.000e-04     2.650e-04     5.450e-04     9.000e-05     1.400e-04     1.060e-04     6.427e-08     2.317e-04     3.976e-06     6.055e-04     5.997e-04     1.000e-04     4.087e-06
8.000e+00     3.792e+02     2.540e+02     7.890e+05     2.120e+05     3.685e+02     4.057e-02     1.492e+03     1.768e+00     3.170e-01     1.392e-04     7.695e-02     3.586e-05     1.407e-06     3.477e-07     1.949e-07     1.458e-06     1.588e-05     1.172e-05     5.500e-04     1.000e-04     2.650e-04     5.450e-04     9.000e-05     1.400e-04     1.075e-04     4.681e-08     3.238e-04     4.227e-06     6.028e-04     6.000e-04     1.000e-04     4.103e-06
7.000e+00     4.323e+02     2.602e+02     7.890e+05     2.120e+05     3.685e+02     3.988e-02     2.200e+03     1.768e+00     3.170e-01     1.504e-04     7.750e-02     3.079e-05     1.137e-06     2.608e-07     1.667e-07     1.868e-06     1.151e-05     5.392e-06     5.500e-04     1.000e-04     2.650e-04     5.450e-04     9.000e-05     1.400e-04     1.075e-04     3.457e-08     4.544e-04     4.787e-06     6.014e-04     6.000e-04     1.000e-04     4.103e-06
6.000e+00     4.922e+02     2.666e+02     7.890e+05     2.120e+05     3.685e+02     3.867e-02     3.293e+03     1.768e+00     3.170e-01     1.619e-04     7.840e-02     2.541e-05     7.790e-07     1.961e-07     1.428e-07     2.343e-06     8.264e-06     2.233e-06     5.500e-04     1.000e-04     2.650e-04     5.450e-04     9.000e-05     1.400e-04     1.075e-04     2.562e-08     6.511e-04     5.882e-06     6.015e-04     6.000e-04     1.000e-04     4.103e-06
5.000e+00     5.580e+02     2.721e+02     7.890e+05     2.120e+05     3.685e+02     3.660e-02     4.874e+03     1.767e+00     3.170e-01     1.828e-04     8.016e-02     2.421e-05     4.892e-07     1.489e-07     1.230e-07     2.789e-06     6.784e-06     1.183e-06     5.500e-04     1.000e-04     2.650e-04     5.450e-04     9.000e-05     1.400e-04     1.075e-04     1.917e-08     9.037e-04     8.172e-06     6.078e-04     6.000e-04     1.000e-04     4.103e-06
4.000e+00     6.320e+02     2.779e+02     7.890e+05     2.120e+05     3.685e+02     3.407e-02     7.077e+03     1.767e+00     3.170e-01     2.122e-04     8.285e-02     2.491e-05     3.033e-07     1.133e-07     1.060e-07     3.221e-06     5.920e-06     6.860e-07     5.500e-04     1.000e-04     2.650e-04     5.450e-04     9.000e-05     1.400e-04     1.075e-04     1.437e-08     1.215e-03     1.264e-05     6.215e-04     6.000e-04     1.000e-04     4.103e-06
3.000e+00     7.131e+02     2.829e+02     7.890e+05     2.120e+05     3.685e+02     3.098e-02     1.004e+04     1.768e+00     3.170e-01     2.453e-04     8.642e-02     2.781e-05     1.968e-07     8.694e-08     9.182e-08     3.877e-06     5.497e-06     4.308e-07     5.500e-04     1.000e-04     2.650e-04     5.450e-04     9.000e-05     1.400e-04     1.075e-04     1.087e-08     1.530e-03     2.213e-05     6.448e-04     6.000e-04     1.000e-04     4.103e-06
2.000e+00     8.043e+02     2.885e+02     7.890e+05     2.120e+05     3.685e+02     2.708e-02     1.482e+04     1.768e+00     3.170e-01     2.485e-04     8.958e-02     3.397e-05     1.528e-07     6.676e-08     7.955e-08     4.454e-06     5.446e-06     2.753e-07     5.500e-04     1.000e-04     2.650e-04     5.450e-04     9.000e-05     1.400e-04     1.075e-04     8.232e-09     1.705e-03     4.354e-05     6.743e-04     6.000e-04     1.000e-04     4.103e-06
1.000e+00     9.045e+02     2.944e+02     7.890e+05     2.120e+05     3.685e+02     2.267e-02     2.060e+04     1.768e+00     3.170e-01     1.857e-04     9.128e-02     5.355e-05     1.662e-07     5.159e-08     6.916e-08     5.048e-06     7.286e-06     2.264e-07     5.500e-04     1.000e-04     2.650e-04     5.450e-04     9.000e-05     1.400e-04     1.075e-04     6.276e-09     1.473e-03     9.995e-05     7.063e-04     6.000e-04     1.000e-04     4.103e-06
0.000e+00     1.017e+03     3.009e+02     7.890e+05     2.120e+05     3.685e+02     1.850e-02     2.725e+04     1.773e+00     3.170e-01     8.584e-05     1.002e-01     2.360e-04     2.231e-07     3.989e-08     6.014e-08     6.065e-06     2.025e-05     3.116e-07     5.500e-04     1.000e-04     2.650e-04     5.450e-04     9.000e-05     1.400e-04     1.075e-04     4.786e-09     8.017e-04     3.966e-04     7.943e-04     6.000e-04     1.000e-04     4.103e-06
