# ARTDECO : output file
# Radiances at the top of the atmosphere
#   
# Result given for each geometry
# sza : solar zenith angle(s) (degree)
# vza : view  zenith angle(s) (degree)
# vaa : view azimuthal angle(s) (degree)
#
# total number of geometries
         270
# nsza, nvza, nvaa
           1          90           3
# number of elements of the Stokes vector
# 4 = full polarization, 3 = 3x3 approximation, 1 = scalar
           1
# number of wavelengths
           1
##################
# Wavelength (microns) 
       0.412000000
# CPU time for RT in sec(s) 
     0.128740430E+04
#         sza               vza              vaa              theta              I                 dI
      60.000000000       0.000000000       0.000000000     120.000000000       0.021607541       0.000569913
      60.000000000       0.000000000      90.000000000     120.000000000       0.021607541       0.000569913
      60.000000000       0.000000000     180.000000000     120.000000000       0.021607541       0.000569913
      60.000000000       1.000000000       0.000000000     119.000000000       0.021486248       0.000565362
      60.000000000       1.000000000      90.000000000     119.994961924       0.021609180       0.000570671
      60.000000000       1.000000000     180.000000000     121.000000000       0.021760203       0.000574473
      60.000000000       2.000000000       0.000000000     118.000000000       0.021386691       0.000560788
      60.000000000       2.000000000      90.000000000     119.979850765       0.021615649       0.000571701
      60.000000000       2.000000000     180.000000000     122.000000000       0.021936050       0.000579320
      60.000000000       3.000000000       0.000000000     117.000000000       0.021312970       0.000556477
      60.000000000       3.000000000      90.000000000     119.954675720       0.021627646       0.000572904
      60.000000000       3.000000000     180.000000000     123.000000000       0.022148988       0.000584360
      60.000000000       4.000000000       0.000000000     116.000000000       0.021258808       0.000551929
      60.000000000       4.000000000      90.000000000     119.919452093       0.021645080       0.000574191
      60.000000000       4.000000000     180.000000000     124.000000000       0.022395491       0.000588758
      60.000000000       5.000000000       0.000000000     115.000000000       0.021224820       0.000547913
      60.000000000       5.000000000      90.000000000     119.874201258       0.021663932       0.000575224
      60.000000000       5.000000000     180.000000000     125.000000000       0.022663719       0.000593967
      60.000000000       6.000000000       0.000000000     114.000000000       0.021208367       0.000543662
      60.000000000       6.000000000      90.000000000     119.818950607       0.021688475       0.000576427
      60.000000000       6.000000000     180.000000000     126.000000000       0.022978877       0.000599344
      60.000000000       7.000000000       0.000000000     113.000000000       0.021207687       0.000539628
      60.000000000       7.000000000      90.000000000     119.753733483       0.021722444       0.000578225
      60.000000000       7.000000000     180.000000000     127.000000000       0.023312772       0.000604687
      60.000000000       8.000000000       0.000000000     112.000000000       0.021221249       0.000535643
      60.000000000       8.000000000      90.000000000     119.678589103       0.021758235       0.000579554
      60.000000000       8.000000000     180.000000000     128.000000000       0.023698438       0.000610295
      60.000000000       9.000000000       0.000000000     111.000000000       0.021247466       0.000532072
      60.000000000       9.000000000      90.000000000     119.593562462       0.021799487       0.000581294
      60.000000000       9.000000000     180.000000000     129.000000000       0.024098993       0.000616047
      60.000000000      10.000000000       0.000000000     110.000000000       0.021286228       0.000528526
      60.000000000      10.000000000      90.000000000     119.498704231       0.021846582       0.000583440
      60.000000000      10.000000000     180.000000000     130.000000000       0.024554604       0.000622058
      60.000000000      11.000000000       0.000000000     109.000000000       0.021334709       0.000525466
      60.000000000      11.000000000      90.000000000     119.394070634       0.021899346       0.000585013
      60.000000000      11.000000000     180.000000000     131.000000000       0.025019223       0.000628356
      60.000000000      12.000000000       0.000000000     108.000000000       0.021395420       0.000522330
      60.000000000      12.000000000      90.000000000     119.279723324       0.021958112       0.000587107
      60.000000000      12.000000000     180.000000000     132.000000000       0.025541151       0.000634761
      60.000000000      13.000000000       0.000000000     107.000000000       0.021464072       0.000519822
      60.000000000      13.000000000      90.000000000     119.155729238       0.022019140       0.000589147
      60.000000000      13.000000000     180.000000000     133.000000000       0.026065180       0.000641622
      60.000000000      14.000000000       0.000000000     106.000000000       0.021546263       0.000517409
      60.000000000      14.000000000      90.000000000     119.022160452       0.022089713       0.000591367
      60.000000000      14.000000000     180.000000000     134.000000000       0.026646068       0.000648838
      60.000000000      15.000000000       0.000000000     105.000000000       0.021635327       0.000515510
      60.000000000      15.000000000      90.000000000     118.879094017       0.022166351       0.000593830
      60.000000000      15.000000000     180.000000000     135.000000000       0.027253562       0.000656078
      60.000000000      16.000000000       0.000000000     104.000000000       0.021740729       0.000514378
      60.000000000      16.000000000      90.000000000     118.726611796       0.022245488       0.000596272
      60.000000000      16.000000000     180.000000000     136.000000000       0.027852108       0.000664168
      60.000000000      17.000000000       0.000000000     103.000000000       0.021853107       0.000513623
      60.000000000      17.000000000      90.000000000     118.564800285       0.022331504       0.000599059
      60.000000000      17.000000000     180.000000000     137.000000000       0.028502407       0.000672318
      60.000000000      18.000000000       0.000000000     102.000000000       0.021986789       0.000513732
      60.000000000      18.000000000      90.000000000     118.393750435       0.022424091       0.000601920
      60.000000000      18.000000000     180.000000000     138.000000000       0.029135165       0.000680790
      60.000000000      19.000000000       0.000000000     101.000000000       0.022129567       0.000514478
      60.000000000      19.000000000      90.000000000     118.213557466       0.022524853       0.000604768
      60.000000000      19.000000000     180.000000000     139.000000000       0.029814524       0.000689580
      60.000000000      20.000000000       0.000000000     100.000000000       0.022290848       0.000516150
      60.000000000      20.000000000      90.000000000     118.024320674       0.022629863       0.000608110
      60.000000000      20.000000000     180.000000000     140.000000000       0.030468284       0.000698739
      60.000000000      21.000000000       0.000000000      99.000000000       0.022480288       0.000518456
      60.000000000      21.000000000      90.000000000     117.826143233       0.022739863       0.000611436
      60.000000000      21.000000000     180.000000000     141.000000000       0.031160090       0.000708372
      60.000000000      22.000000000       0.000000000      98.000000000       0.022686768       0.000521751
      60.000000000      22.000000000      90.000000000     117.619132006       0.022858197       0.000615076
      60.000000000      22.000000000     180.000000000     142.000000000       0.031819992       0.000718033
      60.000000000      23.000000000       0.000000000      97.000000000       0.022926727       0.000525793
      60.000000000      23.000000000      90.000000000     117.403397336       0.022983300       0.000619016
      60.000000000      23.000000000     180.000000000     143.000000000       0.032507163       0.000728228
      60.000000000      24.000000000       0.000000000      96.000000000       0.023191175       0.000531313
      60.000000000      24.000000000      90.000000000     117.179052852       0.023114814       0.000623222
      60.000000000      24.000000000     180.000000000     144.000000000       0.033157203       0.000739362
      60.000000000      25.000000000       0.000000000      95.000000000       0.023494335       0.000537783
      60.000000000      25.000000000      90.000000000     116.946215263       0.023252285       0.000627504
      60.000000000      25.000000000     180.000000000     145.000000000       0.033822794       0.000750071
      60.000000000      26.000000000       0.000000000      94.000000000       0.023830435       0.000545143
      60.000000000      26.000000000      90.000000000     116.705004161       0.023397738       0.000631957
      60.000000000      26.000000000     180.000000000     146.000000000       0.034469390       0.000761262
      60.000000000      27.000000000       0.000000000      93.000000000       0.024210609       0.000553758
      60.000000000      27.000000000      90.000000000     116.455541824       0.023549405       0.000637151
      60.000000000      27.000000000     180.000000000     147.000000000       0.035073797       0.000773189
      60.000000000      28.000000000       0.000000000      92.000000000       0.024633141       0.000563658
      60.000000000      28.000000000      90.000000000     116.197953011       0.023708055       0.000642404
      60.000000000      28.000000000     180.000000000     148.000000000       0.035674014       0.000784506
      60.000000000      29.000000000       0.000000000      91.000000000       0.025106501       0.000574367
      60.000000000      29.000000000      90.000000000     115.932364776       0.023874469       0.000647967
      60.000000000      29.000000000     180.000000000     149.000000000       0.036230812       0.000796459
      60.000000000      30.000000000       0.000000000      90.000000000       0.025630020       0.000586123
      60.000000000      30.000000000      90.000000000     115.658906273       0.024048176       0.000653711
      60.000000000      30.000000000     180.000000000     150.000000000       0.036770296       0.000808652
      60.000000000      31.000000000       0.000000000      89.000000000       0.026212992       0.000599164
      60.000000000      31.000000000      90.000000000     115.377708569       0.024228813       0.000660288
      60.000000000      31.000000000     180.000000000     151.000000000       0.037268253       0.000821008
      60.000000000      32.000000000       0.000000000      88.000000000       0.026848466       0.000613548
      60.000000000      32.000000000      90.000000000     115.088904462       0.024416588       0.000666439
      60.000000000      32.000000000     180.000000000     152.000000000       0.037735905       0.000833595
      60.000000000      33.000000000       0.000000000      87.000000000       0.027555290       0.000628401
      60.000000000      33.000000000      90.000000000     114.792628303       0.024611857       0.000673692
      60.000000000      33.000000000     180.000000000     153.000000000       0.038166011       0.000845931
      60.000000000      34.000000000       0.000000000      86.000000000       0.028315626       0.000644564
      60.000000000      34.000000000      90.000000000     114.489015821       0.024814383       0.000681101
      60.000000000      34.000000000     180.000000000     154.000000000       0.038554368       0.000858718
      60.000000000      35.000000000       0.000000000      85.000000000       0.029157658       0.000661019
      60.000000000      35.000000000      90.000000000     114.178203960       0.025024515       0.000688877
      60.000000000      35.000000000     180.000000000     155.000000000       0.038899056       0.000871449
      60.000000000      36.000000000       0.000000000      84.000000000       0.030053420       0.000679164
      60.000000000      36.000000000      90.000000000     113.860330715       0.025241465       0.000696999
      60.000000000      36.000000000     180.000000000     156.000000000       0.039217610       0.000884584
      60.000000000      37.000000000       0.000000000      83.000000000       0.031042092       0.000697323
      60.000000000      37.000000000      90.000000000     113.535534978       0.025466186       0.000705594
      60.000000000      37.000000000     180.000000000     157.000000000       0.039480192       0.000897880
      60.000000000      38.000000000       0.000000000      82.000000000       0.032081586       0.000716608
      60.000000000      38.000000000      90.000000000     113.203956389       0.025697731       0.000714332
      60.000000000      38.000000000     180.000000000     158.000000000       0.039726547       0.000910899
      60.000000000      39.000000000       0.000000000      81.000000000       0.033223758       0.000736016
      60.000000000      39.000000000      90.000000000     112.865735196       0.025936615       0.000723332
      60.000000000      39.000000000     180.000000000     159.000000000       0.039910853       0.000924262
      60.000000000      40.000000000       0.000000000      80.000000000       0.034447068       0.000756156
      60.000000000      40.000000000      90.000000000     112.521012118       0.026182690       0.000733725
      60.000000000      40.000000000     180.000000000     160.000000000       0.040090036       0.000937500
      60.000000000      41.000000000       0.000000000      79.000000000       0.035716081       0.000777286
      60.000000000      41.000000000      90.000000000     112.169928217       0.026435125       0.000743659
      60.000000000      41.000000000     180.000000000     161.000000000       0.040204542       0.000951280
      60.000000000      42.000000000       0.000000000      78.000000000       0.037099966       0.000797861
      60.000000000      42.000000000      90.000000000     111.812624777       0.026694259       0.000754463
      60.000000000      42.000000000     180.000000000     162.000000000       0.040326486       0.000964953
      60.000000000      43.000000000       0.000000000      77.000000000       0.038525790       0.000819528
      60.000000000      43.000000000      90.000000000     111.449243191       0.026959984       0.000765332
      60.000000000      43.000000000     180.000000000     163.000000000       0.040384707       0.000978945
      60.000000000      44.000000000       0.000000000      76.000000000       0.040073011       0.000840873
      60.000000000      44.000000000      90.000000000     111.079924852       0.027231523       0.000776591
      60.000000000      44.000000000     180.000000000     164.000000000       0.040463814       0.000993038
      60.000000000      45.000000000       0.000000000      75.000000000       0.041658613       0.000863560
      60.000000000      45.000000000      90.000000000     110.704811055       0.027509064       0.000788522
      60.000000000      45.000000000     180.000000000     165.000000000       0.040482390       0.001007181
      60.000000000      46.000000000       0.000000000      74.000000000       0.043370608       0.000885811
      60.000000000      46.000000000      90.000000000     110.324042898       0.027792260       0.000800705
      60.000000000      46.000000000     180.000000000     166.000000000       0.040488865       0.001021854
      60.000000000      47.000000000       0.000000000      73.000000000       0.045117008       0.000908004
      60.000000000      47.000000000      90.000000000     109.937761204       0.028080803       0.000813549
      60.000000000      47.000000000     180.000000000     167.000000000       0.040536231       0.001036642
      60.000000000      48.000000000       0.000000000      72.000000000       0.046995802       0.000930850
      60.000000000      48.000000000      90.000000000     109.546106430       0.028374012       0.000826375
      60.000000000      48.000000000     180.000000000     168.000000000       0.040536248       0.001052238
      60.000000000      49.000000000       0.000000000      71.000000000       0.048906753       0.000953951
      60.000000000      49.000000000      90.000000000     109.149218605       0.028671739       0.000839886
      60.000000000      49.000000000     180.000000000     169.000000000       0.040588390       0.001067615
      60.000000000      50.000000000       0.000000000      70.000000000       0.050954177       0.000976922
      60.000000000      50.000000000      90.000000000     108.747237251       0.028973548       0.000853901
      60.000000000      50.000000000     180.000000000     170.000000000       0.040605845       0.001083585
      60.000000000      51.000000000       0.000000000      69.000000000       0.053089731       0.001000440
      60.000000000      51.000000000      90.000000000     108.340301333       0.029276376       0.000867990
      60.000000000      51.000000000     180.000000000     171.000000000       0.040685392       0.001100503
      60.000000000      52.000000000       0.000000000      68.000000000       0.055258591       0.001023878
      60.000000000      52.000000000      90.000000000     107.928549195       0.029584299       0.000883074
      60.000000000      52.000000000     180.000000000     172.000000000       0.040745761       0.001117552
      60.000000000      53.000000000       0.000000000      67.000000000       0.057575753       0.001049082
      60.000000000      53.000000000      90.000000000     107.512118518       0.029895600       0.000897628
      60.000000000      53.000000000     180.000000000     173.000000000       0.040874973       0.001135507
      60.000000000      54.000000000       0.000000000      66.000000000       0.059929491       0.001073277
      60.000000000      54.000000000      90.000000000     107.091146270       0.030203180       0.000913131
      60.000000000      54.000000000     180.000000000     174.000000000       0.041002063       0.001153675
      60.000000000      55.000000000       0.000000000      65.000000000       0.062443436       0.001098642
      60.000000000      55.000000000      90.000000000     106.665768674       0.030516496       0.000929128
      60.000000000      55.000000000     180.000000000     175.000000000       0.041202235       0.001173244
      60.000000000      56.000000000       0.000000000      64.000000000       0.065000908       0.001124802
      60.000000000      56.000000000      90.000000000     106.236121171       0.030824837       0.000945445
      60.000000000      56.000000000     180.000000000     176.000000000       0.041418300       0.001193365
      60.000000000      57.000000000       0.000000000      63.000000000       0.067735801       0.001152588
      60.000000000      57.000000000      90.000000000     105.802338394       0.031136578       0.000962577
      60.000000000      57.000000000     180.000000000     177.000000000       0.041689965       0.001214316
      60.000000000      58.000000000       0.000000000      62.000000000       0.070524439       0.001180131
      60.000000000      58.000000000      90.000000000     105.364554146       0.031441446       0.000979237
      60.000000000      58.000000000     180.000000000     178.000000000       0.042033693       0.001236348
      60.000000000      59.000000000       0.000000000      61.000000000       0.073515657       0.001209272
      60.000000000      59.000000000      90.000000000     104.922901380       0.031742547       0.000996780
      60.000000000      59.000000000     180.000000000     179.000000000       0.042422774       0.001259872
      60.000000000      60.000000000       0.000000000      60.000000000       0.076573193       0.001240017
      60.000000000      60.000000000      90.000000000     104.477512186       0.032046557       0.001015019
      60.000000000      60.000000000     180.000000000     180.000000000       0.042878911       0.001284818
      60.000000000      61.000000000       0.000000000      59.000000000       0.079868714       0.001272119
      60.000000000      61.000000000      90.000000000     104.028517782       0.032337404       0.001033491
      60.000000000      61.000000000     180.000000000     179.000000000       0.043400276       0.001311204
      60.000000000      62.000000000       0.000000000      58.000000000       0.083345218       0.001307633
      60.000000000      62.000000000      90.000000000     103.576048509       0.032621278       0.001052776
      60.000000000      62.000000000     180.000000000     178.000000000       0.043992728       0.001338160
      60.000000000      63.000000000       0.000000000      57.000000000       0.086909073       0.001344907
      60.000000000      63.000000000      90.000000000     103.120233826       0.032896720       0.001071647
      60.000000000      63.000000000     180.000000000     177.000000000       0.044636962       0.001367928
      60.000000000      64.000000000       0.000000000      56.000000000       0.090791875       0.001384435
      60.000000000      64.000000000      90.000000000     102.661202316       0.033162635       0.001092328
      60.000000000      64.000000000     180.000000000     176.000000000       0.045365420       0.001398774
      60.000000000      65.000000000       0.000000000      55.000000000       0.094780907       0.001427515
      60.000000000      65.000000000      90.000000000     102.199081690       0.033426320       0.001112081
      60.000000000      65.000000000     180.000000000     175.000000000       0.046164472       0.001431734
      60.000000000      66.000000000       0.000000000      54.000000000       0.099159265       0.001475119
      60.000000000      66.000000000      90.000000000     101.733998795       0.033667257       0.001133362
      60.000000000      66.000000000     180.000000000     174.000000000       0.046989631       0.001466665
      60.000000000      67.000000000       0.000000000      53.000000000       0.103659693       0.001526777
      60.000000000      67.000000000      90.000000000     101.266079624       0.033892358       0.001154880
      60.000000000      67.000000000     180.000000000     173.000000000       0.047913153       0.001503286
      60.000000000      68.000000000       0.000000000      52.000000000       0.108640460       0.001585124
      60.000000000      68.000000000      90.000000000     100.795449334       0.034100643       0.001177126
      60.000000000      68.000000000     180.000000000     172.000000000       0.048844669       0.001542961
      60.000000000      69.000000000       0.000000000      51.000000000       0.113756222       0.001648003
      60.000000000      69.000000000      90.000000000     100.322232261       0.034288999       0.001199492
      60.000000000      69.000000000     180.000000000     171.000000000       0.049876288       0.001585165
      60.000000000      70.000000000       0.000000000      50.000000000       0.119462998       0.001720372
      60.000000000      70.000000000      90.000000000      99.846551940       0.034455371       0.001222559
      60.000000000      70.000000000     180.000000000     170.000000000       0.050893469       0.001629231
      60.000000000      71.000000000       0.000000000      49.000000000       0.125315069       0.001800092
      60.000000000      71.000000000      90.000000000      99.368531127       0.034596401       0.001246718
      60.000000000      71.000000000     180.000000000     169.000000000       0.052005908       0.001676456
      60.000000000      72.000000000       0.000000000      48.000000000       0.131886072       0.001890755
      60.000000000      72.000000000      90.000000000      98.888291823       0.034710008       0.001270997
      60.000000000      72.000000000     180.000000000     168.000000000       0.053080889       0.001726280
      60.000000000      73.000000000       0.000000000      47.000000000       0.138967719       0.001995990
      60.000000000      73.000000000      90.000000000      98.405955301       0.034792479       0.001296454
      60.000000000      73.000000000     180.000000000     167.000000000       0.054240764       0.001779242
      60.000000000      74.000000000       0.000000000      46.000000000       0.146195531       0.002112872
      60.000000000      74.000000000      90.000000000      97.921642135       0.034827679       0.001323003
      60.000000000      74.000000000     180.000000000     166.000000000       0.055337207       0.001835058
      60.000000000      75.000000000       0.000000000      45.000000000       0.154381275       0.002251512
      60.000000000      75.000000000      90.000000000      97.435472226       0.034836596       0.001349798
      60.000000000      75.000000000     180.000000000     165.000000000       0.056501144       0.001895009
      60.000000000      76.000000000       0.000000000      44.000000000       0.162694438       0.002409720
      60.000000000      76.000000000      90.000000000      96.947564839       0.034803849       0.001378671
      60.000000000      76.000000000     180.000000000     164.000000000       0.057648096       0.001957309
      60.000000000      77.000000000       0.000000000      43.000000000       0.172144482       0.002598127
      60.000000000      77.000000000      90.000000000      96.458038631       0.034722362       0.001409032
      60.000000000      77.000000000     180.000000000     163.000000000       0.058691570       0.002022511
      60.000000000      78.000000000       0.000000000      42.000000000       0.181686105       0.002817252
      60.000000000      78.000000000      90.000000000      95.967011691       0.034588107       0.001441313
      60.000000000      78.000000000     180.000000000     162.000000000       0.059759706       0.002093478
      60.000000000      79.000000000       0.000000000      41.000000000       0.192558713       0.003082948
      60.000000000      79.000000000      90.000000000      95.474601570       0.034394230       0.001475553
      60.000000000      79.000000000     180.000000000     161.000000000       0.060694086       0.002166361
      60.000000000      80.000000000       0.000000000      40.000000000       0.203449928       0.003393693
      60.000000000      80.000000000      90.000000000      94.980925322       0.034124004       0.001512644
      60.000000000      80.000000000     180.000000000     160.000000000       0.061615025       0.002246467
      60.000000000      81.000000000       0.000000000      39.000000000       0.215866973       0.003783033
      60.000000000      81.000000000      90.000000000      94.486099541       0.033791435       0.001552655
      60.000000000      81.000000000     180.000000000     159.000000000       0.062373318       0.002330706
      60.000000000      82.000000000       0.000000000      38.000000000       0.229124413       0.004263959
      60.000000000      82.000000000      90.000000000      93.990240398       0.033376294       0.001598663
      60.000000000      82.000000000     180.000000000     158.000000000       0.063066915       0.002421439
      60.000000000      83.000000000       0.000000000      37.000000000       0.242188200       0.004848328
      60.000000000      83.000000000      90.000000000      93.493463685       0.032870437       0.001648560
      60.000000000      83.000000000     180.000000000     157.000000000       0.063560251       0.002521104
      60.000000000      84.000000000       0.000000000      36.000000000       0.256998647       0.005609035
      60.000000000      84.000000000      90.000000000      92.995884851       0.032263533       0.001706611
      60.000000000      84.000000000     180.000000000     156.000000000       0.063921854       0.002635977
      60.000000000      85.000000000       0.000000000      35.000000000       0.271305604       0.006578886
      60.000000000      85.000000000      90.000000000      92.497619045       0.031544430       0.001776250
      60.000000000      85.000000000     180.000000000     155.000000000       0.064034861       0.002771926
      60.000000000      86.000000000       0.000000000      34.000000000       0.287304393       0.007912344
      60.000000000      86.000000000      90.000000000      91.998781159       0.030711899       0.001863840
      60.000000000      86.000000000     180.000000000     154.000000000       0.063925646       0.002948172
      60.000000000      87.000000000       0.000000000      33.000000000       0.302135523       0.009763250
      60.000000000      87.000000000      90.000000000      91.499485870       0.029758978       0.001998564
      60.000000000      87.000000000     180.000000000     153.000000000       0.063500491       0.003196728
      60.000000000      88.000000000       0.000000000      32.000000000       0.318066145       0.012651425
      60.000000000      88.000000000      90.000000000      90.999847680       0.028683669       0.002261730
      60.000000000      88.000000000     180.000000000     152.000000000       0.062667370       0.003609605
      60.000000000      89.000000000       0.000000000      31.000000000       0.330845652       0.017841512
      60.000000000      89.000000000      90.000000000      90.499980961       0.027360323       0.003073092
      60.000000000      89.000000000     180.000000000     151.000000000       0.061105973       0.004547965
