   4.01606417    
   4.04858303    
   4.08163261    
   4.11522627    
   4.14937782    
   4.18410063    
   4.21940947    
   4.25531912    
   4.29184532    
   4.32900429    
   4.36681223    
   4.40528631    
   4.44444466    
   4.48430490    
   4.52488708    
   4.56621027    
   4.60829496    
   4.65116262    
   4.69483566    
   4.73933649    
   4.78468895    
   4.83091784    
   4.87804890    
   4.92610836    
   4.97512436    
   5.02512550    
   5.07614231    
   5.12820530    
   5.18134737    
   5.23560190    
   5.29100513    
   5.34759378    
   5.40540552    
   5.46448088    
   5.52486181    
   5.58659220    
   5.64971733    
   5.71428585    
   5.78034687    
   5.84795332    
   5.91715956    
   5.98802376    
   6.06060600    
   6.13496923    
   6.21118021    
   6.28930807    
   6.36942673    
   6.45161295    
   6.53594780    
   6.62251663    
   6.71140957    
   6.80272102    
   6.89655161    
   6.99300718    
   7.09219837    
   7.19424438    
   7.29927015    
   7.40740728    
   7.51879692    
   7.63358784    
   7.75193787    
   7.87401581    
   8.00000000    
   8.13008118    
   8.26446247    
   8.40336132    
   8.54700851    
   8.69565201    
   8.84955788    
   9.00900936    
   9.17431164    
   9.34579468    
   9.52380943    
   9.70873833    
   9.90099049    
   10.1010103    
   10.3092785    
   10.5263157    
   10.7526884    
   10.9890108    
   11.2359552    
   11.4942532    
   11.7647057    
   12.0481930    
   12.3456793    
   12.6582279    
   12.9870129    
   13.3333330    
   13.6986303    
   14.0845070    
   14.4927540    
   14.9253731    
   15.3846149    
   15.8730154    
   16.3934422    
   16.9491520    
   17.5438595    
   18.1818180    
   18.8679237    
   19.6078434    
   20.4081631    
   21.2765961    
   22.2222214    
   23.2558136    
   24.3902435    
   25.6410255    
   27.0270271    
   28.5714283    
   30.3030300    
   32.2580643    
   34.4827576    
   37.0370369    
   40.0000000    
   43.4782600    
   47.6190491    
