ftr_time	ftr_alt	ftr_pres	ftr_temp	ftr_hum	ftr_DP	ftr_WF	ftr_WD	ftr_VEF	ftr_VNF	ftr_LAT	ftr_LON
0	98	1015.7	13.86	49.1	3.4	0	0	2.5	0.9	41.384409	2.117457
10	139.45	1010.7	12.29	38.5	-1.4	2.65	250.8	2.5	0.9	41.384386	2.117429
13	142.44	1010.3	12.14	42	-0.4	2.63	251.7	2.5	0.8	41.384346	2.117451
14	145.87	1009.9	12.09	43.5	0.1	2.59	252.7	2.5	0.8	41.38434	2.117497
15	149.22	1009.5	12.07	44.8	0.5	2.56	253.8	2.5	0.7	41.38434	2.117532
16	152.54	1009.1	12.05	46.2	0.9	2.56	255.1	2.5	0.7	41.384352	2.117537
17	155.86	1008.7	11.97	47.5	1.2	2.61	256.9	2.5	0.6	41.384346	2.117526
18	159.66	1008.3	11.92	48.5	1.4	2.65	258.8	2.6	0.5	41.384335	2.117543
19	162.67	1007.9	11.85	49.5	1.6	2.66	260	2.6	0.5	41.384346	2.117589
20	166.06	1007.5	11.8	50.5	1.9	2.64	260.3	2.6	0.4	41.384375	2.117612
21	169.74	1007.1	11.75	51.5	2.1	2.62	259.7	2.6	0.5	41.384386	2.117606
22	172.58	1006.7	11.71	52.6	2.4	2.61	258.8	2.6	0.5	41.384358	2.117595
24	174.8	1006.4	11.61	53.6	2.5	2.62	257.4	2.6	0.6	41.384318	2.117675
25	177.64	1006.1	11.59	53.9	2.6	2.65	255.7	2.6	0.7	41.384352	2.117721
26	179.48	1005.9	11.54	55.1	2.8	2.68	254.3	2.6	0.7	41.384403	2.117726
27	182.04	1005.6	11.51	56.1	3.1	2.7	253.7	2.6	0.8	41.384438	2.117709
28	187.33	1004.9	11.46	55.8	3	2.68	253.4	2.6	0.8	41.384461	2.117698
29	191.35	1004.4	11.42	56.7	3.1	2.64	252.5	2.5	0.8	41.384478	2.117709
30	195.09	1004	11.39	55.9	2.9	2.6	251.2	2.5	0.8	41.384495	2.117744
31	197.97	1003.7	11.37	55.7	2.8	2.57	250.5	2.4	0.9	41.384495	2.117812
33	204.49	1002.9	11.27	57	3.1	2.54	250.9	2.4	0.8	41.384432	2.117921
34	209.18	1002.3	11.25	56.5	2.9	2.51	252.2	2.4	0.8	41.384386	2.117921
35	213.81	1001.8	11.2	56.9	3	2.44	253	2.3	0.7	41.384363	2.117904
36	218.53	1001.2	11.15	57.6	3.1	2.32	253.7	2.2	0.7	41.384363	2.117881
37	223.16	1000.6	11.08	57.8	3.1	2.18	254.8	2.1	0.6	41.384392	2.117881
38	227.15	1000.2	11.06	57.7	3	2.07	256.1	2	0.5	41.384421	2.117927
39	231.83	999.6	11.01	58	3.1	2	257.9	2	0.4	41.384426	2.11799
40	236.84	999	10.98	58.6	3.2	1.95	260.2	1.9	0.3	41.384421	2.118042
41	241.83	998.4	10.96	58.5	3.2	1.89	263.3	1.9	0.2	41.384409	2.118053
42	246.06	997.9	10.89	58.5	3.1	1.83	267.1	1.8	0.1	41.384409	2.118036
43	249.99	997.4	10.86	59.1	3.2	1.77	270.3	1.8	-0	41.384426	2.118002
44	254.77	996.8	10.82	59.3	3.2	1.72	271.8	1.7	-0.1	41.384449	2.117979
45	259.73	996.3	10.79	59.3	3.2	1.69	272.7	1.7	-0.1	41.384461	2.117984
46	264.31	995.7	10.74	59.6	3.2	1.7	274.6	1.7	-0.1	41.384444	2.118002
47	267.89	995.3	10.7	59.8	3.2	1.75	276.6	1.7	-0.2	41.384421	2.118013
48	272.73	994.7	10.62	59.9	3.2	1.82	278.6	1.8	-0.3	41.384403	2.118013
49	277.28	994.2	10.6	59.6	3.1	1.87	280.6	1.8	-0.3	41.384398	2.118013
50	281.97	993.6	10.5	59.9	3.1	1.86	282.3	1.8	-0.4	41.384398	2.118019
51	286.62	993	10.48	60.3	3.1	1.82	283.6	1.8	-0.4	41.384403	2.118042
52	291.76	992.4	10.43	59.8	3	1.76	284.5	1.7	-0.4	41.384392	2.118059
53	296.75	991.8	10.36	59.6	2.8	1.74	285	1.7	-0.4	41.384375	2.11807
54	301.59	991.3	10.31	59.8	2.8	1.78	285.9	1.7	-0.5	41.384352	2.118059
55	306.75	990.6	10.29	60.1	2.9	1.86	288.1	1.8	-0.6	41.384335	2.118042
56	312.34	990	10.24	60.6	3	1.95	290.9	1.8	-0.7	41.384335	2.118013
57	317.92	989.3	10.17	60.9	3	2.01	293.6	1.8	-0.8	41.384346	2.117996
58	323.98	988.6	10.12	61.3	3	2.03	295.5	1.8	-0.9	41.384369	2.117996
59	329.99	987.9	10.08	61.3	3	2.04	296	1.8	-0.9	41.384386	2.118024
60	335.98	987.2	10.01	61.3	2.9	2.07	295.4	1.9	-0.9	41.384392	2.118065
61	341.68	986.5	9.96	61.7	3	2.13	294	1.9	-0.9	41.384392	2.118099
62	347.79	985.8	9.91	62	3	2.23	292.3	2.1	-0.8	41.384381	2.118128
64	360.86	984.2	9.79	62.7	3	2.36	290.4	2.2	-0.8	41.384381	2.118179
65	366.97	983.5	9.72	62.9	3	2.5	288.3	2.4	-0.8	41.384369	2.118214
66	373.19	982.8	9.7	63.1	3	2.64	286	2.5	-0.7	41.384358	2.118242
67	379.16	982	9.58	63.7	3	2.78	283.6	2.7	-0.7	41.38434	2.118259
68	384.56	981.4	9.53	63.3	2.9	2.93	281.6	2.9	-0.6	41.384323	2.118271
69	389.7	980.8	9.53	63.5	3	3.08	280.1	3	-0.5	41.384318	2.118282
70	394.96	980.2	9.46	63.9	3	3.24	279.4	3.2	-0.5	41.384318	2.118299
71	400.16	979.6	9.41	64	3	3.37	279.1	3.3	-0.5	41.384323	2.118311
72	405.16	979	9.37	64	2.9	3.49	278.9	3.4	-0.5	41.384323	2.118311
73	410.73	978.3	9.32	64.1	2.9	3.59	278.6	3.5	-0.5	41.384329	2.118305
75	421.9	977	9.21	64.1	2.8	3.67	278.4	3.6	-0.5	41.384335	2.118305
76	427.17	976.4	9.11	64.1	2.7	3.73	278.4	3.7	-0.5	41.384329	2.118334
77	432.01	975.8	9.07	64.4	2.7	3.74	278.5	3.7	-0.6	41.384306	2.118385
78	435.61	975.4	8.97	64.8	2.7	3.71	278.5	3.7	-0.5	41.384277	2.118431
80	444.08	974.4	8.9	64.9	2.7	3.66	278.1	3.6	-0.5	41.38422	2.11846
81	448.56	973.9	8.85	64.9	2.6	3.62	277.1	3.6	-0.5	41.38422	2.118443
82	452.9	973.3	8.81	64.9	2.6	3.59	275.6	3.6	-0.4	41.384237	2.118431
83	457.93	972.8	8.74	65.2	2.6	3.55	273.9	3.5	-0.2	41.384272	2.118437
84	463.94	972	8.66	65.7	2.6	3.53	272.5	3.5	-0.2	41.384306	2.118471
85	470.43	971.3	8.62	67	2.8	3.52	271.5	3.5	-0.1	41.384323	2.118529
86	476.67	970.6	8.52	67.8	2.9	3.52	271.2	3.5	-0.1	41.384329	2.118603
87	482.21	969.9	8.48	68.3	3	3.51	271	3.5	-0.1	41.384318	2.118678
88	487.48	969.3	8.41	68.6	3	3.49	270.6	3.5	-0	41.3843	2.118758
89	492.61	968.7	8.36	69	3	3.44	269.6	3.4	0	41.384272	2.118815
91	502.77	967.5	8.29	69.1	3	3.37	268.2	3.4	0.1	41.384203	2.118849
92	508.03	966.9	8.27	69	2.9	3.26	266.5	3.3	0.2	41.384186	2.118827
93	512.83	966.3	8.24	69.1	2.9	3.14	264.9	3.1	0.3	41.38418	2.118792
94	517.25	965.8	8.2	69.6	3	3.04	263.5	3	0.3	41.384197	2.118769
95	521.61	965.3	8.15	70.5	3.1	2.98	262.3	3	0.4	41.384226	2.118769
96	526	964.8	8.08	70.8	3.1	2.95	260.9	2.9	0.5	41.384255	2.118798
97	530.88	964.2	8.03	71.2	3.1	2.89	259.2	2.8	0.5	41.384272	2.118838
98	536.37	963.6	7.99	71.4	3.1	2.79	256.9	2.7	0.6	41.384277	2.118867
99	540.82	963	7.94	71.6	3.1	2.65	254.1	2.6	0.7	41.384272	2.118895
100	545.19	962.5	7.89	71.7	3.1	2.52	251.2	2.4	0.8	41.384272	2.118918
101	549.43	962	7.85	71.8	3.1	2.42	248.4	2.2	0.9	41.384266	2.118953
103	559.56	960.9	7.73	72.2	3	2.37	246.2	2.2	1	41.384283	2.119056
105	570.56	959.6	7.66	72.3	3	2.34	244.3	2.1	1	41.384318	2.119119
106	574.75	959.1	7.61	72.5	3	2.32	242.5	2.1	1.1	41.384329	2.119102
107	578.74	958.6	7.57	72.5	3	2.28	240.1	2	1.1	41.384323	2.119073
108	583.52	958.1	7.5	72.7	2.9	2.22	237	1.9	1.2	41.384306	2.11905
109	589.53	957.4	7.45	73	2.9	2.16	233.4	1.7	1.3	41.384283	2.11905
110	594.86	956.8	7.4	73.2	2.9	2.13	229.7	1.6	1.4	41.384272	2.119067
111	599.32	956.2	7.38	73.3	2.9	2.15	226.8	1.6	1.5	41.384272	2.119084
112	603.66	955.7	7.31	73.5	2.9	2.2	224.4	1.5	1.6	41.384295	2.119084
113	608.79	955.1	7.22	73.7	2.8	2.25	222.4	1.5	1.7	41.384318	2.119061
114	615	954.4	7.17	74	2.9	2.28	220.5	1.5	1.7	41.384346	2.119027
115	621.5	953.7	7.13	74.4	2.9	2.25	218.4	1.4	1.8	41.384358	2.118993
117	630.83	952.6	7.06	74.8	2.9	2.2	216.6	1.3	1.8	41.384386	2.118998
118	634.41	952.2	7.01	75	2.9	2.14	215.1	1.2	1.8	41.384409	2.11905
119	638.92	951.6	6.94	75.3	2.9	2.09	213.5	1.2	1.7	41.384438	2.119113
121	650.25	950.3	6.85	75.6	2.8	2.08	211.4	1.1	1.8	41.384478	2.119193
122	654.81	949.8	6.8	75.8	2.8	2.09	209	1	1.8	41.384478	2.119193
125	666.73	948.4	6.69	76.4	2.8	2.11	206.3	0.9	1.9	41.384409	2.119102
126	671.44	947.9	6.66	76.5	2.8	2.14	203.7	0.9	2	41.384403	2.119113
127	675.37	947.4	6.59	76.7	2.8	2.17	201.7	0.8	2	41.384403	2.119147
128	680.32	946.9	6.55	77	2.8	2.21	200.7	0.8	2.1	41.384409	2.119188
130	692.51	945.5	6.43	77.3	2.8	2.24	200.6	0.8	2.1	41.384426	2.119222
131	698.06	944.8	6.39	77.3	2.7	2.3	201	0.8	2.1	41.384438	2.119199
132	702.81	944.3	6.34	77.4	2.7	2.34	200.5	0.8	2.2	41.384461	2.11917
133	708.74	943.6	6.27	77.6	2.7	2.38	199.5	0.8	2.2	41.384489	2.119147
134	715.08	942.9	6.23	78.1	2.7	2.4	197.4	0.7	2.3	41.38453	2.119147
135	721.15	942.2	6.16	78.4	2.7	2.4	195.7	0.6	2.3	41.384558	2.11917
137	733.29	940.8	6.09	78.6	2.7	2.38	194.3	0.6	2.3	41.38457	2.119233
138	739.31	940.1	6.04	78.6	2.6	2.36	193.3	0.5	2.3	41.38457	2.119251
139	744.82	939.4	6	78.4	2.5	2.36	192	0.5	2.3	41.384575	2.119256
140	750.33	938.8	5.93	78.4	2.5	2.36	189.9	0.4	2.3	41.384581	2.119262
141	755.89	938.2	5.88	78.6	2.5	2.37	186.7	0.3	2.4	41.384581	2.119273
142	761.9	937.5	5.81	78.6	2.4	2.41	183.1	0.1	2.4	41.38457	2.119279
143	767.37	936.9	5.75	78.8	2.4	2.47	180.2	0	2.5	41.384558	2.119279
144	772.86	936.2	5.72	78.9	2.4	2.53	178.6	-0.1	2.5	41.384547	2.119262
146	784.44	934.9	5.59	79.4	2.3	2.6	177.8	-0.1	2.6	41.384575	2.119188
147	789.81	934.3	5.54	79.6	2.3	2.66	178.2	-0.1	2.7	41.38461	2.119159
148	794.88	933.7	5.49	80.3	2.4	2.72	178.7	-0.1	2.7	41.384644	2.119153
149	799.27	933.2	5.47	80.7	2.4	2.78	179	-0	2.8	41.384661	2.11917
154	821.56	930.7	5.29	79.2	2	2.81	178.7	-0.1	2.8	41.384719	2.119153
155	826.9	930.1	5.24	79.3	2	2.83	178.6	-0.1	2.8	41.384736	2.119165
156	832.38	929.4	5.17	79.3	1.9	2.85	178.8	-0.1	2.8	41.384747	2.119176
157	836.99	928.9	5.13	79.4	1.9	2.87	179.1	-0	2.9	41.384753	2.119165
158	842.06	928.3	5.11	79.7	1.9	2.91	179.3	-0	2.9	41.384759	2.119142
163	861.48	926.1	4.9	80.7	1.9	2.98	179	-0.1	3	41.384862	2.119102
168	881.65	923.8	4.67	82.5	2	3.07	178.5	-0.1	3.1	41.384868	2.118993
174	904.51	921.3	4.47	83.3	1.9	3.17	177.8	-0.1	3.2	41.384994	2.118913
184	955.33	915.5	3.97	84.8	1.7	3.26	177	-0.2	3.3	41.385074	2.118775
187	967.82	914.1	3.86	85.2	1.6	3.33	176.1	-0.2	3.3	41.385148	2.118752
188	972.36	913.6	3.81	85.2	1.6	3.41	175	-0.3	3.4	41.385166	2.118769
193	997.46	910.8	3.59	85.7	1.4	3.47	174.3	-0.3	3.5	41.385188	2.118746
194	1002.92	910.2	3.54	85.6	1.4	3.54	173.4	-0.4	3.5	41.385206	2.118735
196	1013.63	909	3.45	85.3	1.2	3.61	172.6	-0.5	3.6	41.385251	2.118712
198	1024.38	907.8	3.34	85.3	1.1	3.69	172.2	-0.5	3.7	41.385309	2.118729
204	1044.04	905.6	3.16	87.6	1.3	3.77	172.1	-0.5	3.7	41.38532	2.118918
211	1072.01	902.5	2.88	88.7	1.2	3.82	171.8	-0.5	3.8	41.385435	2.118987
223	1123.61	896.7	2.41	89.7	0.9	3.83	171.5	-0.6	3.8	41.385555	2.118976
225	1130.21	896	2.32	90.4	0.9	3.84	170.9	-0.6	3.8	41.385624	2.119039
232	1156.04	893.1	2.09	91.3	0.8	3.85	170.3	-0.6	3.8	41.38579	2.119102
242	1196.07	888.7	1.75	91.5	0.5	3.85	169.6	-0.7	3.8	41.385865	2.11905
248	1219.39	886.1	1.55	92.3	0.4	3.82	169	-0.7	3.8	41.385916	2.118958
251	1230.36	884.9	1.44	92.5	0.4	3.8	168.4	-0.8	3.7	41.385928	2.118953
252	1234.43	884.5	1.41	92.6	0.3	3.77	167.5	-0.8	3.7	41.385939	2.118935
257	1251.89	882.6	1.26	92.9	0.2	3.72	166.4	-0.9	3.6	41.386008	2.118872
259	1257.82	881.9	1.19	93.1	0.2	3.62	164.6	-1	3.5	41.386077	2.118861
260	1260.92	881.6	1.17	93.2	0.2	3.5	162.1	-1.1	3.3	41.386111	2.118855
261	1264.04	881.2	1.14	93.3	0.2	3.36	159	-1.2	3.1	41.38614	2.118832
263	1271.14	880.5	1.08	93.5	0.2	3.23	155	-1.4	2.9	41.386174	2.118775
264	1275.35	880	1.08	93.6	0.2	3.11	150.3	-1.5	2.7	41.38618	2.118764
269	1296.36	877.7	0.9	94	0	3.04	144.9	-1.7	2.5	41.38622	2.118729
275	1319.65	875.2	0.74	94.6	-0	3	139.4	-2	2.3	41.386306	2.118643
277	1329.37	874.1	0.67	94.7	-0.1	3.01	133.5	-2.2	2.1	41.386317	2.118643
280	1346.62	872.2	0.56	94.7	-0.2	3.05	127.5	-2.4	1.9	41.38638	2.118678
290	1401.63	866.3	0.24	94.5	-0.5	3.12	121.6	-2.7	1.6	41.386512	2.118678
291	1407.45	865.6	0.27	94.6	-0.5	3.21	115.9	-2.9	1.4	41.386552	2.118666
292	1413.71	865	0.24	94.6	-0.5	3.31	110.7	-3.1	1.2	41.386586	2.118672
317	1521.19	853.5	1.78	60.7	-5	3.43	105.7	-3.3	0.9	41.386701	2.118603
327	1551.48	850.3	3.86	46.3	-6.6	3.57	101.4	-3.5	0.7	41.386638	2.118517
328	1554.89	850	3.97	45.6	-6.7	3.72	97.8	-3.7	0.5	41.386632	2.118483
329	1557.72	849.7	4.13	45.2	-6.7	3.87	94.9	-3.9	0.3	41.386621	2.118454
340	1594.26	845.9	4.67	38.6	-8.2	3.99	91.8	-4	0.1	41.386678	2.118311
345	1609.98	844.2	4.63	37.7	-8.5	4.12	88.8	-4.1	-0.1	41.386621	2.118191
350	1627.29	842.5	4.47	35.8	-9.3	4.23	85.6	-4.2	-0.3	41.386615	2.118099
352	1634.51	841.7	4.44	34.8	-9.7	4.36	82.5	-4.3	-0.6	41.386609	2.118024
356	1649.55	840.1	4.49	30.3	-11.4	4.5	79.2	-4.4	-0.8	41.386569	2.117944
368	1692.46	835.7	4.31	29.6	-11.9	4.65	75.9	-4.5	-1.1	41.386437	2.117612
373	1713.93	833.5	4.24	28.1	-12.6	4.84	72.9	-4.6	-1.4	41.386352	2.117537
379	1733.9	831.5	4.28	20.4	-16.4	5.03	70.3	-4.7	-1.7	41.38622	2.117446
381	1741.37	830.7	4.26	19.3	-17.1	5.23	67.8	-4.8	-2	41.38618	2.117406
469	2066.11	797.9	2.06	13.3	-23.2	5.41	65.3	-4.9	-2.3	41.385292	2.113905
486	2129.34	791.7	1.65	12.8	-23.9	5.58	62.8	-5	-2.5	41.385039	2.113005
487	2133.16	791.3	1.65	12.7	-24	5.75	60.9	-5	-2.8	41.385028	2.112931
521	2251.71	779.7	0.9	11.5	-25.7	5.92	59.3	-5.1	-3	41.384461	2.111602
522	2255.44	779.3	0.93	11.4	-25.8	6.06	57.7	-5.1	-3.2	41.384438	2.111561
525	2265.37	778.4	0.9	11.2	-26	6.19	56.5	-5.2	-3.4	41.384392	2.111458
526	2268.57	778	0.84	11.2	-26	6.28	55.7	-5.2	-3.5	41.384375	2.111435
531	2286.55	776.3	0.77	11	-26.3	6.35	55.3	-5.2	-3.6	41.384295	2.111338
532	2290.07	776	0.74	11	-26.3	6.39	55.2	-5.2	-3.6	41.384295	2.111298
533	2293.46	775.6	0.7	11	-26.3	6.4	55.2	-5.3	-3.7	41.3843	2.111246
536	2305.14	774.5	0.65	11.1	-26.3	6.42	55.4	-5.3	-3.6	41.384295	2.111103
538	2312.12	773.8	0.59	11.1	-26.3	6.42	55.7	-5.3	-3.6	41.384272	2.111057
563	2400.79	765.3	0.52	12.7	-24.9	6.41	56.1	-5.3	-3.6	41.383733	2.110398
570	2430.81	762.5	0.63	10.7	-26.7	6.38	56.5	-5.3	-3.5	41.383584	2.110192
578	2463.57	759.3	0.51	10.4	-27.1	6.32	57	-5.3	-3.4	41.383212	2.109911
592	2520.33	754	0.13	10.8	-27	6.26	57.6	-5.3	-3.4	41.382811	2.109573
598	2543.15	751.8	-0.09	10.7	-27.3	6.19	58.3	-5.3	-3.2	41.382679	2.109476
603	2562.77	750	-0.27	10.7	-27.4	6.11	59.1	-5.2	-3.1	41.382467	2.109298
613	2602.12	746.3	-0.7	10.8	-27.6	6.03	59.7	-5.2	-3	41.382278	2.109012
616	2614.71	745.1	-0.77	10.7	-27.8	5.94	60.2	-5.2	-2.9	41.382221	2.108897
661	2790.63	728.8	-2.4	10.5	-29.3	5.85	60.5	-5.1	-2.9	41.381143	2.108192
787	3222.07	689.8	-4.69	3.7	-41.4	5.74	60.7	-5	-2.8	41.378198	2.106348
913	3662.36	652	-6.17	9.9	-32.8	5.65	61.1	-5	-2.7	41.376972	2.105465
930	3721.77	647.1	-6.7	9.7	-33.5	5.59	61.8	-4.9	-2.6	41.376875	2.104835
996	3952.36	628.1	-8.94	11.3	-33.7	5.54	62.5	-4.9	-2.6	41.376394	2.102623
999	3963.52	627.2	-9.06	11.4	-33.7	5.52	63.6	-4.9	-2.5	41.376342	2.102549
1002	3974.76	626.3	-9.13	11.5	-33.7	5.49	64.7	-5	-2.3	41.376331	2.102429
1006	3989.89	625	-9.27	11.6	-33.7	5.47	66	-5	-2.2	41.376313	2.102251
1017	4029.54	621.8	-9.68	11.5	-34.1	5.45	67.3	-5	-2.1	41.376233	2.101861
1058	4178.64	609.9	-11.06	10.6	-36	5.42	68.8	-5.1	-2	41.376061	2.100435
1062	4192.22	608.8	-11.2	10	-36.7	5.4	70.4	-5.1	-1.8	41.376067	2.100274
1079	4254.26	603.9	-11.6	6.8	-40.7	5.39	72.3	-5.1	-1.6	41.376038	2.099621
1084	4270.77	602.6	-11.81	6.7	-41	5.41	74.3	-5.2	-1.5	41.376027	2.099426
1090	4293.14	600.8	-12.02	7.7	-39.9	5.44	76.2	-5.3	-1.3	41.376061	2.099335
1109	4363.7	595.3	-12.71	11.9	-36.2	5.47	78	-5.4	-1.1	41.376096	2.098762
1113	4378.53	594.1	-12.78	10.8	-37.2	5.5	79.6	-5.4	-1	41.376078	2.098693
1139	4470.69	587	-13.62	8.8	-39.8	5.52	81	-5.5	-0.9	41.375992	2.098
1151	4512.27	583.8	-14.06	8.5	-40.5	5.54	82.3	-5.5	-0.7	41.375964	2.097627
1154	4523.35	582.9	-14.13	9.4	-39.6	5.57	83.5	-5.5	-0.6	41.375941	2.09757
1162	4551.66	580.7	-14.38	10.2	-39	5.6	84.7	-5.6	-0.5	41.375907	2.097278
1164	4558.95	580.2	-14.43	9.7	-39.5	5.66	85.8	-5.6	-0.4	41.375918	2.097215
1169	4577.39	578.8	-14.6	9.3	-40.1	5.72	86.9	-5.7	-0.3	41.375895	2.097077
1171	4584.7	578.2	-14.67	9	-40.4	5.76	87.9	-5.8	-0.2	41.375889	2.09702
1182	4624.56	575.2	-14.99	9.8	-39.9	5.79	88.8	-5.8	-0.1	41.375952	2.09663
1183	4627.52	574.9	-15.07	9.9	-39.8	5.81	89.6	-5.8	-0	41.375941	2.096579
1185	4634.5	574.4	-15.12	10	-39.8	5.84	90.4	-5.8	0	41.375947	2.09647
1189	4648.26	573.4	-15.26	10.2	-39.7	5.87	91.1	-5.9	0.1	41.375952	2.096338
1196	4673.77	571.4	-15.46	10.7	-39.4	5.9	91.7	-5.9	0.2	41.375964	2.09604
1198	4681.05	570.9	-15.54	10.9	-39.3	5.93	92.3	-5.9	0.2	41.375964	2.095977
1200	4687.52	570.4	-15.61	11	-39.3	5.97	93	-6	0.3	41.375952	2.095908
1202	4694.81	569.8	-15.71	11	-39.3	6.01	93.5	-6	0.4	41.375947	2.095857
1213	4732.17	567	-16.06	11.7	-39	6.04	94	-6	0.4	41.375889	2.095473
1215	4739.06	566.5	-16.14	11.8	-39	6.09	94.5	-6.1	0.5	41.375872	2.09541
1217	4745.46	566	-16.19	12	-38.9	6.16	94.9	-6.1	0.5	41.375861	2.09533
1224	4770.18	564.1	-16.41	12.6	-38.6	6.22	95.6	-6.2	0.6	41.375935	2.094997
1227	4780.4	563.4	-16.56	12.7	-38.6	6.28	96.4	-6.2	0.7	41.375929	2.0949
1235	4808.08	561.3	-16.76	13.4	-38.3	6.33	97.3	-6.3	0.8	41.375907	2.094545
1238	4818.61	560.5	-16.92	13.5	-38.3	6.38	98.3	-6.3	0.9	41.375935	2.094441
1252	4867.35	556.9	-17.4	14	-38.4	6.44	99.4	-6.4	1	41.376027	2.093834
1262	4902.2	554.3	-17.8	15.1	-38	6.52	100.3	-6.4	1.2	41.376124	2.093347
1265	4913.76	553.4	-17.84	16.1	-37.4	6.58	101.1	-6.5	1.3	41.376187	2.093164
1283	4975.73	548.9	-18.37	20.5	-35.5	6.64	102	-6.5	1.4	41.376245	2.092322
1285	4982.84	548.3	-18.4	20.1	-35.7	6.69	102.9	-6.5	1.5	41.376273	2.092259
1290	4999.96	547.1	-18.44	18.4	-36.6	6.73	103.9	-6.5	1.6	41.376336	2.092087
1292	5006.36	546.6	-18.48	18	-36.8	6.76	104.8	-6.5	1.7	41.376336	2.092006
1301	5036.19	544.4	-18.73	16.8	-37.7	6.77	105.5	-6.5	1.8	41.376416	2.091754
1303	5043.54	543.9	-18.73	16.6	-37.8	6.8	106.1	-6.5	1.9	41.376405	2.091686
1305	5050.55	543.4	-18.73	16.2	-38.1	6.83	106.5	-6.6	1.9	41.376416	2.091611
1307	5057.47	542.9	-18.77	15.9	-38.3	6.87	106.6	-6.6	2	41.376445	2.09156
1333	5147.36	536.3	-19.21	14.6	-39.5	6.88	106.6	-6.6	2	41.376594	2.090517
1337	5160.52	535.4	-19.3	14.6	-39.5	6.88	106.5	-6.6	1.9	41.376674	2.090379
1341	5173.72	534.4	-19.41	14.7	-39.6	6.87	106.2	-6.6	1.9	41.376697	2.090133
1355	5222.33	531	-19.71	14.8	-39.8	6.85	105.7	-6.6	1.9	41.376967	2.089428
1360	5239.01	529.8	-19.8	14.6	-40	6.85	104.9	-6.6	1.8	41.377052	2.089262
1362	5244.93	529.3	-19.87	14.5	-40.1	6.86	103.8	-6.7	1.6	41.377087	2.089159
1366	5257.49	528.4	-19.95	14.2	-40.3	6.89	102.5	-6.7	1.5	41.377178	2.089033
1370	5270.19	527.5	-20.02	13.7	-40.7	6.93	101.1	-6.8	1.3	41.377282	2.088827
1377	5292.35	526	-20.09	12.8	-41.4	6.99	99.6	-6.9	1.2	41.377379	2.088592
1379	5298.97	525.5	-20.11	12.6	-41.6	7.04	98	-7	1	41.377419	2.088511
1390	5335.55	522.9	-20.31	11.7	-42.4	7.11	96.2	-7.1	0.8	41.377539	2.088099
1392	5342.31	522.4	-20.33	11.6	-42.5	7.2	94.4	-7.2	0.6	41.377528	2.088013
1396	5356.42	521.4	-20.4	11.3	-42.8	7.31	92.7	-7.3	0.3	41.37758	2.08791
1400	5369.84	520.5	-20.46	11.3	-42.9	7.42	90.9	-7.4	0.1	41.377637	2.087767
1408	5397.17	518.6	-20.6	11.4	-42.9	7.55	89.3	-7.5	-0.1	41.377648	2.087469
1443	5524.8	509.7	-21.41	11.4	-43.6	7.67	87.7	-7.7	-0.3	41.377499	2.086271
1460	5584.73	505.5	-21.87	11.3	-44	7.77	86	-7.8	-0.5	41.377499	2.085721
1463	5596.75	504.7	-21.87	10.9	-44.4	7.9	84.3	-7.9	-0.8	41.377499	2.085589
1515	5790.8	491.5	-23.24	8.3	-47.9	8.05	82.4	-8	-1.1	41.377184	2.083338
1534	5859.37	486.9	-23.77	8.6	-48	8.22	80.5	-8.1	-1.4	41.376915	2.082467
1540	5881.65	485.4	-23.92	8.7	-48	8.38	78.7	-8.2	-1.6	41.376818	2.082129
1547	5906.92	483.7	-24.12	8.8	-48	8.54	77	-8.3	-1.9	41.37676	2.08175
1549	5914.51	483.2	-24.2	8.8	-48.1	8.72	75.4	-8.4	-2.2	41.376737	2.081653
1578	6024.29	476	-25.17	9.3	-48.4	8.92	73.8	-8.6	-2.5	41.376434	2.079946
1585	6051.97	474.2	-25.39	9.7	-48.2	9.15	72.1	-8.7	-2.8	41.376371	2.079579
1587	6059.55	473.7	-25.46	9.8	-48.2	9.39	70.7	-8.9	-3.1	41.376331	2.079424
1628	6214.15	463.6	-26.54	9.2	-49.6	9.64	69.3	-9	-3.4	41.375826	2.077018
1635	6239.77	462	-26.74	8.9	-50	9.93	68.1	-9.2	-3.7	41.375723	2.076611
1661	6335.84	455.8	-27.56	8.7	-50.9	10.2	67	-9.4	-4	41.375167	2.075024
1684	6417.6	450.7	-28.12	7.8	-52.2	10.43	66.1	-9.5	-4.2	41.374537	2.07362
1693	6450.51	448.6	-28.34	7.4	-52.8	10.64	65.4	-9.7	-4.4	41.374274	2.073087
1708	6506.38	445.1	-28.7	6.8	-53.8	10.84	64.9	-9.8	-4.6	41.373895	2.072308
1723	6560.48	441.8	-29.11	6.7	-54.2	11.02	64.3	-9.9	-4.8	41.373575	2.071386
1732	6592.59	439.8	-29.38	6.7	-54.5	11.19	63.9	-10	-4.9	41.373374	2.070859
1734	6600.7	439.3	-29.47	6.7	-54.5	11.34	63.7	-10.2	-5	41.373334	2.070744
1738	6615.39	438.4	-29.56	6.7	-54.6	11.46	63.6	-10.3	-5.1	41.373242	2.070446
1744	6638.7	436.9	-29.79	6.8	-54.7	11.54	63.5	-10.3	-5.1	41.373139	2.070188
1746	6646.94	436.4	-29.88	6.9	-54.6	11.6	63.5	-10.4	-5.2	41.373088	2.070068
1748	6654.45	436	-29.99	6.9	-54.7	11.65	63.6	-10.4	-5.2	41.373007	2.06989
1760	6696.99	433.4	-30.27	7.2	-54.6	11.7	63.7	-10.5	-5.2	41.372692	2.069134
1787	6795	427.4	-31.02	7.4	-54.9	11.75	63.9	-10.6	-5.2	41.371947	2.067507
1792	6813.86	426.3	-31.16	7.5	-54.9	11.8	64.1	-10.6	-5.2	41.371821	2.067243
1795	6825.39	425.6	-31.21	7.6	-54.9	11.87	64.3	-10.7	-5.1	41.371724	2.067003
1814	6893.57	421.5	-31.88	8.1	-54.9	11.96	64.6	-10.8	-5.1	41.371162	2.065805
1844	7004.63	414.9	-32.86	8.5	-55.2	12.04	64.9	-10.9	-5.1	41.370509	2.064126
1893	7177.27	404.8	-34.51	9.4	-55.8	12.13	65.1	-11	-5.1	41.369461	2.061559
1894	7181.21	404.5	-34.53	9.5	-55.7	12.23	65.3	-11.1	-5.1	41.369444	2.061491
1920	7275.45	399.1	-35.49	12.2	-54.4	12.37	65.5	-11.3	-5.1	41.369128	2.060184
1931	7316.12	396.8	-35.76	15.5	-52.7	12.49	65.7	-11.4	-5.1	41.369002	2.059657
1940	7347.85	395	-36.03	17.7	-51.8	12.6	66	-11.5	-5.1	41.368894	2.059147
1987	7522.71	385.1	-37.6	24.1	-50.5	12.73	66.2	-11.6	-5.1	41.368515	2.05709
2057	7803.67	369.6	-39.72	31.1	-50.3	12.87	66.3	-11.8	-5.2	41.367673	2.054512
2071	7859.77	366.5	-40.18	31	-50.7	13.02	66.4	-11.9	-5.2	41.367335	2.053847
2099	7971.59	360.6	-40.89	29.3	-51.8	13.16	66.6	-12.1	-5.2	41.366699	2.051951
2102	7983.44	359.9	-41.01	29	-52	13.32	66.9	-12.2	-5.2	41.366676	2.051676
2208	8399.04	338.3	-43.71	23.6	-56.1	13.47	67.2	-12.4	-5.2	41.36506	2.044061
2220	8444.9	336	-43.89	22.1	-56.8	13.63	67.5	-12.6	-5.2	41.364889	2.043213
2272	8650.45	325.8	-45.52	19.7	-59.1	13.79	67.9	-12.8	-5.2	41.363955	2.038922
2323	8837.01	316.8	-46.9	17.8	-61	13.93	68.3	-12.9	-5.1	41.362872	2.034797
2328	8855.58	315.9	-47.13	17	-61.6	14.09	68.7	-13.1	-5.1	41.362814	2.034413
2374	9030.25	307.6	-48.63	14.4	-64.1	14.27	69	-13.3	-5.1	41.361606	2.030648
2386	9076.12	305.5	-48.92	14.5	-64.3	14.42	69.4	-13.5	-5.1	41.361319	2.029772
2422	9213.8	299.1	-49.86	17.6	-63.7	14.57	69.8	-13.7	-5	41.360305	2.027079
2425	9224.95	298.6	-49.87	17.4	-63.8	14.73	70.2	-13.9	-5	41.360219	2.026787
2566	9769.93	274.3	-53.71	15.1	-68	14.86	70.6	-14	-4.9	41.355864	2.014703
2589	9856.45	270.6	-54.36	15.8	-68.3	14.98	70.8	-14.2	-4.9	41.355469	2.012549
2595	9879.28	269.6	-54.66	16	-68.5	15.08	71.1	-14.3	-4.9	41.35528	2.012067
2598	9891.86	269.1	-54.56	15.9	-68.4	15.19	71.2	-14.4	-4.9	41.355194	2.011787
2602	9907.17	268.5	-54.62	15.9	-68.5	15.26	71.3	-14.5	-4.9	41.355114	2.011449
2612	9947.92	266.8	-55.07	15.9	-68.8	15.32	71.4	-14.5	-4.9	41.354839	2.010509
2622	9990.93	265	-55.54	15.7	-69.3	15.35	71.5	-14.6	-4.9	41.354598	2.009495
2623	9994.92	264.8	-55.56	15.7	-69.4	15.35	71.6	-14.6	-4.9	41.354547	2.009397
2630	10020.33	263.7	-55.76	15.8	-69.5	15.38	71.6	-14.6	-4.9	41.354386	2.008761
2639	10057.59	262.2	-56.05	16	-69.6	15.33	71.5	-14.5	-4.9	41.354077	2.007873
2647	10090.05	260.9	-56.26	16.1	-69.8	15.24	71.3	-14.4	-4.9	41.353853	2.007065
2667	10170.84	257.6	-57.03	15.7	-70.6	15.11	71.1	-14.3	-4.9	41.353343	2.004923
2672	10190.02	256.8	-57.05	15.6	-70.7	14.97	70.9	-14.1	-4.9	41.353275	2.004453
2677	10208.64	256	-57.2	15.6	-70.8	14.81	70.5	-14	-4.9	41.353235	2.003851
2691	10262.96	253.8	-57.45	15.7	-71	14.62	70.1	-13.7	-5	41.352971	2.002482
2695	10278.51	253.2	-57.51	15.8	-71	14.44	69.4	-13.5	-5.1	41.352902	2.002144
2751	10502.58	244.3	-58.71	14.9	-72.4	14.26	68.5	-13.3	-5.2	41.351968	1.997858
2756	10521.81	243.6	-58.9	14.8	-72.6	14.08	67.6	-13	-5.4	41.351917	1.997428
2764	10553.74	242.3	-59.18	14.7	-72.9	13.87	66.7	-12.7	-5.5	41.351762	1.996895
2777	10603.16	240.4	-59.55	14.4	-73.3	13.61	65.6	-12.4	-5.6	41.35159	1.996053
2779	10610.33	240.2	-59.64	14.4	-73.4	13.37	64.3	-12	-5.8	41.351544	1.99591
2782	10622.1	239.7	-59.75	14.3	-73.5	13.1	63.1	-11.7	-5.9	41.351464	1.995681
2794	10670.56	237.8	-60.17	14.2	-74	12.88	61.9	-11.4	-6.1	41.351292	1.994896
2795	10674	237.7	-60.19	14.2	-74	12.66	60.7	-11	-6.2	41.351275	1.994816
2816	10761.63	234.4	-60.92	14.5	-74.5	12.45	59.5	-10.7	-6.3	41.350828	1.993584
2824	10793.25	233.2	-61.12	14.6	-74.6	12.23	58.4	-10.4	-6.4	41.350628	1.993108
2843	10871.26	230.3	-61.62	14.9	-74.9	11.99	57.5	-10.1	-6.4	41.350318	1.992123
2914	11155.14	219.9	-62.68	14	-76.2	11.76	56.7	-9.8	-6.5	41.347516	1.987826
2922	11187.56	218.7	-62.52	14	-76	11.57	56	-9.6	-6.5	41.347127	1.987241
2958	11337.19	213.5	-62.85	13.6	-76.5	11.39	55.2	-9.4	-6.5	41.346348	1.985007
3022	11596.12	204.7	-62.96	12.2	-77.3	11.28	54.5	-9.2	-6.5	41.344686	1.982526
3057	11740.63	200	-62.17	11.2	-77.2	11.17	54.1	-9	-6.6	41.343185	1.981678
3066	11775.97	198.8	-62.19	10.6	-77.5	11.13	53.8	-9	-6.6	41.342847	1.981443
3108	11951.93	193.2	-62.45	8	-79.5	11.06	53.5	-8.9	-6.6	41.341048	1.980274
3109	11956.18	193.1	-62.48	7.9	-79.6	11.02	53.4	-8.8	-6.6	41.340985	1.980222
3324	12852.07	167	-61.94	1.9	-87.4	11	53.4	-8.8	-6.6	41.328815	1.972436
