ftr_time	ftr_alt	ftr_pres	ftr_temp	ftr_hum	ftr_DP	ftr_WF	ftr_WD	ftr_VEF	ftr_VNF	ftr_LAT	ftr_LON
0	98	1012.2	11.38	75.6	7.2	2.14	17	-3.9	-3.9	41.384306	2.117228
7	125.84	1008.8	11.25	76.4	7.3	5.54	45.2	-3.9	-3.9	41.383779	2.116844
8	128.63	1008.4	11.25	77.6	7.5	5.55	44.9	-3.9	-3.9	41.383716	2.116838
9	130.5	1008.2	11.23	78.5	7.6	5.55	44.6	-3.9	-4	41.38371	2.11681
10	136.72	1007.5	11.18	79.3	7.7	5.53	44.5	-3.9	-3.9	41.383722	2.11677
11	142.52	1006.8	11.16	80.1	7.9	5.48	44.6	-3.8	-3.9	41.383739	2.116741
14	206.37	999.1	11.11	81.8	8.1	5.44	44.5	-3.8	-3.9	41.384008	2.117165
16	208.26	998.9	11.04	82.7	8.2	5.42	44.2	-3.8	-3.9	41.383945	2.117148
17	210.54	998.6	10.99	83	8.2	5.41	43.6	-3.7	-3.9	41.383922	2.117154
18	213.68	998.2	10.97	83.4	8.3	5.39	43.3	-3.7	-3.9	41.383922	2.117159
19	216.58	997.9	10.92	83.7	8.3	5.36	43.5	-3.7	-3.9	41.383922	2.117131
20	220.61	997.4	10.87	84	8.3	5.33	43.8	-3.7	-3.9	41.383934	2.117085
21	223.68	997	10.84	84.2	8.3	5.3	44.7	-3.7	-3.8	41.383928	2.117033
22	227.52	996.6	10.77	84.5	8.3	5.25	45.9	-3.8	-3.7	41.383911	2.116987
23	231.8	996.1	10.75	84.7	8.3	5.22	46.8	-3.8	-3.6	41.383888	2.116964
24	235.41	995.6	10.72	84.9	8.3	5.21	47.4	-3.8	-3.5	41.383865	2.116964
25	239.15	995.2	10.68	85.1	8.3	5.23	47.5	-3.9	-3.5	41.383842	2.116964
26	242.48	994.8	10.65	84.9	8.2	5.21	48	-3.9	-3.5	41.383825	2.116964
27	246.44	994.3	10.63	85	8.2	5.17	48.9	-3.9	-3.4	41.383825	2.116953
28	250.28	993.9	10.6	85.3	8.2	5.13	50.1	-3.9	-3.3	41.383825	2.116924
30	258.05	992.9	10.51	85.6	8.2	5.1	50.9	-4	-3.2	41.383808	2.116844
31	261.94	992.5	10.44	85.8	8.2	5.09	50.9	-3.9	-3.2	41.38379	2.116815
32	265.99	992	10.41	85.9	8.2	5.05	50.9	-3.9	-3.2	41.383768	2.116793
33	270	991.5	10.41	85.3	8.1	5.01	50.2	-3.8	-3.2	41.383756	2.116775
34	274.08	991	10.39	85.2	8	4.96	49.2	-3.8	-3.2	41.383739	2.116758
35	278	990.6	10.37	85.2	8	4.91	48.6	-3.7	-3.2	41.383727	2.116735
36	281.38	990.2	10.32	85.3	8	4.85	48.5	-3.6	-3.2	41.38371	2.116718
37	285.7	989.6	10.29	85.4	8	4.78	48.8	-3.6	-3.1	41.383693	2.116707
38	288.89	989.3	10.27	85.5	7.9	4.74	49.1	-3.6	-3.1	41.383676	2.116689
39	292.84	988.8	10.22	85.6	7.9	4.71	49.2	-3.6	-3.1	41.383676	2.116672
40	296.39	988.4	10.2	85.8	7.9	4.66	49	-3.5	-3.1	41.383676	2.116649
41	299.13	988.1	10.15	85.8	7.9	4.61	48.7	-3.5	-3	41.383676	2.116609
42	303.34	987.6	10.13	86	7.9	4.55	48.7	-3.4	-3	41.383659	2.116563
43	307.17	987.1	10.1	86	7.9	4.51	48.9	-3.4	-3	41.383641	2.116512
44	310.37	986.7	10.06	86.1	7.8	4.48	49.1	-3.4	-2.9	41.383619	2.116477
45	313.95	986.3	10.06	85.6	7.8	4.44	49.2	-3.4	-2.9	41.38359	2.116455
46	317.87	985.8	10.06	85.2	7.7	4.39	49.2	-3.3	-2.9	41.383573	2.116443
47	321.79	985.4	10.01	85.4	7.7	4.33	48.9	-3.3	-2.8	41.383561	2.116437
48	325.97	984.9	9.98	85.4	7.6	4.27	48.3	-3.2	-2.8	41.38355	2.116432
49	330.66	984.3	9.96	85.4	7.6	4.22	47.6	-3.1	-2.8	41.383538	2.11642
50	333.77	984	9.91	85.5	7.6	4.17	46.8	-3	-2.9	41.383521	2.116409
51	337.29	983.5	9.87	85.7	7.6	4.13	46.1	-3	-2.9	41.38351	2.116409
52	341.5	983	9.82	85.8	7.6	4.1	45.4	-2.9	-2.9	41.383504	2.116409
53	346	982.5	9.77	85.9	7.5	4.05	44.7	-2.8	-2.9	41.383492	2.116397
54	351.19	981.9	9.72	85.9	7.5	4	44	-2.8	-2.9	41.383475	2.116369
55	355.65	981.4	9.7	86.1	7.5	3.95	43.4	-2.7	-2.9	41.383458	2.116328
56	358.21	981.1	9.65	86.3	7.5	3.92	43	-2.7	-2.9	41.383441	2.116288
57	361.99	980.6	9.61	86.4	7.5	3.89	42.7	-2.6	-2.9	41.383441	2.116254
58	365.96	980.1	9.58	86.5	7.4	3.88	42.4	-2.6	-2.9	41.383435	2.116231
59	370.14	979.7	9.53	86.7	7.4	3.86	42.2	-2.6	-2.9	41.383435	2.11622
60	374.16	979.2	9.49	86.8	7.4	3.84	42.2	-2.6	-2.8	41.383424	2.11622
61	378.2	978.7	9.44	87	7.4	3.81	42.4	-2.6	-2.8	41.383412	2.11622
62	382.31	978.2	9.42	87.1	7.4	3.79	43	-2.6	-2.8	41.383395	2.116208
63	386	977.8	9.37	87.2	7.4	3.78	43.8	-2.6	-2.7	41.383378	2.116202
64	388.88	977.4	9.32	87.3	7.3	3.79	44.8	-2.7	-2.7	41.383361	2.116197
65	392.99	977	9.3	87.4	7.3	3.8	45.7	-2.7	-2.7	41.383344	2.116197
66	396.82	976.5	9.26	87.5	7.3	3.81	46.5	-2.8	-2.6	41.383332	2.116197
67	401.7	975.9	9.23	87.6	7.3	3.82	47	-2.8	-2.6	41.383321	2.116185
69	409.04	975.1	9.16	87.7	7.2	3.82	47.3	-2.8	-2.6	41.383286	2.116151
70	414.17	974.5	9.11	87.9	7.2	3.82	47.4	-2.8	-2.6	41.383263	2.116139
71	417.8	974	9.09	88	7.2	3.83	47.4	-2.8	-2.6	41.383246	2.116122
72	421.45	973.6	9.04	88.2	7.2	3.86	47.3	-2.8	-2.6	41.38324	2.116111
73	425.33	973.2	9	88.3	7.2	3.89	47.4	-2.9	-2.6	41.383235	2.116094
74	429.84	972.6	8.95	88.5	7.2	3.92	47.4	-2.9	-2.7	41.383235	2.116076
75	433.99	972.1	8.9	88.6	7.1	3.95	47.6	-2.9	-2.7	41.383223	2.116053
76	438.39	971.6	8.85	88.7	7.1	3.98	47.7	-2.9	-2.7	41.383206	2.116025
77	443.05	971.1	8.83	88.7	7.1	4.03	47.9	-3	-2.7	41.383183	2.115996
78	447.7	970.5	8.81	88.7	7.1	4.08	48.2	-3	-2.7	41.38316	2.115968
79	452.5	970	8.74	88.8	7	4.14	48.6	-3.1	-2.7	41.383149	2.115945
80	457.29	969.4	8.71	88.9	7	4.19	49.3	-3.2	-2.7	41.383137	2.115922
81	461.98	968.9	8.67	89.1	7	4.24	50.2	-3.3	-2.7	41.383132	2.115899
82	466.66	968.3	8.62	89.3	7	4.28	51.2	-3.3	-2.7	41.383132	2.115882
83	471.34	967.8	8.57	89.3	6.9	4.32	52.2	-3.4	-2.6	41.383132	2.115864
84	476.07	967.2	8.52	89.5	6.9	4.35	53	-3.5	-2.6	41.383132	2.115841
85	480.99	966.6	8.48	89.7	6.9	4.39	53.5	-3.5	-2.6	41.383126	2.115819
87	490.53	965.5	8.38	90.1	6.9	4.41	53.9	-3.6	-2.6	41.383097	2.115773
88	495.09	965	8.34	90.3	6.8	4.42	54.2	-3.6	-2.6	41.38308	2.115744
89	499.73	964.5	8.29	90.5	6.8	4.41	54.6	-3.6	-2.6	41.383057	2.115721
90	504.13	963.9	8.24	90.7	6.8	4.37	55.2	-3.6	-2.5	41.38304	2.115704
91	508.38	963.4	8.2	90.9	6.8	4.33	56	-3.6	-2.4	41.383023	2.115687
93	517.2	962.4	8.1	91.3	6.8	4.27	56.9	-3.6	-2.3	41.382971	2.115658
94	520.83	962	8.06	91.7	6.8	4.21	57.7	-3.6	-2.3	41.38296	2.115629
95	525.18	961.5	8.03	91.9	6.8	4.15	58.4	-3.5	-2.2	41.382948	2.115601
97	533.3	960.5	7.94	92.1	6.7	4.08	59.1	-3.5	-2.1	41.382942	2.115544
98	537.33	960.1	7.91	92.4	6.8	3.99	59.8	-3.5	-2	41.382937	2.115509
99	541.61	959.6	7.87	92.7	6.8	3.9	60.6	-3.4	-1.9	41.382925	2.115486
101	550.3	958.6	7.77	93	6.7	3.81	61.6	-3.3	-1.8	41.382891	2.115458
102	554.2	958.1	7.73	93.2	6.7	3.7	62.7	-3.3	-1.7	41.382874	2.115452
103	558.85	957.6	7.68	93.4	6.7	3.6	63.7	-3.2	-1.6	41.382857	2.11544
104	563.73	957	7.64	93.6	6.7	3.51	64.8	-3.2	-1.5	41.382845	2.115417
105	568.69	956.4	7.57	93.7	6.6	3.42	66	-3.1	-1.4	41.382834	2.115395
106	573.81	955.8	7.52	93.9	6.6	3.32	67.2	-3.1	-1.3	41.382828	2.11536
107	579.13	955.2	7.47	94.1	6.6	3.22	68.3	-3	-1.2	41.382822	2.115337
108	584.22	954.6	7.45	94.1	6.6	3.11	69.4	-2.9	-1.1	41.382811	2.115309
109	589.5	954	7.4	94.1	6.5	2.98	70.5	-2.8	-1	41.382805	2.115286
110	594.57	953.4	7.33	94.1	6.4	2.86	71.9	-2.7	-0.9	41.382799	2.115269
114	614.61	951.1	7.24	92.5	6.1	2.73	73.5	-2.6	-0.8	41.382759	2.115223
116	624.91	949.9	7.15	92.3	6	2.61	75.2	-2.5	-0.7	41.382753	2.1152
117	630.38	949.3	7.12	91.8	5.9	2.51	77.1	-2.4	-0.6	41.382765	2.115188
118	635.68	948.7	7.12	91.3	5.8	2.41	79	-2.4	-0.5	41.382782	2.115177
119	640.83	948.1	7.1	90.7	5.7	2.32	80.9	-2.3	-0.4	41.382793	2.11516
120	646.04	947.5	7.05	90.6	5.6	2.22	82.9	-2.2	-0.3	41.382805	2.115137
122	656.56	946.3	7.08	88.4	5.3	2.12	84.8	-2.1	-0.2	41.382805	2.115108
123	661.82	945.7	7.05	87.7	5.2	2.03	87.2	-2	-0.1	41.382811	2.115097
124	666.93	945.1	7.01	87.4	5.1	1.94	90.2	-1.9	0	41.382811	2.115085
125	672.26	944.5	6.99	87.4	5	1.87	93.7	-1.9	0.1	41.382811	2.115074
128	687.21	942.8	6.85	87.6	4.9	1.81	97.5	-1.8	0.2	41.382822	2.115039
129	692.34	942.2	6.78	87.7	4.9	1.77	101.6	-1.7	0.4	41.382822	2.115039
130	698.1	941.5	6.71	87.9	4.9	1.74	105.9	-1.7	0.5	41.382828	2.115039
131	703.75	940.9	6.64	88.2	4.8	1.72	110.2	-1.6	0.6	41.382834	2.115034
133	714.38	939.7	6.57	88.1	4.7	1.73	114.1	-1.6	0.7	41.382851	2.115022
134	720.05	939	6.52	88.2	4.7	1.74	117.9	-1.5	0.8	41.382851	2.115011
136	730.45	937.8	6.39	89.3	4.8	1.77	121.6	-1.5	0.9	41.382839	2.114993
137	735.63	937.2	6.32	89.7	4.8	1.8	125.3	-1.5	1	41.382834	2.114993
139	745.63	936.1	6.2	90.3	4.7	1.85	128.6	-1.4	1.2	41.382839	2.114988
141	756.7	934.8	6.11	90.5	4.7	1.92	131.6	-1.4	1.3	41.382851	2.114971
144	772.95	933	5.95	90.9	4.6	2.01	134.3	-1.4	1.4	41.382868	2.114948
145	778.44	932.3	5.9	91.1	4.6	2.12	136.7	-1.5	1.5	41.382868	2.114942
147	789.45	931.1	5.81	91.2	4.5	2.23	138.7	-1.5	1.7	41.382862	2.114925
148	795.07	930.5	5.77	91.3	4.5	2.35	140.5	-1.5	1.8	41.382862	2.114919
153	822.67	927.3	5.49	92.7	4.4	2.47	142.3	-1.5	2	41.382874	2.114879
154	828.06	926.7	5.42	92.7	4.3	2.61	143.8	-1.5	2.1	41.382879	2.114873
155	833.61	926.1	5.4	92.8	4.3	2.76	144.6	-1.6	2.3	41.382891	2.114862
159	855.63	923.6	5.17	93.6	4.2	2.94	144.9	-1.7	2.4	41.382908	2.114839
160	860.85	923	5.13	93.9	4.2	3.13	144.9	-1.8	2.6	41.38292	2.114833
161	866.41	922.4	5.06	94.2	4.2	3.34	144.8	-1.9	2.7	41.382931	2.114822
163	877.85	921.1	4.97	94.5	4.2	3.55	144.5	-2.1	2.9	41.382954	2.114804
169	915.7	916.8	4.65	95.9	4.1	3.76	144.3	-2.2	3.1	41.382983	2.114764
170	922.23	916.1	4.6	96.1	4	3.99	144.2	-2.3	3.2	41.383	2.114753
171	929.01	915.3	4.56	96.2	4	4.22	144.2	-2.5	3.4	41.383028	2.11473
173	943.15	913.7	4.45	96.4	3.9	4.46	144.4	-2.6	3.6	41.383074	2.114673
182	992.74	908.2	4.17	97.2	3.8	4.71	144.6	-2.7	3.8	41.383212	2.114547
185	1005.92	906.7	3.9	96.9	3.5	4.96	144.9	-2.9	4.1	41.38328	2.114529
186	1010.62	906.2	3.88	97	3.4	5.2	145.4	-3	4.3	41.383298	2.114529
191	1036.75	903.3	3.65	96.8	3.2	5.45	146	-3	4.5	41.383407	2.114489
194	1052.79	901.5	3.7	97.6	3.4	5.68	146.7	-3.1	4.7	41.383487	2.114461
195	1057.7	901	3.68	97.8	3.4	5.9	147.4	-3.2	5	41.383515	2.114432
196	1063.14	900.4	3.65	97.9	3.3	6.12	148.2	-3.2	5.2	41.383544	2.114409
197	1068.71	899.7	3.61	97.9	3.3	6.33	149	-3.3	5.4	41.383567	2.114392
199	1080.02	898.5	3.45	97.8	3.1	6.54	149.7	-3.3	5.6	41.383624	2.114375
202	1098.8	896.4	3.04	97.2	2.6	6.72	150.2	-3.3	5.8	41.38371	2.114335
204	1108.21	895.4	2.3	89.1	0.7	6.88	150.6	-3.4	6	41.383768	2.114254
205	1112.92	894.9	2.19	85.3	-0	7.03	150.8	-3.4	6.1	41.383773	2.114203
206	1118.09	894.3	1.61	68.9	-3.5	7.18	150.9	-3.5	6.3	41.383785	2.114151
208	1127.47	893.2	1.34	55.1	-6.7	7.33	150.8	-3.6	6.4	41.383813	2.114071
209	1132.87	892.6	1.49	51.3	-7.4	7.45	150.7	-3.6	6.5	41.383848	2.114037
210	1137.08	892.2	1.67	48.1	-8.1	7.55	150.5	-3.7	6.6	41.383888	2.113997
212	1145.04	891.3	2.08	46.1	-8.3	7.62	150.2	-3.8	6.6	41.383957	2.113928
214	1154.25	890.3	2.66	38.8	-9.9	7.67	149.8	-3.9	6.6	41.384025	2.113888
215	1157.74	889.9	2.98	36.3	-10.5	7.7	149.3	-3.9	6.6	41.384065	2.113876
218	1171.32	888.4	4.15	30.7	-11.6	7.74	148.6	-4	6.6	41.384203	2.113825
219	1176.59	887.8	4.6	32.4	-10.5	7.76	148	-4.1	6.6	41.384249	2.113802
221	1185.81	886.8	5.42	32	-9.9	7.77	147.4	-4.2	6.5	41.384329	2.113756
222	1189.02	886.5	5.72	31.3	-9.9	7.76	147	-4.2	6.5	41.384358	2.113727
224	1197.14	885.6	6.04	30.9	-9.8	7.74	146.9	-4.2	6.5	41.384426	2.113699
225	1201.68	885.1	6.06	29.9	-10.2	7.69	146.8	-4.2	6.4	41.384461	2.113687
226	1206.05	884.6	6.11	28.1	-11	7.63	146.7	-4.2	6.4	41.384501	2.113676
227	1210.07	884.2	6.13	26.2	-11.8	7.56	146.6	-4.2	6.3	41.384547	2.11367
228	1213.97	883.8	6.18	24.5	-12.6	7.47	146.6	-4.1	6.2	41.384587	2.113658
229	1218.96	883.2	6.2	23.6	-13	7.38	146.4	-4.1	6.1	41.384633	2.113641
231	1228.03	882.3	6.16	22.4	-13.7	7.28	146.2	-4.1	6	41.384701	2.113578
232	1232.41	881.8	6.13	22	-14	7.15	146	-4	5.9	41.384736	2.113538
233	1235.07	881.5	6.09	21.6	-14.2	7.01	145.8	-3.9	5.8	41.384764	2.113492
234	1239.59	881	6.04	21.2	-14.5	6.86	145.6	-3.9	5.7	41.384793	2.113447
235	1243.94	880.5	6.02	20.8	-14.7	6.71	145.1	-3.8	5.5	41.384822	2.113406
236	1247.54	880.2	5.99	20.6	-14.9	6.56	144.3	-3.8	5.3	41.384839	2.113378
237	1252.23	879.7	5.95	20.7	-14.8	6.42	143.4	-3.8	5.2	41.384856	2.113361
238	1256.8	879.2	5.95	20.6	-14.9	6.29	142.3	-3.8	5	41.384868	2.113338
239	1261.33	878.7	5.9	20.3	-15.1	6.16	141	-3.9	4.8	41.384885	2.113315
240	1265.26	878.3	5.86	20.8	-14.9	6.05	139.6	-3.9	4.6	41.384908	2.113286
241	1269.31	877.8	5.86	20.8	-14.9	5.96	138.2	-4	4.4	41.384931	2.113252
243	1277.82	876.9	5.95	18.6	-16.1	5.88	136.9	-4	4.3	41.384976	2.113183
246	1291.09	875.5	5.95	18.6	-16.1	5.82	135.6	-4.1	4.2	41.385034	2.113091
247	1296.15	874.9	5.93	19.4	-15.6	5.76	134.4	-4.1	4	41.385051	2.113074
248	1300.6	874.5	5.93	19.9	-15.3	5.72	133.3	-4.2	3.9	41.385062	2.113057
249	1305.72	873.9	5.86	21	-14.7	5.67	132.1	-4.2	3.8	41.385074	2.113028
250	1310.96	873.4	5.83	22.1	-14.2	5.63	131	-4.2	3.7	41.385091	2.113
254	1329.32	871.4	5.74	22.8	-13.9	5.58	130.1	-4.3	3.6	41.385137	2.112896
255	1333.65	870.9	5.72	22.7	-13.9	5.55	129.4	-4.3	3.5	41.385143	2.112891
257	1342.83	870	5.7	22.4	-14.1	5.52	128.8	-4.3	3.5	41.38516	2.112845
260	1357.45	868.4	5.65	22.4	-14.1	5.5	128.2	-4.3	3.4	41.385206	2.112765
263	1373.05	866.7	5.61	21.9	-14.5	5.47	127.7	-4.3	3.3	41.385246	2.112719
264	1378.45	866.2	5.61	21.4	-14.7	5.43	127.2	-4.3	3.3	41.385263	2.112707
272	1415.34	862.3	5.33	21.7	-14.8	5.4	126.7	-4.3	3.2	41.385395	2.112547
275	1435.8	860.1	5.22	22.4	-14.5	5.37	126	-4.3	3.2	41.385435	2.112501
276	1439.74	859.7	5.19	22.4	-14.5	5.35	125.3	-4.4	3.1	41.385446	2.112472
278	1449.94	858.6	5.13	22.5	-14.5	5.33	124.7	-4.4	3	41.385481	2.112409
279	1454.19	858.2	5.08	22.4	-14.6	5.33	124	-4.4	3	41.385492	2.112369
282	1469.57	856.5	4.94	21.8	-15.1	5.35	123.4	-4.5	2.9	41.385504	2.112295
285	1484.39	855	4.83	21.5	-15.3	5.37	122.7	-4.5	2.9	41.385544	2.112249
287	1492.91	854.1	4.79	21.9	-15.1	5.4	122.2	-4.6	2.9	41.385601	2.112169
288	1498.06	853.6	4.76	22.2	-15	5.42	121.7	-4.6	2.8	41.38563	2.112123
289	1503.45	853	4.69	22.3	-15	5.44	121.3	-4.6	2.8	41.385658	2.112077
290	1507.78	852.5	4.65	22.3	-15	5.48	120.8	-4.7	2.8	41.385681	2.112037
291	1512.77	852	4.63	22.2	-15.1	5.53	120.4	-4.8	2.8	41.385698	2.112003
294	1527.51	850.5	4.47	22.2	-15.2	5.58	119.9	-4.8	2.8	41.385733	2.111928
295	1532.17	850	4.42	22.2	-15.3	5.63	119.5	-4.9	2.8	41.385738	2.111911
296	1537.42	849.4	4.38	22.1	-15.4	5.66	119.1	-4.9	2.8	41.38575	2.111888
297	1542.44	848.9	4.36	22.1	-15.4	5.66	118.7	-5	2.7	41.385761	2.111865
298	1547.71	848.4	4.29	22.1	-15.5	5.66	118.4	-5	2.7	41.385767	2.111836
299	1553.34	847.8	4.24	22.1	-15.5	5.64	118	-5	2.6	41.385779	2.111791
300	1558.45	847.2	4.22	22	-15.6	5.61	117.6	-5	2.6	41.385796	2.111745
304	1578.37	845.2	4.08	21.8	-15.8	5.57	117	-5	2.5	41.385819	2.111607
305	1582.31	844.8	4.04	21.7	-15.9	5.51	116.5	-4.9	2.5	41.38583	2.111579
306	1586.5	844.3	4.02	21.5	-16	5.43	116	-4.9	2.4	41.385836	2.11155
307	1591.73	843.8	3.99	21.4	-16.1	5.32	115.5	-4.8	2.3	41.385842	2.111527
308	1595.62	843.4	3.99	21.1	-16.3	5.22	115.1	-4.7	2.2	41.385842	2.111504
312	1612.01	841.7	3.88	20.4	-16.8	5.14	114.8	-4.7	2.2	41.385899	2.111332
313	1615.78	841.3	3.86	20.4	-16.8	5.06	114.5	-4.6	2.1	41.385916	2.111286
314	1620.86	840.8	3.81	20.7	-16.6	4.99	114.2	-4.6	2	41.385928	2.111246
315	1625.66	840.3	3.77	20.8	-16.6	4.92	113.7	-4.5	2	41.385939	2.111212
320	1648.15	837.9	3.63	21.5	-16.3	4.84	113.4	-4.4	1.9	41.385979	2.111137
321	1653.2	837.4	3.63	21.6	-16.3	4.77	113.1	-4.4	1.9	41.385985	2.111115
333	1707.99	831.8	3.27	20	-17.5	4.7	112.9	-4.3	1.8	41.386162	2.110799
334	1712.3	831.3	3.22	20.6	-17.2	4.63	112.7	-4.3	1.8	41.38618	2.110754
335	1716.87	830.8	3.18	21.4	-16.8	4.59	112.5	-4.2	1.8	41.386185	2.110719
336	1721.93	830.3	3.13	22.7	-16.1	4.54	112.3	-4.2	1.7	41.386191	2.110691
337	1726.18	829.9	3.09	23.4	-15.8	4.5	112.1	-4.2	1.7	41.386191	2.110679
339	1734.91	829	2.98	24.7	-15.2	4.44	111.9	-4.1	1.7	41.386185	2.110668
340	1739.39	828.5	2.93	26.3	-14.5	4.37	111.6	-4.1	1.6	41.386191	2.110656
342	1748.83	827.6	2.82	28	-13.8	4.31	111.4	-4	1.6	41.386214	2.110622
346	1767.9	825.6	2.66	28	-14	4.22	111.3	-3.9	1.5	41.38626	2.110461
347	1773.7	825	2.59	28	-14	4.13	111	-3.9	1.5	41.386266	2.110427
348	1778.39	824.5	2.57	28.1	-14	4.04	110.8	-3.8	1.4	41.386271	2.110404
349	1783.5	824	2.53	28.2	-14	3.95	110.6	-3.7	1.4	41.386283	2.110393
350	1788.57	823.5	2.48	28.3	-14	3.85	110.4	-3.6	1.3	41.386289	2.110375
351	1793.19	823	2.44	28.4	-14	3.73	110.5	-3.5	1.3	41.3863	2.110358
352	1798.27	822.5	2.39	28.4	-14	3.61	110.8	-3.4	1.3	41.386317	2.11033
358	1829.01	819.4	2.24	26.9	-14.8	3.48	111.5	-3.2	1.3	41.386426	2.110158
359	1834.78	818.8	2.19	26.7	-15	3.36	112.6	-3.1	1.3	41.386432	2.110152
363	1855.45	816.7	2.01	26.8	-15.1	3.25	114.1	-3	1.3	41.386397	2.110037
373	1896.75	812.5	1.69	24.9	-16.2	3.13	116.1	-2.8	1.4	41.386552	2.109785
374	1901.01	812.1	1.67	24.5	-16.4	3.03	118.8	-2.7	1.5	41.386564	2.109762
382	1935.06	808.7	1.43	22.8	-17.5	2.94	122.1	-2.5	1.6	41.386678	2.109539
384	1944.83	807.7	1.38	21.9	-18	2.84	125.9	-2.3	1.7	41.386684	2.10951
391	1980.3	804.1	1.16	20.2	-19.1	2.75	130.3	-2.1	1.8	41.386718	2.109356
395	1998.98	802.3	1	19.7	-19.6	2.7	135.1	-1.9	1.9	41.386713	2.109252
400	2021.11	800.1	0.89	18.3	-20.5	2.64	140.1	-1.7	2	41.386753	2.109189
412	2074	794.8	0.44	16.6	-22	2.58	145.4	-1.5	2.1	41.386861	2.108983
413	2078.9	794.3	0.42	16	-22.4	2.54	150.9	-1.2	2.2	41.386873	2.108955
415	2089.07	793.3	0.38	15.1	-23.1	2.52	156.3	-1	2.3	41.386879	2.108926
424	2127.33	789.5	0.33	11.6	-26.1	2.52	161.8	-0.8	2.4	41.38697	2.108874
426	2135.82	788.7	0.24	11.7	-26	2.54	167.1	-0.6	2.5	41.386953	2.108886
432	2163.77	785.9	0.2	12.4	-25.4	2.56	172.2	-0.3	2.5	41.386982	2.108851
436	2185.61	783.8	0.09	12.4	-25.5	2.6	177.2	-0.1	2.6	41.387005	2.108806
439	2198.78	782.5	0.02	12.4	-25.6	2.66	182	0.1	2.7	41.38701	2.108794
471	2346.17	768.2	0	8.1	-30.1	2.76	186.7	0.3	2.7	41.387217	2.108771
481	2390.08	764	-0.14	7.4	-31.2	2.89	190.8	0.5	2.8	41.38736	2.108909
482	2394.12	763.6	-0.16	7.3	-31.4	3.05	194.4	0.8	2.9	41.387377	2.10892
483	2399.53	763.1	-0.18	7.2	-31.5	3.21	197.3	1	3.1	41.387412	2.108943
484	2404.19	762.6	-0.16	6.9	-31.9	3.38	199.8	1.1	3.2	41.387446	2.108966
485	2409.02	762.2	-0.14	6.8	-32.1	3.53	202.2	1.3	3.3	41.387486	2.108977
486	2415.16	761.6	-0.16	6.7	-32.2	3.7	204.1	1.5	3.4	41.38752	2.108995
487	2419.68	761.2	-0.16	6.6	-32.4	3.89	205.5	1.7	3.5	41.387549	2.109006
491	2437.22	759.5	-0.23	6.3	-32.9	4.07	206.7	1.8	3.6	41.387618	2.109098
492	2441.02	759.1	-0.25	6.2	-33.1	4.26	207.4	2	3.8	41.387629	2.109132
493	2445.9	758.7	-0.29	6.2	-33.1	4.44	207.8	2.1	3.9	41.387652	2.109167
500	2479.12	755.5	-0.49	5.9	-33.8	4.58	208.1	2.2	4	41.387818	2.109275
502	2487.56	754.7	-0.56	5.9	-33.8	4.71	208.1	2.2	4.1	41.387836	2.109344
503	2491.54	754.4	-0.58	5.9	-33.8	4.8	208	2.3	4.2	41.387841	2.109373
504	2496.69	753.9	-0.61	5.9	-33.9	4.87	207.8	2.3	4.3	41.387864	2.109384
506	2507.26	752.9	-0.67	5.9	-33.9	4.92	207.6	2.3	4.4	41.387916	2.109379
509	2521.23	751.5	-0.78	5.9	-34	4.94	207.4	2.3	4.4	41.387956	2.109356
510	2525.82	751.1	-0.83	5.9	-34	4.93	207.3	2.3	4.4	41.387967	2.109367
511	2531.42	750.6	-0.85	5.9	-34	4.87	207.5	2.2	4.3	41.387979	2.10939
512	2535.27	750.2	-0.92	5.9	-34.1	4.8	207.4	2.2	4.3	41.38799	2.109424
513	2539.43	749.8	-0.94	6	-33.9	4.7	207.4	2.2	4.2	41.388013	2.109459
514	2542.94	749.5	-0.98	6	-34	4.57	207.6	2.1	4	41.388048	2.109487
515	2547.03	749.1	-1.03	6	-34	4.43	207.7	2.1	3.9	41.388076	2.109499
516	2551.85	748.7	-1.05	6	-34	4.27	207.8	2	3.8	41.388099	2.109505
517	2556.73	748.2	-1.07	6	-34	4.1	208.1	1.9	3.6	41.388116	2.109505
518	2560.15	747.9	-1.09	6	-34.1	3.94	208.6	1.9	3.5	41.388128	2.109505
525	2589.93	745.1	-1.29	5.9	-34.4	3.79	209.1	1.8	3.3	41.388231	2.109619
527	2598.64	744.3	-1.36	5.9	-34.4	3.67	209.6	1.8	3.2	41.388305	2.109631
532	2623.92	741.9	-1.54	5.8	-34.7	3.57	209.7	1.8	3.1	41.388363	2.109694
535	2636.78	740.7	-1.6	5.7	-34.9	3.48	209.2	1.7	3	41.388443	2.109734
536	2642.02	740.2	-1.63	5.7	-35	3.41	208.9	1.6	3	41.388477	2.109722
544	2679.2	736.8	-1.76	5.7	-35.1	3.35	208.6	1.6	2.9	41.38858	2.109797
548	2698.03	735	-1.85	5.8	-35	3.3	208.6	1.6	2.9	41.388649	2.109825
549	2702.4	734.6	-1.89	5.8	-35	3.29	208.6	1.6	2.9	41.388666	2.10982
550	2707.35	734.2	-1.92	5.7	-35.2	3.31	208.9	1.6	2.9	41.388683	2.10982
553	2723.24	732.7	-1.96	5.5	-35.6	3.38	209.2	1.6	2.9	41.388706	2.10986
561	2759.03	729.4	-2	5.6	-35.4	3.49	209.6	1.7	3	41.388855	2.109951
577	2834.36	722.5	-2.58	10.6	-29.3	3.6	210.1	1.8	3.1	41.389027	2.110192
592	2899.94	716.5	-3.09	11.5	-28.9	3.71	211	1.9	3.2	41.389176	2.110393
605	2963	710.8	-3.51	10.5	-30.1	3.84	212.2	2	3.2	41.389205	2.110587
608	2978.43	709.4	-3.62	10.6	-30.1	4	214.1	2.2	3.3	41.389205	2.110662
610	2987.87	708.6	-3.69	10.7	-30.1	4.18	215.9	2.5	3.4	41.389211	2.110702
612	2998.23	707.7	-3.76	10.8	-30	4.4	217.3	2.7	3.5	41.389193	2.110731
641	3131.52	695.8	-4.95	10.3	-31.5	4.65	218.2	2.9	3.7	41.389022	2.111384
645	3149.45	694.2	-5.09	10.3	-31.6	4.93	218.6	3.1	3.8	41.38897	2.111435
653	3186.16	690.9	-5.42	10.7	-31.5	5.22	218.4	3.2	4.1	41.388993	2.111521
659	3213.38	688.5	-5.31	8.3	-34	5.52	217.6	3.4	4.4	41.38901	2.111647
661	3224.93	687.5	-5.35	7.6	-34.9	5.84	216.5	3.5	4.7	41.389056	2.11167
662	3228.95	687.2	-5.35	7.4	-35.1	6.21	214.9	3.6	5.1	41.389085	2.111665
663	3232.48	686.9	-5.38	7.1	-35.6	6.63	212.9	3.6	5.6	41.389113	2.111642
691	3370.84	674.8	-6.22	2.7	-45.3	7.1	210.6	3.6	6.1	41.389824	2.112094
692	3375.76	674.4	-6.26	2.7	-45.3	7.62	208.1	3.6	6.7	41.389847	2.112146
703	3429.35	669.8	-6.67	2.5	-46.3	8.2	205.5	3.5	7.4	41.390173	2.112576
706	3444.32	668.5	-6.8	2.4	-46.8	8.84	203	3.5	8.1	41.390271	2.112684
707	3449.91	668	-6.85	2.4	-46.8	9.53	200.6	3.4	8.9	41.390316	2.112719
708	3456.29	667.4	-6.85	2.4	-46.8	10.26	198.5	3.2	9.7	41.390357	2.112765
728	3548.17	659.6	-7.6	2.5	-47	11.01	196.6	3.1	10.5	41.390763	2.113693
743	3618.09	653.7	-8.23	2.1	-48.9	11.76	195	3	11.4	41.391107	2.114369
778	3790.81	639.2	-9.67	1.4	-53.3	12.51	193.5	2.9	12.2	41.392224	2.115968
789	3840.8	635.1	-9.9	1	-56.2	13.24	192.3	2.8	12.9	41.39266	2.116563
808	3931.03	627.7	-10.45	0.6	-56.5	13.96	191.2	2.7	13.7	41.393416	2.11748
813	3955.96	625.6	-10.64	0.6	-56.7	14.65	190.3	2.6	14.4	41.393662	2.117704
837	4079.01	615.7	-11.01	0.6	-56.9	15.31	189.3	2.5	15.1	41.394763	2.118534
856	4182.81	607.4	-11.73	0.8	-57.3	15.93	188.4	2.3	15.8	41.395989	2.118981
878	4279.69	599.7	-11.57	0.6	-57.2	16.5	187.5	2.2	16.4	41.397811	2.119033
890	4333.14	595.6	-11.75	0.3	-57.4	17.02	186.6	2	16.9	41.399037	2.119021
899	4373.01	592.5	-11.85	3.3	-47.5	17.5	185.8	1.8	17.4	41.400045	2.118981
915	4440.92	587.2	-12.48	6.4	-41.9	17.97	184.9	1.5	17.9	41.401753	2.118832
920	4459.67	585.8	-12.69	7.9	-40.1	18.44	184	1.3	18.4	41.40232	2.118809
921	4463.83	585.5	-12.74	7.9	-40.2	18.9	183	1	18.9	41.402434	2.118804
928	4498.97	582.8	-13.04	10.3	-37.8	19.35	182	0.7	19.3	41.403145	2.118712
939	4549.64	578.9	-13.52	13.8	-35.4	19.8	181	0.3	19.8	41.404348	2.118637
940	4555.22	578.5	-13.57	14	-35.3	20.24	179.9	-0	20.2	41.404474	2.118632
951	4606.01	574.6	-14.02	15.4	-34.7	20.66	178.9	-0.4	20.7	41.405695	2.118477
952	4610.4	574.3	-14.07	15.6	-34.6	21.04	178	-0.8	21	41.405821	2.118471
959	4641.44	571.9	-14.31	16.2	-34.4	21.39	177.1	-1.1	21.4	41.40656	2.118431
966	4670.41	569.7	-14.58	15.5	-35.1	21.7	176.4	-1.4	21.7	41.407368	2.118334
974	4707.47	567	-14.89	15.2	-35.5	21.94	175.7	-1.6	21.9	41.40825	2.118196
981	4739.26	564.6	-15.14	14.5	-36.2	22.13	175.1	-1.9	22.1	41.409012	2.118019
982	4744.53	564.2	-15.19	14.5	-36.2	22.25	174.6	-2.1	22.1	41.409115	2.11799
987	4765.1	562.6	-15.38	14.5	-36.4	22.3	174.2	-2.2	22.2	41.409625	2.117956
989	4777.25	561.7	-15.46	14.6	-36.4	22.28	174	-2.3	22.2	41.409814	2.117933
1000	4829.2	557.9	-15.9	15.9	-35.9	22.19	173.8	-2.4	22.1	41.410954	2.117721
1001	4833.89	557.5	-15.95	16	-35.9	22.02	173.6	-2.4	21.9	41.411046	2.117698
1007	4862.65	555.4	-16.2	15.7	-36.3	21.82	173.6	-2.4	21.7	41.411653	2.117434
1008	4867.14	555.1	-16.2	15.5	-36.4	21.57	173.6	-2.4	21.4	41.411751	2.117411
1009	4871.97	554.7	-16.27	15.6	-36.4	21.3	173.6	-2.4	21.2	41.411854	2.117394
1010	4877.25	554.3	-16.3	15.4	-36.6	21.03	173.6	-2.3	20.9	41.411963	2.117388
1026	4953.73	548.7	-16.89	14.7	-37.5	20.77	173.7	-2.3	20.6	41.413521	2.117056
1027	4959.36	548.3	-16.92	14.3	-37.8	20.52	173.8	-2.2	20.4	41.413619	2.117027
1028	4965.11	547.9	-16.92	13.9	-38.1	20.27	173.9	-2.1	20.2	41.413705	2.116999
1034	4988.44	546.2	-17.17	14.1	-38.1	20.04	174.1	-2	19.9	41.41426	2.116833
1035	4993.03	545.8	-17.22	14.1	-38.2	19.83	174.3	-2	19.7	41.414363	2.11681
1043	5029.63	543.2	-17.53	14.1	-38.4	19.65	174.6	-1.8	19.6	41.415062	2.116758
1044	5034.1	542.8	-17.57	13.7	-38.7	19.5	174.9	-1.7	19.4	41.415143	2.116718
1049	5056.46	541.2	-17.77	13.3	-39.2	19.38	175.3	-1.6	19.3	41.415624	2.116667
1050	5061.33	540.9	-17.82	13.5	-39.1	19.29	175.8	-1.4	19.2	41.415721	2.116667
1051	5067.37	540.4	-17.86	14	-38.8	19.23	176.2	-1.3	19.2	41.415802	2.116661
1055	5088.71	538.9	-17.97	11.4	-40.8	19.17	176.5	-1.2	19.1	41.416065	2.116575
1060	5110.41	537.3	-18.14	12.1	-40.4	19.1	176.9	-1	19.1	41.416529	2.116483
1061	5115.12	537	-18.19	11.9	-40.6	19.02	177.2	-0.9	19	41.416609	2.116483
1062	5119.86	536.6	-18.21	11.7	-40.8	18.96	177.5	-0.8	18.9	41.416684	2.1165
1063	5124.75	536.3	-18.25	11.5	-40.9	18.88	177.9	-0.7	18.9	41.416758	2.116512
1064	5130.87	535.9	-18.32	11.4	-41.1	18.81	178.2	-0.6	18.8	41.416833	2.116518
1065	5135.97	535.5	-18.36	11.3	-41.2	18.73	178.5	-0.5	18.7	41.416907	2.116518
1066	5140.55	535.2	-18.41	11.4	-41.2	18.66	178.9	-0.4	18.7	41.416982	2.116506
1067	5145.01	534.8	-18.45	11.6	-41	18.57	179.2	-0.3	18.6	41.417062	2.116506
1068	5149.35	534.5	-18.47	11.8	-40.9	18.5	179.5	-0.2	18.5	41.417142	2.116512
1069	5154.22	534.2	-18.54	12.3	-40.5	18.44	179.8	-0.1	18.4	41.41724	2.116529
1070	5159.54	533.8	-18.58	12.9	-40.1	18.39	180.3	0.1	18.4	41.417331	2.11654
1076	5185.29	532	-18.73	15.1	-38.7	18.35	180.7	0.2	18.3	41.41779	2.116552
1088	5243.39	527.8	-18.89	14.4	-39.3	18.33	181	0.3	18.3	41.418804	2.116741
1089	5247.64	527.5	-18.91	14.3	-39.4	18.33	181.4	0.4	18.3	41.41889	2.11677
1090	5252.32	527.2	-18.95	14.2	-39.5	18.34	181.7	0.5	18.3	41.418982	2.116798
1104	5317.14	522.6	-19.47	12.8	-40.9	18.36	182	0.6	18.4	41.420139	2.116982
1112	5351.86	520.2	-19.73	12.4	-41.4	18.4	182.2	0.7	18.4	41.420804	2.117159
1123	5413.4	515.9	-20.22	11.5	-42.5	18.43	182.3	0.7	18.4	41.421755	2.117205
1124	5418.67	515.5	-20.26	11.4	-42.6	18.47	182.5	0.8	18.5	41.421863	2.117188
1125	5422.94	515.2	-20.28	11.3	-42.7	18.5	182.7	0.9	18.5	41.421967	2.117171
1126	5426.74	514.9	-20.32	11.3	-42.8	18.52	182.7	0.9	18.5	41.422053	2.117159
1127	5431.66	514.6	-20.37	11.2	-42.9	18.53	182.7	0.9	18.5	41.422121	2.117148
1128	5436.28	514.3	-20.39	11.2	-42.9	18.55	182.7	0.9	18.5	41.42219	2.117154
1136	5475.71	511.5	-20.74	11.1	-43.3	18.56	182.7	0.9	18.5	41.422906	2.117199
1137	5480.93	511.2	-20.76	11.1	-43.3	18.57	182.6	0.8	18.5	41.422998	2.117194
1138	5486.01	510.8	-20.8	11.1	-43.3	18.56	182.5	0.8	18.5	41.423078	2.117194
1139	5491.02	510.5	-20.85	11.1	-43.4	18.54	182.3	0.8	18.5	41.423158	2.117211
1144	5514.57	508.8	-21.06	11.1	-43.5	18.5	182.2	0.7	18.5	41.423571	2.117234
1149	5537.46	507.3	-21.28	11.3	-43.5	18.44	182.1	0.7	18.4	41.424041	2.117297
1156	5571.56	504.9	-21.56	11.3	-43.8	18.35	182	0.6	18.3	41.424631	2.117331
1183	5701.7	496.1	-22.34	8.9	-46.5	18.25	182	0.6	18.2	41.427014	2.117314
1185	5710.06	495.5	-22.43	8.9	-46.6	18.15	182	0.6	18.1	41.427181	2.117337
1190	5732.42	494	-22.58	9	-46.6	18.04	182.1	0.7	18	41.427559	2.117291
1193	5745.99	493.1	-22.69	9	-46.7	17.92	182.3	0.7	17.9	41.427799	2.117337
1201	5788.1	490.2	-22.95	9	-46.9	17.78	182.5	0.8	17.8	41.428475	2.11736
1206	5810.12	488.8	-23.14	8.7	-47.4	17.63	182.7	0.8	17.6	41.428882	2.117383
1210	5831.13	487.4	-23.29	8.6	-47.6	17.47	183	0.9	17.4	41.429243	2.117417
1215	5855.82	485.7	-23.47	8.4	-47.9	17.31	183.3	1	17.3	41.429644	2.117417
1219	5875.94	484.4	-23.59	8.4	-48	17.15	183.6	1.1	17.1	41.429948	2.117515
1220	5882.15	484	-23.66	8.4	-48.1	17	183.9	1.1	17	41.430028	2.117526
1222	5893.02	483.3	-23.72	8.3	-48.2	16.87	184.1	1.2	16.8	41.430206	2.117503
1245	6018.97	475	-24.81	9	-48.4	16.75	184.3	1.3	16.7	41.432085	2.117509
1246	6024.04	474.6	-24.85	9	-48.4	16.63	184.6	1.3	16.6	41.432171	2.117497
1247	6029.28	474.3	-24.88	9	-48.5	16.53	184.8	1.4	16.5	41.432257	2.117503
1273	6165.23	465.5	-25.97	10.1	-48.3	16.41	185	1.4	16.3	41.434165	2.117893
1274	6170.43	465.1	-26.01	10.2	-48.3	16.31	185.3	1.5	16.2	41.434251	2.117898
1275	6175.12	464.8	-26.08	10.3	-48.2	16.19	185.5	1.6	16.1	41.434325	2.117898
1280	6199.46	463.3	-26.29	10.5	-48.2	16.07	185.8	1.6	16	41.434663	2.117933
1286	6231.43	461.2	-26.56	9.5	-49.3	15.97	186.2	1.7	15.9	41.435122	2.118116
1287	6236.75	460.9	-26.6	9.4	-49.4	15.88	186.5	1.8	15.8	41.435185	2.118139
1307	6340.58	454.3	-27.46	8.8	-50.7	15.81	186.8	1.9	15.7	41.436548	2.118362
1308	6345.46	454	-27.48	8.8	-50.7	15.72	187.2	2	15.6	41.436623	2.11838
1325	6434.59	448.3	-28.29	18.6	-44.8	15.65	187.7	2.1	15.5	41.437654	2.118632
1332	6469.67	446.2	-28.63	21.9	-43.6	15.55	188.2	2.2	15.4	41.438124	2.118701
1335	6483.29	445.3	-28.74	22.4	-43.5	15.43	188.7	2.3	15.3	41.438284	2.118764
1340	6512.1	443.5	-28.96	18.3	-45.5	15.32	189.2	2.5	15.1	41.438559	2.118798
1341	6516.87	443.2	-28.98	17.4	-46	15.22	189.8	2.6	15	41.438617	2.118809
1344	6532.48	442.2	-29.1	14.7	-47.6	15.14	190.3	2.7	14.9	41.438789	2.118815
1345	6537.95	441.9	-29.12	13.9	-48.1	15.08	190.7	2.8	14.8	41.438852	2.118815
1349	6561.92	440.4	-29.25	12.1	-49.4	14.99	191.2	2.9	14.7	41.439155	2.118872
1350	6567.2	440.1	-29.32	11.9	-49.6	14.89	191.7	3	14.6	41.439236	2.118913
1356	6597.26	438.3	-29.59	10.8	-50.6	14.79	192.2	3.1	14.5	41.439608	2.11897
1359	6610.09	437.5	-29.7	10.9	-50.7	14.7	192.6	3.2	14.3	41.439843	2.119079
1362	6623.45	436.6	-29.86	11.3	-50.5	14.6	192.9	3.3	14.2	41.440089	2.119165
1363	6628.79	436.3	-29.88	11.5	-50.3	14.54	193.2	3.3	14.2	41.440158	2.11917
1365	6640.42	435.6	-29.99	11.9	-50.1	14.52	193.5	3.4	14.1	41.440261	2.119216
1366	6646.05	435.3	-30.06	12.1	-50.1	14.52	193.8	3.5	14.1	41.440313	2.119251
1367	6652.69	434.9	-30.11	12.4	-49.9	14.54	194	3.5	14.1	41.440353	2.119291
1371	6673.66	433.6	-30.33	13.8	-49.1	14.56	194.2	3.6	14.1	41.440639	2.119422
1372	6678.09	433.3	-30.36	14.4	-48.8	14.6	194.4	3.6	14.1	41.440725	2.11944
1373	6681.83	433.1	-30.4	15	-48.5	14.62	194.6	3.7	14.2	41.440811	2.119457
1377	6700.46	431.9	-30.6	17.3	-47.4	14.65	194.7	3.7	14.2	41.441058	2.119571
1381	6721.06	430.7	-30.81	18.9	-46.8	14.68	194.7	3.7	14.2	41.441321	2.11972
1384	6736.39	429.8	-30.95	20.9	-46	14.71	194.7	3.7	14.2	41.441527	2.119824
1387	6751	428.9	-31.1	21.3	-46	14.72	194.7	3.7	14.2	41.441653	2.119881
1391	6772.23	427.6	-31.29	24.5	-44.9	14.72	194.7	3.7	14.2	41.441928	2.119978
1392	6778.71	427.2	-31.36	25.9	-44.5	14.71	194.6	3.7	14.2	41.441997	2.120001
1401	6832.02	424	-31.81	35.7	-41.9	14.7	194.4	3.7	14.2	41.442593	2.12019
1402	6836.5	423.7	-31.86	35.9	-41.9	14.68	194.2	3.6	14.2	41.442662	2.120219
1403	6841.74	423.4	-31.93	36.3	-41.9	14.64	193.9	3.5	14.2	41.442708	2.120236
1404	6847.58	423.1	-31.95	36.9	-41.7	14.59	193.7	3.5	14.2	41.442748	2.120253
1408	6865.63	422	-32.11	38.1	-41.6	14.54	193.5	3.4	14.1	41.442994	2.120385
1411	6882.2	421	-32.27	39.2	-41.4	14.52	193.3	3.3	14.1	41.443195	2.12046
1412	6886.65	420.7	-32.32	39.6	-41.4	14.48	193.1	3.3	14.1	41.443241	2.120477
1416	6906.5	419.5	-32.5	39.2	-41.7	14.46	192.9	3.2	14.1	41.443447	2.120534
1418	6914.13	419.1	-32.55	37.1	-42.2	14.47	192.6	3.2	14.1	41.443607	2.120597
1419	6918.2	418.8	-32.62	35.8	-42.6	14.47	192.4	3.1	14.1	41.443687	2.120649
1421	6927.65	418.3	-32.69	33.3	-43.3	14.48	192.2	3.1	14.2	41.443854	2.120729
1422	6933.92	417.9	-32.74	32.3	-43.7	14.46	192	3	14.1	41.443928	2.12074
1423	6941.19	417.5	-32.81	31.8	-43.9	14.44	191.7	2.9	14.1	41.444003	2.120735
1424	6946.63	417.1	-32.85	31.6	-44	14.44	191.5	2.9	14.2	41.44406	2.120729
1428	6966.11	416	-33.02	33.4	-43.6	14.48	191.2	2.8	14.2	41.444278	2.120769
1432	6985.87	414.8	-33.21	36.2	-43	14.52	190.8	2.7	14.3	41.444576	2.120883
1436	7009.05	413.5	-33.44	38.6	-42.7	14.57	190.5	2.6	14.3	41.444873	2.120981
1437	7014.88	413.1	-33.49	39.2	-42.6	14.64	190.2	2.6	14.4	41.444931	2.120987
1438	7020.11	412.8	-33.51	39.5	-42.5	14.7	189.9	2.5	14.5	41.444988	2.120987
1442	7038.53	411.7	-33.68	38.7	-42.9	14.74	189.5	2.4	14.5	41.445234	2.121027
1445	7053.67	410.8	-33.82	37.4	-43.3	14.78	189	2.3	14.6	41.445446	2.121107
1446	7058.75	410.5	-33.89	37.2	-43.4	14.79	188.4	2.2	14.6	41.445521	2.121124
1449	7074.41	409.6	-34.03	38.7	-43.2	14.79	187.8	2	14.7	41.445716	2.121181
1450	7078.87	409.4	-34.08	39.6	-43	14.79	187.3	1.9	14.7	41.445767	2.121199
1453	7094.3	408.5	-34.2	43	-42.4	14.78	186.8	1.8	14.7	41.445939	2.121244
1455	7102.59	408	-34.3	44.8	-42.1	14.79	186.3	1.6	14.7	41.446105	2.121256
1458	7116.92	407.1	-34.41	47.7	-41.6	14.78	185.9	1.5	14.7	41.446317	2.121302
1461	7132.92	406.2	-34.58	50.6	-41.2	14.75	185.5	1.4	14.7	41.446495	2.121393
1464	7147.42	405.4	-34.73	52.9	-40.9	14.71	185.1	1.3	14.6	41.446701	2.121439
1466	7157.69	404.8	-34.82	54.4	-40.7	14.67	184.7	1.2	14.6	41.446833	2.121456
1473	7193.7	402.7	-35.16	59.9	-40.1	14.63	184.4	1.1	14.6	41.447326	2.121605
1477	7211.72	401.6	-35.33	63.3	-39.8	14.59	184.2	1.1	14.6	41.447664	2.12164
1486	7255.24	399.1	-35.45	74.6	-38.3	14.56	184.1	1	14.5	41.448317	2.121794
1487	7260.29	398.8	-35.5	75.4	-38.3	14.53	184	1	14.5	41.448386	2.121789
1491	7279.52	397.7	-35.62	77.6	-38.1	14.52	183.8	1	14.5	41.448569	2.121858
1495	7298.46	396.7	-35.67	77.1	-38.2	14.48	183.6	0.9	14.4	41.448821	2.121858
1498	7313.69	395.8	-35.77	76	-38.5	14.41	183.5	0.9	14.4	41.449073	2.121852
1500	7322.24	395.3	-35.84	74.8	-38.7	14.34	183.4	0.9	14.3	41.449216	2.121898
1501	7327.72	395	-35.87	74	-38.8	14.28	183.4	0.8	14.3	41.449285	2.121926
1506	7356.28	393.4	-35.99	68.1	-39.7	14.2	183.3	0.8	14.2	41.44964	2.12184
1507	7361.63	393.1	-36.06	66.9	-40	14.1	183.2	0.8	14.1	41.449709	2.121806
1508	7366.52	392.8	-36.06	65.8	-40.1	13.98	183.1	0.8	14	41.449772	2.121783
1513	7392.42	391.3	-36.28	63.7	-40.6	13.85	183.1	0.8	13.8	41.450087	2.121777
1514	7397.81	391	-36.33	63.8	-40.7	13.71	183.3	0.8	13.7	41.45015	2.12176
1519	7423.56	389.6	-36.46	66.1	-40.5	13.56	183.6	0.8	13.5	41.450425	2.121709
1520	7427.37	389.4	-36.48	66.5	-40.4	13.4	184	0.9	13.4	41.4505	2.121714
1525	7453.78	387.9	-36.48	66.5	-40.4	13.22	184.5	1	13.2	41.450895	2.121737
1526	7460.09	387.5	-36.53	66.3	-40.5	13.04	185	1.1	13	41.450953	2.12176
1529	7475.62	386.7	-36.63	65.5	-40.7	12.84	185.5	1.2	12.8	41.451124	2.1218
1530	7481.16	386.3	-36.68	65.2	-40.8	12.63	186.1	1.3	12.6	41.451182	2.1218
1531	7486.37	386.1	-36.71	64.8	-40.9	12.43	186.8	1.5	12.3	41.451245	2.1218
1534	7502.05	385.2	-36.73	63.3	-41.1	12.21	187.7	1.6	12.1	41.451434	2.121794
1535	7508.23	384.8	-36.73	62.7	-41.2	12.01	188.7	1.8	11.9	41.451485	2.121817
1541	7538.84	383.1	-36.91	59	-42	11.82	189.7	2	11.6	41.451709	2.121984
1542	7544.11	382.8	-36.96	58.5	-42.1	11.64	190.8	2.2	11.4	41.451772	2.121972
1543	7550.57	382.5	-37.01	58	-42.2	11.43	191.9	2.4	11.2	41.451829	2.121961
1544	7556.9	382.1	-37.03	57.5	-42.3	11.2	193.2	2.6	10.9	41.451886	2.121972
1545	7563.17	381.8	-37.08	57	-42.4	10.98	194.4	2.7	10.6	41.451932	2.121995
1554	7614.51	379	-37.48	53.9	-43.3	10.76	195.6	2.9	10.4	41.452207	2.122253
1567	7683.79	375.2	-38.02	52.9	-44	10.56	196.9	3.1	10.1	41.452734	2.122608
1568	7688.88	374.9	-38.04	52.9	-44	10.37	198.4	3.3	9.8	41.45278	2.122614
1571	7708.77	373.8	-38.22	53	-44.2	10.19	199.9	3.5	9.6	41.452878	2.122642
1572	7715.03	373.5	-38.25	53	-44.2	10.04	201.3	3.6	9.4	41.452912	2.122665
1575	7730.69	372.6	-38.38	53	-44.3	9.88	202.6	3.8	9.1	41.453015	2.122809
1576	7735.73	372.3	-38.43	53	-44.4	9.72	203.9	3.9	8.9	41.453055	2.12286
1582	7769.33	370.5	-38.74	53.5	-44.6	9.56	205.2	4.1	8.6	41.453239	2.122923
1586	7790.32	369.4	-38.87	53.7	-44.7	9.44	206.6	4.2	8.4	41.453439	2.123015
1587	7795.09	369.1	-38.92	53.7	-44.7	9.33	207.8	4.3	8.3	41.453474	2.123049
1592	7819.94	367.8	-39.1	53.4	-44.9	9.22	209	4.5	8.1	41.453611	2.123181
1595	7833.44	367.1	-39.2	52.9	-45.1	9.12	210.1	4.6	7.9	41.453726	2.123267
1596	7838.44	366.8	-39.23	52.7	-45.2	9.03	211.1	4.7	7.7	41.453777	2.123301
1599	7855.95	365.9	-39.36	52.2	-45.4	8.95	212.1	4.7	7.6	41.453863	2.12337
1602	7872.55	365	-39.49	51.9	-45.6	8.86	212.9	4.8	7.4	41.453903	2.123445
1605	7886.57	364.2	-39.63	51.6	-45.7	8.77	213.7	4.9	7.3	41.454012	2.123496
1608	7902.12	363.4	-39.76	51.2	-45.9	8.69	214.4	4.9	7.2	41.45411	2.123594
1611	7917.36	362.6	-39.92	50.9	-46.1	8.62	214.8	4.9	7.1	41.454167	2.123731
1613	7927.69	362	-40.03	50.7	-46.3	8.55	215	4.9	7	41.454195	2.123794
1616	7943.82	361.2	-40.11	50.3	-46.4	8.47	215	4.9	6.9	41.454276	2.123846
1619	7960.96	360.3	-40.22	49.3	-46.7	8.4	214.9	4.8	6.9	41.454373	2.123955
1622	7977.21	359.4	-40.35	48.5	-47	8.35	214.7	4.8	6.9	41.45443	2.124086
1625	7995.8	358.4	-40.46	47.8	-47.2	8.31	214.5	4.7	6.8	41.454522	2.124201
1627	8005.91	357.9	-40.57	47.5	-47.4	8.26	214.2	4.6	6.8	41.454614	2.124264
1629	8018.25	357.3	-40.65	47.2	-47.5	8.23	213.9	4.6	6.8	41.454711	2.124338
1632	8035.48	356.4	-40.79	47	-47.7	8.22	213.5	4.5	6.9	41.454803	2.124442
1633	8041.35	356.1	-40.79	46.8	-47.7	8.2	213.1	4.5	6.9	41.454814	2.124453
1636	8058.11	355.2	-40.92	46.5	-47.9	8.2	212.6	4.4	6.9	41.454872	2.124499
1639	8074.48	354.3	-41.03	46.1	-48	8.22	212.2	4.4	7	41.455009	2.124648
1642	8091.85	353.4	-41.2	45.8	-48.3	8.27	211.8	4.4	7	41.455141	2.124722
1643	8097.15	353.1	-41.25	45.7	-48.3	8.34	211.3	4.3	7.1	41.455158	2.124739
1651	8136.03	351.1	-41.61	44.9	-48.8	8.4	210.8	4.3	7.2	41.455404	2.125072
1660	8183.79	348.7	-42.04	44.4	-49.3	8.45	210.5	4.3	7.3	41.455702	2.125387
1665	8213.11	347.1	-42.23	44.4	-49.5	8.51	210.1	4.3	7.4	41.455874	2.125484
1666	8219.49	346.8	-42.29	44.4	-49.5	8.59	209.7	4.3	7.5	41.455903	2.125519
1667	8226.09	346.5	-42.32	44.3	-49.6	8.65	209.4	4.3	7.5	41.455932	2.125542
1676	8282.84	343.6	-42.66	44.1	-49.9	8.72	209.1	4.2	7.6	41.456229	2.125805
1680	8297.03	342.9	-42.8	43.6	-50.2	8.81	208.9	4.3	7.7	41.456378	2.125845
1681	8302.44	342.6	-42.86	43.6	-50.2	8.9	208.8	4.3	7.8	41.456424	2.125845
1683	8314.63	342	-42.98	43.4	-50.4	8.96	208.7	4.3	7.9	41.456505	2.125885
1684	8320.71	341.6	-43.01	43.4	-50.4	9.02	208.7	4.3	7.9	41.456539	2.125914
1688	8342.33	340.6	-43.09	43.5	-50.5	9.09	208.7	4.4	8	41.456659	2.125994
1689	8348.53	340.2	-43.12	43.5	-50.5	9.16	208.6	4.4	8	41.456699	2.125989
1692	8365.82	339.4	-43.18	43.1	-50.6	9.26	208.7	4.4	8.1	41.456831	2.12604
1693	8371.5	339.1	-43.24	43	-50.7	9.36	208.8	4.5	8.2	41.456871	2.12608
1696	8386.14	338.3	-43.35	42.6	-50.9	9.47	208.8	4.6	8.3	41.456992	2.126235
1697	8391.43	338.1	-43.41	42.5	-51	9.6	208.7	4.6	8.4	41.457037	2.126264
1700	8406.63	337.3	-43.5	42	-51.1	9.72	208.6	4.7	8.5	41.457163	2.126258
1703	8422.09	336.5	-43.65	41.6	-51.4	9.81	208.5	4.7	8.6	41.457255	2.12635
1706	8438.63	335.7	-43.82	41.3	-51.6	9.89	208.6	4.7	8.7	41.457416	2.126498
1707	8444.79	335.4	-43.82	41.2	-51.6	10	208.6	4.8	8.8	41.457479	2.126527
1709	8455.1	334.9	-43.91	41	-51.7	10.1	208.6	4.8	8.9	41.457547	2.126567
1710	8459.49	334.7	-43.94	40.9	-51.8	10.21	208.8	4.9	8.9	41.457553	2.126596
1715	8487.1	333.3	-44.12	40.3	-52.1	10.34	209	5	9	41.45765	2.126796
1727	8549.97	330.2	-44.57	39.1	-52.7	10.44	209.2	5.1	9.1	41.458206	2.127192
1732	8578.09	328.8	-44.81	38.6	-53	10.52	209.4	5.2	9.2	41.458453	2.127576
1736	8598.5	327.8	-45.03	38.4	-53.3	10.58	209.6	5.2	9.2	41.458607	2.127679
1740	8622.53	326.6	-45.21	38.3	-53.5	10.65	210	5.3	9.2	41.458802	2.127908
1745	8653.02	325.1	-45.33	37.8	-53.7	10.72	210.3	5.4	9.3	41.45894	2.128166
1751	8685.32	323.5	-45.52	36.9	-54.1	10.81	210.3	5.5	9.3	41.459232	2.128252
1755	8704.35	322.6	-45.61	36.3	-54.3	10.9	210.4	5.5	9.4	41.459364	2.128498
1758	8719.99	321.9	-45.67	35.8	-54.5	10.99	210.5	5.6	9.5	41.459535	2.128555
1761	8734.9	321.1	-45.8	35.3	-54.7	11.08	210.7	5.7	9.5	41.459667	2.128584
1763	8744.8	320.7	-45.89	35.1	-54.8	11.17	210.7	5.7	9.6	41.459759	2.128664
1766	8761.24	319.9	-45.99	34.7	-55	11.24	210.8	5.8	9.7	41.459891	2.128802
1768	8772.44	319.3	-46.08	34.5	-55.1	11.32	210.7	5.8	9.7	41.460011	2.128859
1770	8783.16	318.8	-46.21	34.3	-55.3	11.4	210.3	5.8	9.8	41.460143	2.128922
1772	8792.74	318.4	-46.27	34.1	-55.4	11.49	210.1	5.8	9.9	41.46024	2.129002
1773	8797.88	318.1	-46.37	34	-55.5	11.58	209.6	5.7	10.1	41.460275	2.129031
1774	8803.36	317.9	-46.37	34	-55.5	11.68	209.2	5.7	10.2	41.460303	2.129048
1777	8819.72	317.1	-46.53	33.7	-55.7	11.78	208.8	5.7	10.3	41.460395	2.129123
1779	8831.24	316.5	-46.62	33.6	-55.8	11.89	208.4	5.6	10.5	41.460509	2.129214
1781	8839.93	316.1	-46.69	33.5	-55.9	12	207.8	5.6	10.6	41.460641	2.129317
1783	8849.55	315.6	-46.78	33.4	-56	12.09	207.3	5.5	10.7	41.460767	2.129398
1785	8858.12	315.2	-46.82	33.4	-56.1	12.16	206.7	5.5	10.9	41.460836	2.129443
1786	8862.49	315	-46.88	33.3	-56.1	12.23	206.1	5.4	11	41.460859	2.129478
1788	8873.51	314.5	-47.01	33.3	-56.3	12.31	205.5	5.3	11.1	41.460922	2.129564
1790	8884.43	314	-47.08	33.3	-56.3	12.39	205.1	5.3	11.2	41.461031	2.129673
1791	8888.63	313.8	-47.14	33.3	-56.4	12.48	204.5	5.2	11.4	41.4611	2.129713
1793	8897.67	313.4	-47.21	33.3	-56.4	12.55	204	5.1	11.5	41.461226	2.129747
1795	8908	312.9	-47.28	33.3	-56.5	12.6	203.5	5	11.6	41.461346	2.129787
1798	8925.6	312	-47.44	33.5	-56.6	12.66	203	5	11.6	41.461478	2.129953
1800	8935.52	311.6	-47.58	33.5	-56.7	12.71	202.5	4.9	11.7	41.461564	2.130091
1802	8946.64	311	-47.68	33.6	-56.8	12.74	201.9	4.8	11.8	41.46165	2.130171
1804	8956.79	310.6	-47.79	33.7	-56.9	12.75	201.3	4.6	11.9	41.461753	2.130223
1810	8990.99	309	-48.09	34	-57.1	12.79	200.7	4.5	12	41.462142	2.130412
1813	9004.5	308.3	-48.21	34.3	-57.1	12.83	200	4.4	12.1	41.462337	2.130366
1816	9019.58	307.6	-48.32	34.6	-57.1	12.88	199.3	4.3	12.2	41.462475	2.130429
1818	9028.55	307.2	-48.39	34.8	-57.2	12.91	198.6	4.1	12.2	41.462618	2.130538
1819	9032.85	307	-48.41	34.9	-57.2	12.92	198	4	12.3	41.462704	2.130584
1825	9061.05	305.7	-48.6	35.4	-57.2	12.91	197.4	3.9	12.3	41.462967	2.130652
1827	9070.63	305.2	-48.66	35.4	-57.3	12.89	196.6	3.7	12.3	41.463082	2.130693
1832	9097.14	304	-48.87	35.6	-57.4	12.86	195.8	3.5	12.4	41.463443	2.130756
1835	9113.19	303.3	-48.98	35.6	-57.5	12.85	194.9	3.3	12.4	41.463569	2.130813
1841	9142.41	301.9	-49.23	35.5	-57.8	12.87	194.1	3.1	12.5	41.463901	2.130945
1842	9148.72	301.6	-49.27	35.4	-57.8	12.9	193.2	3	12.6	41.463964	2.130962
1843	9154.8	301.3	-49.32	35.4	-57.9	12.89	192.4	2.8	12.6	41.464022	2.130973
1848	9181.61	300.1	-49.56	35.4	-58.1	12.87	191.7	2.6	12.6	41.464343	2.131042
1850	9189.81	299.7	-49.63	35.3	-58.2	12.84	190.9	2.4	12.6	41.464509	2.131025
1853	9206.49	299	-49.74	35.1	-58.3	12.81	190.1	2.3	12.6	41.464669	2.131025
1855	9215.36	298.6	-49.8	34.9	-58.4	12.79	189.3	2.1	12.6	41.464732	2.131094
1857	9226.09	298.1	-49.85	34.7	-58.5	12.8	188.5	1.9	12.7	41.464853	2.131157
1859	9233.34	297.8	-49.91	34.5	-58.6	12.79	187.7	1.7	12.7	41.465007	2.13118
1861	9243.84	297.3	-50	34.3	-58.7	12.75	186.9	1.5	12.7	41.465122	2.131174
1863	9254.57	296.8	-50.09	34.1	-58.9	12.7	186.2	1.4	12.6	41.465196	2.131157
1866	9269.15	296.1	-50.22	33.8	-59	12.63	185.4	1.2	12.6	41.46538	2.131202
1871	9297.54	294.8	-50.45	33.4	-59.3	12.57	184.6	1	12.5	41.465672	2.131329
1876	9322.14	293.7	-50.6	32.8	-59.6	12.52	183.7	0.8	12.5	41.465912	2.13126
1877	9326.29	293.5	-50.65	32.7	-59.7	12.45	182.7	0.6	12.4	41.465964	2.131265
1880	9342.38	292.8	-50.73	32.3	-59.9	12.39	181.8	0.4	12.4	41.466124	2.131346
1883	9357.61	292.1	-50.88	32	-60.1	12.38	180.8	0.2	12.4	41.466262	2.131351
1886	9371.44	291.5	-51.03	31.7	-60.3	12.37	179.7	-0.1	12.4	41.466422	2.131271
1890	9388.51	290.7	-51.18	31.4	-60.5	12.34	178.5	-0.3	12.3	41.46668	2.13126
1891	9392.61	290.6	-51.2	31.4	-60.5	12.33	177.2	-0.6	12.3	41.466749	2.131271
1892	9397.17	290.4	-51.24	31.3	-60.6	12.36	175.9	-0.9	12.3	41.466818	2.131277
1893	9401.61	290.2	-51.28	31.2	-60.6	12.42	174.8	-1.1	12.4	41.466875	2.131283
1896	9412.7	289.7	-51.39	31	-60.8	12.5	173.4	-1.4	12.4	41.467018	2.131254
1902	9442.27	288.3	-51.66	30.7	-61.1	12.59	172.2	-1.7	12.5	41.467362	2.131202
1903	9446.58	288.2	-51.68	30.6	-61.1	12.68	170.9	-2	12.5	41.467419	2.131185
1908	9469.45	287.1	-51.91	30.4	-61.4	12.81	169.5	-2.3	12.6	41.467671	2.131117
1909	9473.54	287	-51.93	30.3	-61.4	12.96	168.1	-2.7	12.7	41.467734	2.131122
1910	9478.43	286.7	-51.97	30.3	-61.5	13.1	166.9	-3	12.8	41.467803	2.131134
1914	9499.97	285.8	-52.16	30.1	-61.7	13.24	165.7	-3.3	12.8	41.46805	2.131111
1924	9552.72	283.5	-52.57	29.6	-62.2	13.4	164.7	-3.5	12.9	41.468594	2.130744
1926	9563.01	283	-52.65	29.5	-62.3	13.55	163.6	-3.8	13	41.468663	2.130681
1931	9590.16	281.8	-52.89	29.4	-62.5	13.71	162.6	-4.1	13.1	41.468955	2.130521
1934	9605.61	281.1	-53.03	29.4	-62.6	13.88	161.6	-4.4	13.2	41.469161	2.130429
1937	9620.52	280.5	-53.17	29.4	-62.8	14.05	160.7	-4.6	13.3	41.46931	2.130332
1939	9631.41	280	-53.23	29.3	-62.8	14.24	160	-4.9	13.4	41.469402	2.130291
1942	9645.81	279.4	-53.37	29.3	-63	14.43	159.3	-5.1	13.5	41.469631	2.130188
1944	9654.16	279	-53.43	29.2	-63.1	14.62	158.7	-5.3	13.6	41.469803	2.130079
1946	9663.16	278.6	-53.51	29.2	-63.1	14.79	158.1	-5.5	13.7	41.469906	2.129982
1951	9689.03	277.5	-53.72	29	-63.4	14.96	157.5	-5.7	13.8	41.470112	2.129879
1953	9699.21	277.1	-53.8	28.9	-63.5	15.14	157	-5.9	13.9	41.470255	2.129741
1956	9717.3	276.3	-53.94	28.8	-63.6	15.32	156.6	-6.1	14.1	41.470473	2.12961
1958	9726.73	275.9	-54.02	28.8	-63.7	15.52	156.3	-6.2	14.2	41.470622	2.129541
1972	9795.57	272.9	-54.36	28.4	-64.1	15.71	156	-6.4	14.3	41.471608	2.128893
1974	9806.39	272.5	-54.38	28.3	-64.1	15.88	155.7	-6.5	14.5	41.471751	2.128767
1976	9815.89	272.1	-54.42	28.3	-64.2	16.03	155.5	-6.7	14.6	41.471843	2.12867
1979	9830.88	271.4	-54.48	28.3	-64.2	16.18	155.3	-6.8	14.7	41.471974	2.128521
1981	9839.74	271.1	-54.53	28.3	-64.3	16.3	155.1	-6.9	14.8	41.472135	2.128418
1986	9862.56	270.1	-54.59	28.1	-64.4	16.4	155.1	-6.9	14.9	41.47257	2.128154
1989	9874.62	269.6	-54.59	27.9	-64.4	16.51	155.2	-6.9	15	41.472736	2.128051
1993	9892.87	268.8	-54.61	27.7	-64.5	16.61	155.4	-6.9	15.1	41.473023	2.127805
1997	9913.11	268	-54.69	27.5	-64.6	16.7	155.7	-6.9	15.2	41.473304	2.127627
2002	9936.47	267	-54.81	26.9	-64.9	16.76	155.9	-6.8	15.3	41.473642	2.127467
2003	9940.62	266.8	-54.83	26.8	-64.9	16.8	156.2	-6.8	15.4	41.473728	2.127432
2004	9944.91	266.6	-54.87	26.7	-65	16.8	156.6	-6.7	15.4	41.473819	2.127398
2014	9991	264.7	-55.3	25.9	-65.6	16.8	157	-6.6	15.5	41.474495	2.126997
2015	9996.04	264.5	-55.34	25.8	-65.7	16.82	157.5	-6.4	15.5	41.47457	2.126957
2016	10002.19	264.3	-55.36	25.7	-65.7	16.82	158	-6.3	15.6	41.474639	2.126911
2019	10019.24	263.6	-55.45	25.5	-65.8	16.83	158.7	-6.1	15.7	41.474862	2.126773
2021	10030.41	263.1	-55.53	25.3	-66	16.83	159.4	-5.9	15.8	41.475011	2.126693
2026	10055.87	262	-55.69	24.9	-66.2	16.81	160	-5.7	15.8	41.475332	2.126556
2028	10067.52	261.6	-55.8	24.7	-66.4	16.77	160.8	-5.5	15.8	41.475469	2.12651
2029	10072.16	261.4	-55.84	24.6	-66.4	16.73	161.5	-5.3	15.9	41.475532	2.12647
2031	10082.68	260.9	-55.94	24.4	-66.6	16.68	162.3	-5.1	15.9	41.475681	2.126355
2033	10093.29	260.5	-56.01	24.3	-66.7	16.64	163.1	-4.8	15.9	41.475836	2.126246
2036	10109.09	259.9	-56.15	24	-66.9	16.6	164	-4.6	16	41.47606	2.126143
2038	10120.25	259.4	-56.22	23.8	-67	16.55	164.9	-4.3	16	41.476203	2.126126
2041	10138.44	258.7	-56.38	23.6	-67.2	16.46	165.8	-4	16	41.476409	2.126057
2045	10160.5	257.8	-56.55	23.2	-67.5	16.37	166.7	-3.8	15.9	41.476696	2.125782
2047	10171.35	257.3	-56.63	23	-67.6	16.27	167.6	-3.5	15.9	41.47685	2.125742
2050	10189.84	256.6	-56.78	22.7	-67.8	16.16	168.5	-3.2	15.8	41.477108	2.125794
2053	10204.07	256	-56.91	22.5	-68	16.07	169.4	-3	15.8	41.477343	2.125702
2056	10221.98	255.3	-57.08	22.3	-68.2	15.98	170.3	-2.7	15.7	41.477578	2.125553
2058	10229.95	254.9	-57.17	22.2	-68.3	15.88	171.2	-2.4	15.7	41.477698	2.125507
2060	10239.48	254.6	-57.25	22.1	-68.4	15.79	172.3	-2.1	15.7	41.47783	2.12549
2065	10265.26	253.5	-57.51	21.8	-68.8	15.72	173.4	-1.8	15.6	41.478225	2.125519
2066	10269.49	253.4	-57.55	21.8	-68.8	15.67	174.4	-1.5	15.6	41.478311	2.125479
2068	10278.06	253	-57.59	21.7	-68.9	15.63	175.2	-1.3	15.6	41.47846	2.125427
2071	10292.26	252.4	-57.64	21.5	-69	15.58	176.2	-1	15.5	41.478649	2.125496
2072	10297.51	252.2	-57.66	21.5	-69	15.54	177.3	-0.7	15.5	41.478735	2.125513
2077	10320.07	251.3	-57.81	21.2	-69.2	15.5	178.2	-0.5	15.5	41.479091	2.125444
2082	10348.97	250.2	-58.02	21	-69.5	15.46	179.1	-0.2	15.5	41.479417	2.125542
2083	10354.1	250	-58.05	21	-69.5	15.43	180.1	0	15.4	41.479492	2.125559
2086	10371.94	249.3	-58.2	20.8	-69.7	15.39	181.2	0.3	15.4	41.479663	2.125542
2089	10390.13	248.5	-58.37	20.7	-69.9	15.38	182.1	0.6	15.4	41.479887	2.125467
2092	10405.35	247.9	-58.52	20.5	-70.1	15.39	183	0.8	15.4	41.48015	2.125582
2094	10419.09	247.4	-58.66	20.5	-70.2	15.39	184	1.1	15.4	41.480317	2.125639
2097	10434.88	246.8	-58.79	20.4	-70.4	15.37	185.1	1.4	15.3	41.480529	2.125633
2100	10450.95	246.2	-58.83	20.4	-70.4	15.37	186.3	1.7	15.3	41.480706	2.12561
2101	10454.41	246	-58.85	20.3	-70.4	15.38	187.3	2	15.3	41.480758	2.125633
2105	10473.12	245.3	-59.01	20.3	-70.6	15.42	188.2	2.2	15.3	41.481016	2.125736
2106	10478.92	245.1	-59.05	20.3	-70.6	15.49	188.9	2.4	15.3	41.48109	2.125754
2111	10505.07	244	-59.29	20.3	-70.8	15.55	189.7	2.6	15.3	41.481468	2.125799
2112	10510.46	243.8	-59.34	20.3	-70.9	15.6	190.4	2.8	15.3	41.481537	2.125834
2116	10532.27	243	-59.53	20.3	-71	15.69	191	3	15.4	41.481755	2.12604
2119	10550.38	242.3	-59.69	20.3	-71.2	15.75	191.4	3.1	15.4	41.482007	2.12604
2120	10555.1	242.1	-59.74	20.2	-71.2	15.78	191.7	3.2	15.4	41.482087	2.126017
2122	10566.57	241.6	-59.84	20.2	-71.3	15.8	191.9	3.3	15.5	41.482236	2.125983
2123	10572.1	241.4	-59.89	20.2	-71.4	15.84	191.9	3.3	15.5	41.482311	2.125989
2126	10588.1	240.8	-60.05	20.2	-71.5	15.88	192	3.3	15.5	41.482477	2.126132
2128	10597.83	240.4	-60.14	20.1	-71.6	15.9	192	3.3	15.6	41.482568	2.126212
2132	10619.54	239.6	-60.28	20.1	-71.8	15.93	192	3.3	15.6	41.482832	2.126218
2135	10635.89	239	-60.41	20.2	-71.8	15.98	192.1	3.3	15.6	41.483113	2.126344
2138	10654.24	238.3	-60.59	20.3	-72	16.03	192	3.3	15.7	41.483313	2.126481
2145	10695.03	236.7	-60.98	20.5	-72.2	16.06	191.9	3.3	15.7	41.48368	2.126504
2146	10700.02	236.5	-61.03	20.5	-72.3	16.08	191.8	3.3	15.7	41.483772	2.126556
2148	10712.49	236	-61.16	20.5	-72.4	16.11	191.8	3.3	15.8	41.483938	2.126647
2150	10723.32	235.6	-61.25	20.6	-72.4	16.17	191.9	3.3	15.8	41.484058	2.126722
2153	10737.55	235.1	-61.38	20.6	-72.6	16.23	192	3.4	15.9	41.48423	2.126779
2155	10748.54	234.7	-61.45	20.7	-72.6	16.29	192.1	3.4	15.9	41.484425	2.126842
2156	10752.78	234.5	-61.49	20.7	-72.6	16.38	192.2	3.5	16	41.484522	2.126865
2159	10766.39	234	-61.56	20.7	-72.7	16.48	192.2	3.5	16.1	41.484763	2.126837
2162	10781.83	233.4	-61.7	20.8	-72.8	16.56	192.3	3.5	16.2	41.484929	2.126882
2164	10793.75	233	-61.8	20.8	-72.9	16.61	192.3	3.5	16.2	41.485061	2.126985
2167	10811.7	232.3	-61.98	20.8	-73	16.72	192.3	3.5	16.3	41.485353	2.127077
2169	10821.56	231.9	-62.05	20.8	-73.1	16.84	192.3	3.6	16.5	41.485536	2.127031
2171	10832.94	231.5	-62.16	20.9	-73.1	16.94	192.3	3.6	16.6	41.48568	2.126968
2173	10844.82	231	-62.27	20.9	-73.2	17.03	192.2	3.6	16.6	41.4858	2.126985
2180	10880.64	229.7	-62.57	21.1	-73.4	17.15	192	3.6	16.8	41.48647	2.127261
2182	10892.15	229.3	-62.68	21.1	-73.5	17.26	191.7	3.5	16.9	41.486608	2.127272
2184	10902.33	228.9	-62.77	21.2	-73.6	17.37	191.4	3.4	17	41.486711	2.127312
2187	10918.7	228.3	-62.95	21.2	-73.7	17.43	191.1	3.4	17.1	41.486951	2.127358
2190	10932.87	227.8	-63.08	21.4	-73.8	17.51	190.8	3.3	17.2	41.487244	2.127478
2194	10953.28	227	-63.24	21.4	-73.9	17.62	190.5	3.2	17.3	41.487542	2.127553
2195	10956.85	226.9	-63.26	21.4	-74	17.72	190.2	3.1	17.4	41.487599	2.12757
2209	11023.47	224.4	-63.67	21.7	-74.2	17.78	189.7	3	17.5	41.488705	2.127988
2210	11028.62	224.2	-63.73	21.7	-74.3	17.83	189.3	2.9	17.6	41.488791	2.128005
2211	11033.81	224.1	-63.76	21.8	-74.3	17.92	189	2.8	17.7	41.488877	2.128023
2215	11052.72	223.4	-63.92	21.9	-74.4	18.04	188.5	2.7	17.8	41.489169	2.128154
2216	11057.65	223.2	-63.96	21.9	-74.4	18.15	188.2	2.6	18	41.489238	2.128183
2222	11088.57	222.1	-64.19	22.1	-74.6	18.29	187.7	2.5	18.1	41.489788	2.128343
2228	11122.48	220.8	-64.45	22.1	-74.8	18.46	187.4	2.4	18.3	41.490309	2.128532
2234	11154.24	219.7	-64.67	22.1	-75	18.64	186.9	2.2	18.5	41.490836	2.128613
2238	11172.88	219	-64.83	22.1	-75.1	18.83	186.3	2.1	18.7	41.491168	2.128693
2244	11204.04	217.9	-65.11	22.3	-75.3	19.04	185.8	1.9	18.9	41.491753	2.128848
2245	11209.21	217.7	-65.14	22.3	-75.3	19.3	185.3	1.8	19.2	41.491867	2.128905
2260	11293.14	214.7	-65.85	22	-76.1	19.58	184.9	1.7	19.5	41.493306	2.129214
2261	11297.55	214.6	-65.89	22	-76.1	19.86	184.5	1.6	19.8	41.493374	2.129226
2268	11331.22	213.4	-66.22	22	-76.4	20.13	184.2	1.5	20.1	41.494005	2.129272
2269	11335.11	213.2	-66.26	22	-76.4	20.38	184	1.4	20.3	41.494102	2.129277
2274	11362.36	212.3	-66.49	22	-76.6	20.63	183.8	1.4	20.6	41.494474	2.1293
2275	11367.52	212.1	-66.55	22	-76.7	20.82	183.8	1.4	20.8	41.494572	2.1293
2278	11383.61	211.5	-66.66	22	-76.8	21	183.9	1.4	21	41.494864	2.129306
2279	11389.15	211.3	-66.68	22	-76.8	21.17	184.1	1.5	21.1	41.494956	2.129323
2282	11404.42	210.8	-66.79	22	-76.9	21.3	184.5	1.7	21.2	41.495219	2.129358
2286	11424.65	210.1	-66.95	22.1	-77	21.37	184.9	1.8	21.3	41.495557	2.12926
2295	11474.27	208.4	-67.04	22.2	-77.1	21.35	185.3	2	21.3	41.496377	2.129168
2296	11479.31	208.2	-67.08	22.2	-77.1	21.27	185.7	2.1	21.2	41.496474	2.129146
2301	11502.35	207.4	-67.12	22.3	-77.1	21.16	186.1	2.2	21	41.496978	2.129031
2303	11510.84	207.1	-67.13	22.3	-77.1	21	186.4	2.4	20.9	41.497179	2.129019
2308	11540.32	206.1	-67.32	22.5	-77.2	20.8	186.8	2.5	20.7	41.497717	2.128922
2313	11566.1	205.2	-67.5	22.5	-77.4	20.59	187.1	2.5	20.4	41.498262	2.128888
2320	11604.08	203.9	-67.61	22.5	-77.5	20.35	187.3	2.6	20.2	41.499104	2.128785
2328	11647.92	202.5	-67.85	22.4	-77.7	20.04	187.6	2.7	19.9	41.500089	2.128727
2331	11661.2	202	-67.91	22.4	-77.8	19.66	188	2.7	19.5	41.500508	2.128704
2333	11672.14	201.6	-67.91	22.3	-77.8	19.24	188.4	2.8	19	41.50076	2.128704
2336	11689.03	201.1	-67.74	22.4	-77.6	18.79	189	3	18.6	41.501109	2.128842
2351	11775.88	198.2	-67.19	22.6	-77.1	18.33	189.9	3.2	18.1	41.502777	2.129529
2353	11784.7	197.9	-67.23	22.6	-77.1	17.85	191	3.4	17.5	41.502977	2.129547
2354	11790	197.7	-67.15	22.6	-77	17.33	192.3	3.7	16.9	41.503075	2.129581
2358	11818.92	196.8	-67.1	22.6	-77	16.8	193.9	4	16.3	41.503418	2.129919
2359	11824.37	196.6	-67.08	22.6	-77	16.24	195.9	4.4	15.6	41.503499	2.130016
2361	11834.98	196.3	-67.1	22.7	-77	15.66	198.2	4.9	14.9	41.503653	2.130148
2368	11872.23	195.1	-67.17	22.7	-77	15.1	201	5.4	14.1	41.504152	2.130515
2369	11878	194.9	-67.19	22.7	-77.1	14.54	204	5.9	13.3	41.504232	2.130584
2370	11883.57	194.7	-67.17	22.7	-77	14.03	207.2	6.4	12.5	41.504306	2.130635
2378	11931.03	193.2	-67.32	22.6	-77.2	13.55	210.8	6.9	11.6	41.504656	2.130962
2386	11978.32	191.6	-67.56	22.5	-77.4	13.09	214.4	7.4	10.8	41.504988	2.13134
2389	11993.88	191.2	-67.57	22.5	-77.4	12.67	218.1	7.8	10	41.505034	2.131432
2403	12064.1	188.9	-67.23	22.4	-77.2	12.3	221.8	8.2	9.2	41.505435	2.131363
2407	12085.93	188.3	-66.97	22.6	-76.9	11.98	225.5	8.5	8.4	41.505647	2.131243
2429	12195	184.9	-64.76	23.9	-74.6	11.67	229.1	8.8	7.6	41.506994	2.130767
2443	12286.59	182.2	-62.92	24.2	-72.8	11.38	232.5	9	6.9	41.507618	2.131117
2501	12632.99	172.3	-61.63	17.3	-73.9	11.12	236	9.2	6.2	41.506856	2.133477
2515	12703.23	170.3	-61.76	15.6	-74.7	10.83	239.3	9.3	5.5	41.506564	2.134571
2521	12731.53	169.6	-61.9	15	-75.1	10.55	242.6	9.4	4.9	41.506461	2.135036
2536	12805.93	167.5	-61.87	13.3	-75.8	10.3	245.9	9.4	4.2	41.506323	2.13613
2537	12810.69	167.4	-61.89	13.1	-75.9	10.07	249.1	9.4	3.6	41.506323	2.13621
2538	12815.23	167.3	-61.9	13.1	-75.9	9.89	252	9.4	3.1	41.506317	2.136302
2540	12824.92	167	-61.92	12.8	-76.1	9.74	254.9	9.4	2.5	41.50626	2.136497
2541	12829.75	166.9	-61.94	12.7	-76.2	9.63	257.7	9.4	2	41.506237	2.136588
2543	12839.06	166.6	-61.94	12.5	-76.3	9.57	260.7	9.4	1.6	41.506214	2.136732
2552	12884.08	165.4	-61.96	11.7	-76.7	9.59	263.7	9.5	1	41.50622	2.137494
2553	12889.43	165.3	-61.98	11.6	-76.8	9.65	266.6	9.6	0.6	41.506214	2.137585
2554	12894.3	165.1	-61.99	11.5	-76.8	9.7	269.2	9.7	0.1	41.506214	2.137665
2559	12919.23	164.5	-62.07	11	-77.2	9.77	271.2	9.8	-0.2	41.506277	2.138015
2560	12924.03	164.4	-62.08	10.9	-77.2	9.85	273	9.8	-0.5	41.506289	2.138084
2563	12937.6	164	-62.18	10.6	-77.5	9.9	274.5	9.9	-0.8	41.5063	2.13829
2568	12964.71	163.3	-62.05	10.2	-77.6	9.92	275.9	9.9	-1	41.506386	2.138634
2574	12997.75	162.4	-61.65	9.7	-77.6	9.93	277.2	9.9	-1.2	41.506461	2.13884
2579	13022.98	161.7	-61.47	9.3	-77.7	9.9	278.4	9.8	-1.4	41.506541	2.139155
2583	13042.32	161.2	-61.45	9	-77.9	9.81	279.4	9.7	-1.6	41.506524	2.13939
2586	13055.38	160.9	-61.47	8.7	-78.1	9.67	280.1	9.5	-1.7	41.506507	2.139539
2589	13069.28	160.5	-61.49	8.5	-78.3	9.47	280.6	9.3	-1.7	41.506518	2.139717
2592	13084.46	160.1	-61.56	8.3	-78.5	9.24	281	9.1	-1.8	41.506484	2.1399
2593	13089.46	160	-61.58	8.2	-78.6	9	281.3	8.8	-1.8	41.506449	2.139946
2596	13102.25	159.7	-61.56	8	-78.7	8.78	281.7	8.6	-1.8	41.506375	2.1401
2599	13116.52	159.3	-61.58	7.7	-79	8.54	282	8.4	-1.8	41.506346	2.140284
2600	13122.63	159.2	-61.6	7.6	-79.1	8.3	282.1	8.1	-1.7	41.50634	2.140335
2604	13145.06	158.6	-61.67	7.3	-79.4	8.12	282.3	7.9	-1.7	41.506317	2.140496
2605	13150.48	158.4	-61.67	7.2	-79.5	7.96	282.5	7.8	-1.7	41.506306	2.140519
2608	13165.8	158.1	-61.56	7	-79.5	7.84	282.7	7.7	-1.7	41.506243	2.140622
2609	13169.93	158	-61.54	7	-79.5	7.75	282.7	7.6	-1.7	41.506214	2.140668
2612	13185.11	157.6	-61.58	6.7	-79.8	7.67	282.4	7.5	-1.6	41.506163	2.140754
2613	13190.74	157.4	-61.63	6.7	-79.9	7.62	281.8	7.5	-1.6	41.506163	2.140771
2618	13214.78	156.8	-61.45	6.3	-80.1	7.63	281.2	7.5	-1.5	41.506151	2.140994
2621	13227.89	156.5	-61.45	6.1	-80.3	7.67	280.4	7.5	-1.4	41.506042	2.141206
2624	13241.91	156.1	-61.52	5.9	-80.5	7.7	279.3	7.6	-1.2	41.505956	2.141287
2627	13252.09	155.9	-61.61	5.7	-80.8	7.76	278.1	7.7	-1.1	41.505928	2.141384
2629	13260.72	155.7	-61.69	5.5	-81.1	7.86	276.8	7.8	-0.9	41.505893	2.141458
2635	13288.68	155	-61.6	5.2	-81.4	7.97	275.3	7.9	-0.7	41.505733	2.141607
2637	13297.5	154.7	-61.52	5.1	-81.4	8.09	273.6	8.1	-0.5	41.505716	2.141665
2638	13302.62	154.6	-61.49	5	-81.5	8.24	271.7	8.2	-0.2	41.50571	2.141711
2640	13312.69	154.4	-61.4	4.9	-81.6	8.39	269.9	8.4	0	41.505664	2.141814
2694	13591.92	147.6	-59.21	2.5	-83.8	8.58	268.4	8.6	0.2	41.50575	2.142622
2715	13693.55	145.2	-59.34	1.7	-86.1	8.78	267	8.8	0.5	41.505997	2.143086
2720	13716.57	144.7	-59.47	1.5	-86.9	9	265.5	9	0.7	41.506065	2.143321
2722	13726.75	144.5	-59.53	1.5	-86.9	9.25	264.3	9.2	0.9	41.506048	2.143447
2727	13754.91	143.8	-59.74	1.3	-87.9	9.53	263.1	9.5	1.1	41.506077	2.143538
2731	13777.67	143.3	-59.76	1.2	-88.3	9.87	262	9.8	1.4	41.506157	2.143785
2735	13796.93	142.9	-59.6	1	-89.2	10.22	261.1	10.1	1.6	41.50618	2.144163
2736	13801.57	142.8	-59.6	1	-89.2	10.59	260.4	10.4	1.8	41.50618	2.144226
2739	13814.56	142.5	-59.53	0.9	-89.1	10.97	259.7	10.8	2	41.506254	2.144421
2740	13819.85	142.3	-59.51	0.9	-89.1	11.37	259.1	11.2	2.1	41.506306	2.144495
2743	13833.75	142	-59.27	0.8	-88.9	11.78	258.7	11.5	2.3	41.506415	2.144764
2746	13848.65	141.7	-59.21	0.7	-88.9	12.19	258.3	11.9	2.5	41.506426	2.145085
2750	13867.83	141.3	-59.12	0.6	-88.8	12.6	258.1	12.3	2.6	41.506461	2.14536
2753	13882.78	140.9	-59.07	0.5	-88.8	13	257.9	12.7	2.7	41.506564	2.145544
2756	13898.33	140.6	-59.05	0.4	-88.8	13.38	257.7	13.1	2.8	41.50661	2.145784
2765	13941.48	139.6	-59.07	0.3	-88.8	13.74	257.7	13.4	2.9	41.50673	2.1463
2787	14051.96	137.2	-59.27	0	-88.9	14.04	257.6	13.7	3	41.506948	2.14752
2790	14065.77	136.9	-59.21	0	-88.9	14.3	257.6	14	3.1	41.507051	2.147772
2792	14075.97	136.6	-59.21	0	-88.9	14.52	257.6	14.2	3.1	41.507091	2.147944
2797	14099.22	136.1	-59.34	0	-89	14.71	257.6	14.4	3.2	41.507108	2.148282
2804	14133.4	135.4	-59.56	0	-89.2	14.84	257.8	14.5	3.1	41.507269	2.148958
2806	14142.51	135.2	-59.6	0	-89.2	14.92	258.2	14.6	3.1	41.507274	2.149142
2813	14175.13	134.5	-59.71	0	-89.3	14.96	258.4	14.7	3	41.5074	2.149806
2818	14197.99	134	-59.84	0	-89.3	14.97	258.7	14.7	2.9	41.507423	2.150385
2821	14213.49	133.7	-59.93	0	-89.4	14.97	259.1	14.7	2.8	41.50744	2.15066
2825	14232.87	133.2	-60.06	0	-89.5	14.96	259.6	14.7	2.7	41.507544	2.151187
2828	14248.23	132.9	-60.08	0	-89.5	14.92	260.1	14.7	2.6	41.507544	2.151605
2832	14266.74	132.5	-60.12	0	-89.5	14.89	260.6	14.7	2.4	41.507503	2.152047
2835	14281.42	132.2	-60.17	0	-89.6	14.84	261.3	14.7	2.2	41.507567	2.152362
2838	14297.29	131.9	-60.21	0	-89.6	14.77	262.1	14.6	2	41.507641	2.152717
2841	14311.82	131.6	-60.25	0	-89.6	14.7	262.9	14.6	1.8	41.507624	2.153072
2844	14325.97	131.3	-60.25	0	-89.6	14.62	263.6	14.5	1.6	41.507601	2.15337
2848	14345.94	130.9	-60.36	0	-89.7	14.56	264.2	14.5	1.5	41.507687	2.153731
2858	14393.82	129.8	-60.63	0	-89.9	14.47	264.9	14.4	1.3	41.507727	2.154688
2866	14431.78	129.1	-60.92	0	-90.1	14.37	265.3	14.3	1.2	41.507715	2.15541
2870	14451.4	128.6	-61.07	0	-90.2	14.24	265.8	14.2	1	41.507778	2.155714
2873	14465.95	128.3	-61.16	0	-90.3	14.09	266.3	14.1	0.9	41.507813	2.155954
2877	14484.14	128	-61.27	0	-90.3	13.92	266.8	13.9	0.8	41.507824	2.156304
2881	14503.07	127.6	-61.4	0	-90.4	13.74	267.1	13.7	0.7	41.507836	2.156579
2885	14522.28	127.2	-61.52	0	-90.5	13.54	267.3	13.5	0.6	41.507927	2.156854
2889	14541.16	126.8	-61.61	0	-90.6	13.33	267.5	13.3	0.6	41.507927	2.157129
2911	14645.79	124.7	-61.52	0	-90.5	13.1	267.5	13.1	0.6	41.507916	2.158515
2926	14719.87	123.2	-61.41	0	-90.4	12.88	267.6	12.9	0.5	41.507773	2.159398
2951	14842.41	120.8	-61.89	0	-90.8	12.65	267.8	12.6	0.5	41.507756	2.161294
3080	15464.05	109.4	-58.42	0	-88.4	12.44	268.1	12.4	0.4	41.507349	2.167711
3127	15694.78	105.4	-59.74	0	-89.3	12.24	268.5	12.2	0.3	41.508397	2.171974
3177	15941.3	101.4	-59.62	0	-89.2	12.06	268.9	12.1	0.2	41.509108	2.175807
3189	16002.13	100.4	-59.73	0	-89.3	11.91	269.3	11.9	0.2	41.50897	2.176615
3238	16242.28	96.6	-60.43	0	-89.8	11.78	269.6	11.8	0.1	41.508535	2.179004
3251	16306.52	95.6	-60.45	0	-89.8	11.67	270.1	11.7	-0	41.508409	2.1796
3254	16319.93	95.4	-60.5	0	-89.8	11.58	270.7	11.6	-0.1	41.508357	2.179749
3264	16369.27	94.6	-60.41	0	-89.7	11.53	271.2	11.5	-0.2	41.508288	2.180322
3294	16517.24	92.4	-61.03	0	-90.2	11.5	271.8	11.5	-0.4	41.508403	2.181875
3304	16567.29	91.7	-61.34	0	-90.4	11.48	272.2	11.5	-0.4	41.508523	2.182431
3449	17269.64	81.9	-61.03	0	-90.2	11.48	272.4	11.5	-0.5	41.508076	2.191776
3647	18197.73	70.4	-62.39	0	-91.1	11.48	272.5	11.5	-0.5	41.507366	2.209394
3788	18876.43	63.1	-62.75	0	-91.4	11.48	272.5	11.5	-0.5	41.506736	2.216453
