ftr_time	ftr_alt	ftr_pres	ftr_temp	ftr_hum	ftr_DP	ftr_WF	ftr_WD	ftr_VEF	ftr_VNF	ftr_LAT	ftr_LON
0	98	996.1	7.09	32	-8.5	13.8	311	19.6	-14.6	41.383636	2.118838
15	151.36	989.3	6.22	25.5	-12.1	24.44	306.8	19.6	-14.7	41.383573	2.118987
16	154.18	989	6.17	26	-11.9	24.51	307	19.6	-14.8	41.383556	2.11913
17	157.94	988.5	6.12	26.8	-11.5	24.6	307.4	19.6	-14.9	41.383538	2.119256
18	163.23	987.9	6.1	26.7	-11.6	24.73	307.8	19.5	-15.2	41.383487	2.119371
19	167.25	987.4	6.12	26.9	-11.5	24.88	308.3	19.5	-15.4	41.383389	2.119497
20	171.74	986.9	6.1	27.1	-11.4	25.03	308.8	19.5	-15.7	41.383309	2.119623
21	175.82	986.4	6.05	27.4	-11.3	25.2	309.4	19.5	-16	41.383258	2.119749
22	181.86	985.6	6.01	27.6	-11.3	25.41	310	19.5	-16.3	41.383212	2.119898
23	187.02	985	5.94	28	-11.1	25.66	310.7	19.4	-16.7	41.383132	2.120041
24	191.94	984.4	5.89	28.3	-11.1	25.94	311.6	19.4	-17.2	41.383046	2.120139
25	196.55	983.9	5.83	28.7	-10.9	26.21	312.5	19.3	-17.7	41.382965	2.12019
26	200.98	983.3	5.76	29	-10.9	26.51	313.4	19.3	-18.2	41.382897	2.120265
27	207.75	982.5	5.69	29.2	-10.8	26.86	314.4	19.2	-18.8	41.382845	2.120351
28	215.1	981.6	5.62	29.4	-10.8	27.24	315.3	19.2	-19.4	41.382771	2.120471
29	221.96	980.8	5.55	29.4	-10.9	27.61	316.1	19.1	-19.9	41.382685	2.120608
30	227.86	980.1	5.53	29.1	-11	27.98	316.9	19.1	-20.4	41.382587	2.120746
31	234.63	979.3	5.55	28.9	-11.1	28.4	317.8	19.1	-21	41.382501	2.120889
32	243.09	978.3	5.41	29.7	-10.9	28.84	318.7	19.1	-21.7	41.382421	2.121027
33	250.66	977.4	5.28	30	-10.9	29.27	319.6	19	-22.3	41.382329	2.12113
34	258.34	976.5	5.25	29.4	-11.1	29.66	320.3	18.9	-22.8	41.382215	2.121199
36	272.46	974.8	5.16	29.6	-11.1	30.06	321	18.9	-23.3	41.381928	2.121365
37	278.11	974.1	5.14	29.7	-11.1	30.48	321.5	19	-23.8	41.381785	2.121456
38	283.18	973.5	5.12	29.6	-11.2	30.91	321.9	19.1	-24.3	41.381636	2.121565
39	287.42	973	5.19	28.7	-11.5	31.31	322.2	19.2	-24.7	41.381516	2.121674
40	292.32	972.4	5.96	20.8	-14.8	31.68	322.5	19.3	-25.1	41.381401	2.121783
41	298.56	971.7	5.64	25.5	-12.6	32.06	322.9	19.3	-25.6	41.381292	2.121909
42	304.58	970.9	5.8	22.5	-14	32.43	323.3	19.4	-26	41.381178	2.122035
43	311.01	970.2	6.1	19.7	-15.3	32.78	323.6	19.4	-26.4	41.381063	2.122167
44	316.66	969.5	6.49	17.1	-16.7	33.11	324	19.5	-26.8	41.380931	2.122299
45	322.43	968.8	6.68	16.2	-17.2	33.44	324.3	19.5	-27.1	41.380782	2.12243
46	327.94	968.2	6.63	16.2	-17.2	33.78	324.5	19.6	-27.5	41.380616	2.122551
47	333.39	967.5	6.47	17.3	-16.6	34.07	324.7	19.7	-27.8	41.380456	2.122688
48	339.56	966.8	5.96	21.4	-14.4	34.31	324.9	19.7	-28.1	41.380313	2.122843
50	351.47	965.4	6.38	15.6	-17.9	34.5	325.1	19.7	-28.3	41.380083	2.123135
51	356.45	964.8	6.51	14.7	-18.5	34.66	325.3	19.7	-28.5	41.379975	2.12325
52	362.11	964.1	6.51	14.4	-18.7	34.82	325.5	19.7	-28.7	41.379848	2.123359
53	367.34	963.5	6.49	14.3	-18.8	34.97	325.6	19.8	-28.8	41.379705	2.123468
54	372.2	963	6.45	14.1	-19	35.13	325.7	19.8	-29	41.379556	2.123588
55	377.77	962.3	6.4	14.1	-19	35.27	325.7	19.9	-29.1	41.379407	2.123708
56	382.96	961.7	6.38	13.9	-19.2	35.38	325.7	19.9	-29.2	41.379264	2.12384
57	387.9	961.1	6.35	13.8	-19.3	35.42	325.7	20	-29.3	41.379144	2.123989
58	392.6	960.6	6.31	13.7	-19.4	35.41	325.7	20	-29.3	41.379029	2.124149
59	398.02	959.9	6.26	13.6	-19.6	35.37	325.8	19.9	-29.2	41.378903	2.12431
60	402.88	959.4	6.24	13.5	-19.7	35.3	325.9	19.8	-29.2	41.378766	2.124447
61	407.99	958.8	6.17	13.5	-19.7	35.23	326.1	19.7	-29.2	41.378628	2.124562
62	412.88	958.2	6.12	13.6	-19.7	35.14	326.3	19.5	-29.2	41.378491	2.124665
63	417.24	957.7	6.08	13.5	-19.8	35.01	326.5	19.3	-29.2	41.378353	2.124762
64	421.67	957.2	6.08	13.4	-19.9	34.85	326.6	19.2	-29.1	41.37821	2.124854
65	426.45	956.6	6.03	13.3	-20	34.67	326.8	19	-29	41.378061	2.124946
66	431.63	956	5.99	13.3	-20	34.47	326.9	18.8	-28.9	41.377906	2.125055
67	436.16	955.5	5.96	13.3	-20.1	34.28	327	18.7	-28.8	41.377763	2.125181
68	440.42	955	5.94	13.2	-20.2	34.09	327.2	18.5	-28.7	41.377631	2.125318
69	445.09	954.4	5.92	13.3	-20.1	33.92	327.5	18.2	-28.6	41.377499	2.125444
70	449.9	953.9	5.87	13.1	-20.3	33.74	327.8	18	-28.5	41.377373	2.12557
71	455.17	953.2	5.83	13.2	-20.2	33.57	328.1	17.8	-28.5	41.377236	2.125696
72	461.18	952.5	5.76	13.2	-20.3	33.38	328.3	17.5	-28.4	41.377104	2.125817
73	466.96	951.9	5.73	13.2	-20.3	33.19	328.6	17.3	-28.3	41.376967	2.125931
74	472.34	951.2	5.69	13.1	-20.4	32.99	328.9	17.1	-28.2	41.376823	2.126046
75	477.75	950.6	5.62	13.2	-20.4	32.79	329.2	16.8	-28.2	41.376686	2.12616
76	483.18	950	5.6	13	-20.6	32.59	329.5	16.5	-28.1	41.37656	2.126269
77	488.43	949.4	5.64	12.8	-20.8	32.37	329.9	16.3	-28	41.376434	2.126367
78	493.68	948.8	5.57	12.9	-20.7	32.13	330.2	15.9	-27.9	41.376302	2.126458
79	499.08	948.1	5.6	12.7	-20.9	31.88	330.6	15.6	-27.8	41.376176	2.126556
80	504.28	947.5	5.8	12.4	-21	31.62	331	15.3	-27.7	41.376056	2.126642
81	509.61	946.9	6.05	12.2	-21	31.38	331.4	15	-27.6	41.375935	2.126716
82	514.84	946.3	5.99	12.3	-20.9	31.14	331.8	14.7	-27.4	41.375821	2.126796
83	520.09	945.7	5.92	12.3	-21	30.9	332.2	14.4	-27.3	41.375712	2.126882
84	525.27	945.1	5.89	12.1	-21.2	30.64	332.5	14.1	-27.2	41.375591	2.126974
85	530.92	944.4	5.87	12.1	-21.2	30.37	332.9	13.8	-27	41.375465	2.127071
86	536.13	943.8	5.8	12.1	-21.3	30.09	333.3	13.5	-26.9	41.375334	2.127175
87	541.96	943.2	5.73	12.1	-21.3	29.81	333.8	13.2	-26.7	41.375208	2.127283
88	548.05	942.5	5.69	12.1	-21.4	29.54	334.3	12.8	-26.6	41.375081	2.127369
89	554.06	941.8	5.55	12.2	-21.4	29.29	334.7	12.5	-26.5	41.37495	2.12745
90	559.63	941.1	5.53	12.1	-21.5	29.04	335.1	12.2	-26.3	41.374829	2.127518
91	565.09	940.5	5.51	12.2	-21.4	28.79	335.4	12	-26.2	41.374715	2.127576
92	571.12	939.8	5.51	12.1	-21.5	28.56	335.7	11.7	-26	41.374594	2.127639
93	576.08	939.2	5.48	12.1	-21.5	28.34	336.1	11.5	-25.9	41.374468	2.127707
94	580.64	938.7	5.64	12.1	-21.4	28.14	336.4	11.3	-25.8	41.374354	2.12777
95	586.26	938.1	5.57	12.1	-21.4	27.94	336.8	11	-25.7	41.374228	2.127822
96	592.23	937.4	5.57	12.1	-21.4	27.76	337.2	10.8	-25.6	41.374102	2.127874
97	597.98	936.7	5.6	12.1	-21.4	27.59	337.6	10.5	-25.5	41.373976	2.127931
98	603.52	936.1	5.67	12.3	-21.2	27.43	337.9	10.3	-25.4	41.37385	2.127982
99	608.82	935.5	5.64	12.3	-21.2	27.27	338.3	10.1	-25.3	41.373729	2.128023
100	613.73	934.9	5.62	12.3	-21.2	27.12	338.7	9.8	-25.3	41.373603	2.128063
101	618.65	934.3	5.6	12.3	-21.2	26.99	339.1	9.6	-25.2	41.373483	2.12812
102	623.63	933.8	5.55	12.4	-21.2	26.86	339.5	9.4	-25.1	41.373368	2.128194
103	628.48	933.2	5.51	12.4	-21.2	26.72	339.8	9.2	-25.1	41.373259	2.128269
104	633.86	932.6	5.48	12.4	-21.2	26.6	340.2	9	-25	41.373156	2.128338
105	639.35	932	5.41	12.4	-21.3	26.47	340.5	8.8	-25	41.373047	2.128406
106	644.76	931.4	5.37	12.4	-21.3	26.36	340.8	8.7	-24.9	41.372944	2.128458
107	650.16	930.7	5.32	12.5	-21.3	26.26	341	8.5	-24.8	41.372835	2.128498
108	655.64	930.1	5.32	12.6	-21.2	26.17	341.2	8.4	-24.8	41.372721	2.128538
109	660.7	929.5	5.28	12.7	-21.1	26.08	341.3	8.4	-24.7	41.372606	2.128578
110	665.57	929	5.23	12.7	-21.2	26.01	341.4	8.3	-24.6	41.372497	2.12863
111	670.49	928.4	5.19	12.7	-21.2	25.93	341.4	8.3	-24.6	41.372389	2.128681
112	674.85	927.9	5.19	12.8	-21.1	25.85	341.5	8.2	-24.5	41.37228	2.128727
113	679.31	927.4	5.14	12.9	-21.1	25.78	341.6	8.1	-24.5	41.372171	2.128779
114	684.57	926.8	5.1	12.8	-21.2	25.71	341.8	8	-24.4	41.372068	2.128836
115	689.82	926.2	5	12.8	-21.3	25.64	341.9	7.9	-24.4	41.371959	2.128876
116	694.71	925.7	4.96	12.8	-21.3	25.57	342.1	7.9	-24.3	41.371844	2.128922
117	700.18	925	4.91	12.8	-21.3	25.5	342.3	7.7	-24.3	41.37173	2.128962
118	705.48	924.4	4.85	12.9	-21.3	25.45	342.5	7.6	-24.3	41.371615	2.129008
119	710.93	923.8	4.78	12.8	-21.4	25.39	342.7	7.5	-24.2	41.371495	2.129048
120	716.69	923.2	4.71	12.9	-21.4	25.34	342.9	7.4	-24.2	41.371374	2.129088
121	721.95	922.6	4.66	13	-21.4	25.3	343.2	7.3	-24.2	41.371254	2.129134
122	726.85	922	4.66	13.1	-21.3	25.28	343.4	7.2	-24.2	41.371145	2.129168
123	732.16	921.4	4.6	13.2	-21.2	25.27	343.6	7.1	-24.2	41.371031	2.129209
124	737.39	920.8	4.55	13.2	-21.3	25.28	343.8	7.1	-24.3	41.370922	2.129254
125	742.66	920.2	4.48	13.2	-21.3	25.3	344	7	-24.3	41.370807	2.129312
126	748.43	919.6	4.42	13.2	-21.4	25.33	344.1	6.9	-24.4	41.370698	2.129363
127	754.56	918.9	4.39	13.3	-21.3	25.37	344.3	6.9	-24.4	41.370584	2.129415
128	760.67	918.2	4.35	13.3	-21.3	25.39	344.5	6.8	-24.5	41.370469	2.129472
129	766.19	917.6	4.28	13.4	-21.3	25.4	344.7	6.7	-24.5	41.37036	2.129524
130	771.61	917	4.23	13.5	-21.3	25.4	344.9	6.6	-24.5	41.370246	2.129564
131	776.76	916.4	4.19	13.5	-21.3	25.39	345.1	6.5	-24.5	41.370125	2.129592
132	781.91	915.8	4.14	13.6	-21.3	25.36	345.3	6.5	-24.5	41.370005	2.129621
133	787.23	915.2	4.08	13.7	-21.2	25.33	345.4	6.4	-24.5	41.36989	2.12965
134	792.71	914.6	4.03	13.8	-21.2	25.29	345.6	6.3	-24.5	41.369782	2.129678
135	798.26	913.9	3.98	13.9	-21.1	25.24	345.8	6.2	-24.5	41.369673	2.129719
137	808.57	912.8	3.89	14.3	-20.9	25.16	345.9	6.1	-24.4	41.369466	2.129804
138	813.92	912.2	3.85	14.4	-20.8	25.08	346.1	6	-24.3	41.369369	2.129845
139	819.23	911.6	3.8	14.4	-20.9	24.99	346.3	5.9	-24.3	41.369266	2.129879
140	824.44	911	3.74	14.4	-20.9	24.92	346.6	5.8	-24.2	41.369157	2.129925
141	829.79	910.4	3.69	14.5	-20.9	24.87	346.9	5.6	-24.2	41.369048	2.129965
142	835.01	909.8	3.6	14.4	-21	24.82	347.2	5.5	-24.2	41.368928	2.130005
143	840.69	909.2	3.56	14.5	-21	24.77	347.5	5.4	-24.2	41.368802	2.130045
144	846.85	908.5	3.51	14.6	-21	24.72	347.8	5.2	-24.2	41.368676	2.130085
145	852.96	907.8	3.42	14.5	-21.1	24.64	348.2	5	-24.1	41.36855	2.13012
146	858.77	907.2	3.37	14.6	-21.1	24.56	348.6	4.9	-24.1	41.368424	2.130142
147	864.5	906.5	3.33	14.7	-21	24.47	348.9	4.7	-24	41.368292	2.130165
148	870.07	905.9	3.24	14.7	-21.1	24.39	349.3	4.5	-24	41.368177	2.130194
149	875.86	905.2	3.19	14.8	-21.1	24.32	349.7	4.3	-23.9	41.368068	2.130223
150	881.17	904.6	3.15	14.8	-21.1	24.26	350.1	4.2	-23.9	41.367977	2.130246
151	886.43	904.1	3.1	14.8	-21.1	24.19	350.4	4	-23.9	41.367879	2.130274
152	891.89	903.4	3.04	14.8	-21.2	24.13	350.8	3.9	-23.8	41.367776	2.130303
153	897.93	902.8	2.97	14.9	-21.2	24.07	351.1	3.7	-23.8	41.367679	2.130337
154	904.37	902.1	2.9	14.9	-21.2	24.02	351.5	3.6	-23.8	41.367564	2.130372
155	910.69	901.3	2.83	15	-21.2	23.98	351.9	3.4	-23.7	41.36745	2.1304
156	917.07	900.6	2.77	15	-21.2	23.93	352.3	3.2	-23.7	41.367335	2.130435
157	924.08	899.9	2.7	15.2	-21.1	23.88	352.7	3	-23.7	41.367226	2.130458
158	930.17	899.2	2.65	15.2	-21.2	23.82	353.1	2.9	-23.7	41.367117	2.130469
159	935.47	898.6	2.61	15.4	-21.1	23.76	353.5	2.7	-23.6	41.367008	2.130475
160	941.56	897.9	2.56	15.5	-21	23.69	354	2.5	-23.6	41.366888	2.130481
161	946.19	897.4	2.52	15.6	-21	23.62	354.4	2.3	-23.5	41.366768	2.130486
162	950.75	896.9	2.45	15.6	-21.1	23.56	354.9	2.1	-23.5	41.366653	2.130498
163	956.44	896.3	2.41	15.8	-20.9	23.5	355.3	1.9	-23.4	41.366556	2.130509
164	961.75	895.7	2.38	15.9	-20.9	23.45	355.8	1.7	-23.4	41.366458	2.130521
165	966.38	895.2	2.34	16	-20.9	23.41	356.3	1.5	-23.4	41.366367	2.130526
166	970.1	894.7	2.36	16.6	-20.4	23.38	356.7	1.3	-23.3	41.366269	2.130526
167	975.37	894.2	2.34	16.7	-20.4	23.35	357.2	1.1	-23.3	41.366178	2.130526
168	981.07	893.5	2.29	16.7	-20.4	23.34	357.6	1	-23.3	41.366075	2.130521
169	986.98	892.9	2.25	16.7	-20.4	23.35	358.1	0.8	-23.3	41.365966	2.130526
170	993.23	892.2	2.18	16.7	-20.5	23.35	358.5	0.6	-23.3	41.365845	2.130532
171	999.28	891.5	2.14	16.7	-20.5	23.33	358.9	0.5	-23.3	41.365737	2.130544
172	1004.39	890.9	2.09	16.7	-20.6	23.28	359.3	0.3	-23.3	41.365616	2.130561
173	1010.14	890.3	2.05	16.8	-20.5	23.22	359.7	0.1	-23.2	41.365496	2.130572
174	1016.01	889.7	1.98	16.9	-20.5	23.16	0.1	-0	-23.2	41.365376	2.130578
175	1021.83	889	1.94	16.8	-20.6	23.11	0.5	-0.2	-23.1	41.365267	2.130578
176	1027.55	888.4	1.91	16.7	-20.7	23.08	0.9	-0.3	-23.1	41.365158	2.130572
177	1033.3	887.8	1.91	16.1	-21.1	23.08	1.2	-0.5	-23.1	41.365055	2.130566
178	1039.2	887.1	1.91	15.8	-21.3	23.11	1.5	-0.6	-23.1	41.364952	2.130549
179	1044.96	886.5	1.91	15.4	-21.6	23.15	1.9	-0.8	-23.1	41.364848	2.130532
180	1051.16	885.8	1.94	15	-21.9	23.18	2.2	-0.9	-23.2	41.364745	2.130515
181	1056.55	885.2	1.96	14.6	-22.2	23.23	2.6	-1.1	-23.2	41.364642	2.130492
182	1061.92	884.6	1.98	14.4	-22.3	23.28	3	-1.2	-23.2	41.364533	2.130481
183	1067.52	884	1.91	14.4	-22.4	23.33	3.5	-1.4	-23.3	41.364424	2.130481
184	1073.39	883.3	1.89	14.4	-22.4	23.38	4	-1.6	-23.3	41.364304	2.130481
185	1078.97	882.7	1.87	14.2	-22.6	23.42	4.5	-1.9	-23.3	41.364195	2.130481
186	1084.74	882.1	1.82	14.2	-22.6	23.45	5.1	-2.1	-23.4	41.364086	2.130481
187	1090.83	881.4	1.82	13.9	-22.9	23.48	5.6	-2.3	-23.4	41.363978	2.130481
188	1096.45	880.8	1.8	13.8	-23	23.5	6	-2.5	-23.4	41.363869	2.130481
189	1101.91	880.2	1.87	13.5	-23.2	23.5	6.5	-2.6	-23.4	41.363766	2.130463
190	1108.11	879.5	1.89	13.3	-23.3	23.49	6.9	-2.8	-23.3	41.363662	2.130452
191	1113.95	878.9	1.87	13.2	-23.4	23.47	7.2	-2.9	-23.3	41.363571	2.130429
192	1119.3	878.3	1.85	13.3	-23.3	23.46	7.5	-3.1	-23.3	41.363473	2.1304
193	1125.14	877.7	1.8	13.3	-23.4	23.45	7.8	-3.2	-23.2	41.363387	2.130372
194	1130.35	877.1	1.78	13.3	-23.4	23.45	8.1	-3.3	-23.2	41.36329	2.130349
195	1136.47	876.4	1.73	13.3	-23.4	23.47	8.3	-3.4	-23.2	41.363181	2.130326
196	1142.17	875.8	1.69	13.3	-23.5	23.51	8.6	-3.5	-23.2	41.363061	2.130309
197	1147.44	875.3	1.62	13.3	-23.5	23.56	8.8	-3.6	-23.3	41.362929	2.130309
198	1152.59	874.7	1.57	13.4	-23.5	23.61	9	-3.7	-23.3	41.362797	2.130297
199	1158.02	874.1	1.55	13.3	-23.6	23.64	9.3	-3.8	-23.3	41.362665	2.130274
200	1164.05	873.5	1.51	13.3	-23.6	23.67	9.6	-4	-23.3	41.362557	2.130246
201	1169.45	872.9	1.46	13.2	-23.7	23.69	10	-4.1	-23.3	41.362453	2.1302
202	1174.13	872.4	1.42	13.3	-23.7	23.72	10.4	-4.3	-23.3	41.362356	2.130148
203	1179.08	871.8	1.37	13.2	-23.8	23.75	10.7	-4.4	-23.3	41.362264	2.130079
204	1184.7	871.2	1.35	13.2	-23.8	23.78	11	-4.5	-23.3	41.362173	2.130016
205	1191.47	870.5	1.28	13.2	-23.9	23.81	11.3	-4.6	-23.4	41.36207	2.129965
206	1197.2	869.9	1.26	13.2	-23.9	23.82	11.5	-4.7	-23.3	41.361961	2.12993
207	1201.93	869.3	1.21	13.3	-23.9	23.79	11.8	-4.8	-23.3	41.361846	2.129913
208	1206.99	868.8	1.17	13.3	-23.9	23.72	12	-4.9	-23.2	41.361714	2.129925
209	1210.98	868.4	1.1	13.3	-23.9	23.63	12.3	-5	-23.1	41.361594	2.12993
210	1215.47	867.9	1.08	13.3	-24	23.5	12.7	-5.2	-22.9	41.361485	2.12993
211	1220.99	867.3	1.04	13.4	-23.9	23.36	13	-5.3	-22.8	41.361388	2.129919
212	1226.06	866.7	0.97	13.4	-24	23.21	13.4	-5.4	-22.6	41.361296	2.129885
213	1231.67	866.1	1.04	13.2	-24.1	23.07	13.6	-5.4	-22.4	41.361204	2.129833
214	1236.51	865.6	1.01	13.2	-24.1	22.93	13.9	-5.5	-22.3	41.361101	2.12977
215	1240.35	865.2	0.97	13.2	-24.1	22.77	14	-5.5	-22.1	41.360987	2.129719
216	1245.11	864.7	0.97	13.3	-24	22.61	14.1	-5.5	-21.9	41.360855	2.129678
217	1250.62	864.1	0.97	13.4	-24	22.45	14.2	-5.5	-21.8	41.360723	2.12965
218	1256.68	863.4	0.92	13.5	-23.9	22.29	14.2	-5.5	-21.6	41.360597	2.129627
219	1262.56	862.8	0.86	13.6	-23.9	22.11	14.1	-5.4	-21.4	41.360488	2.12961
220	1268.17	862.2	0.81	13.5	-24	21.95	14.1	-5.3	-21.3	41.360385	2.129587
221	1274.05	861.6	0.77	13.5	-24	21.79	14	-5.3	-21.1	41.360293	2.129552
222	1279.73	861	0.7	13.6	-24	21.65	14	-5.2	-21	41.360213	2.129512
223	1285.16	860.4	0.63	13.6	-24.1	21.5	13.9	-5.2	-20.9	41.360133	2.129472
224	1290.65	859.8	0.63	14.1	-23.7	21.35	13.9	-5.1	-20.7	41.360041	2.129432
225	1296.79	859.1	0.7	14.9	-23	21.18	13.8	-5.1	-20.6	41.35995	2.129386
226	1303.46	858.4	0.77	15.7	-22.4	20.98	13.9	-5	-20.4	41.359864	2.12934
227	1309.69	857.7	0.79	16	-22.1	20.77	13.9	-5	-20.2	41.359772	2.1293
228	1314.78	857.2	0.77	16.2	-22	20.54	14	-5	-19.9	41.35968	2.12926
229	1319.68	856.7	0.72	16.2	-22	20.31	14.2	-5	-19.7	41.359589	2.129214
230	1324.94	856.1	0.68	16.3	-22	20.1	14.4	-5	-19.5	41.359514	2.129163
231	1329.24	855.7	0.63	16.3	-22	19.9	14.7	-5	-19.2	41.35944	2.129117
232	1333.18	855.2	0.57	16.3	-22.1	19.71	15	-5.1	-19	41.35936	2.129077
233	1339.01	854.6	0.52	16.3	-22.1	19.52	15.3	-5.1	-18.8	41.359268	2.129037
234	1345.15	854	0.45	16.3	-22.2	19.32	15.6	-5.2	-18.6	41.359176	2.129008
235	1351.63	853.3	0.39	16.3	-22.2	19.12	15.9	-5.2	-18.4	41.359084	2.128985
236	1358.55	852.5	0.32	16.4	-22.2	18.91	16.2	-5.3	-18.2	41.358987	2.128979
237	1365.03	851.8	0.25	16.4	-22.3	18.71	16.6	-5.3	-17.9	41.358895	2.128979
238	1370.75	851.2	0.21	16.5	-22.2	18.52	17	-5.4	-17.7	41.358804	2.128991
239	1376.86	850.6	0.14	16.6	-22.2	18.34	17.4	-5.5	-17.5	41.358718	2.129002
240	1382.63	850	0.1	16.7	-22.2	18.17	17.7	-5.5	-17.3	41.358643	2.128991
241	1388.39	849.4	0.01	16.7	-22.3	18	17.8	-5.5	-17.1	41.358569	2.128962
242	1393.98	848.8	-0.04	16.8	-22.2	17.81	17.8	-5.5	-17	41.358494	2.128922
243	1400.54	848.1	-0.1	16.8	-22.3	17.6	17.8	-5.4	-16.8	41.35842	2.128882
244	1407.18	847.4	-0.15	16.9	-22.3	17.36	17.7	-5.3	-16.5	41.358345	2.128848
245	1413.87	846.7	-0.19	17	-22.2	17.12	17.6	-5.2	-16.3	41.358265	2.128807
246	1419.55	846.1	-0.3	17	-22.3	16.88	17.6	-5.1	-16.1	41.358185	2.128779
247	1426	845.4	-0.35	17.1	-22.3	16.64	17.6	-5	-15.9	41.358105	2.128767
248	1432.17	844.7	-0.42	17.1	-22.4	16.41	17.7	-5	-15.6	41.358025	2.128756
249	1438.18	844.1	-0.48	17.2	-22.3	16.21	17.9	-5	-15.4	41.357944	2.128716
250	1443.82	843.5	-0.53	17.3	-22.3	16.01	18.2	-5	-15.2	41.357876	2.128641
251	1449.25	842.9	-0.57	17.5	-22.2	15.82	18.5	-5	-15	41.357807	2.128555
252	1455.13	842.3	-0.64	17.5	-22.3	15.63	18.8	-5	-14.8	41.357732	2.128475
253	1461.42	841.6	-0.68	17.7	-22.2	15.43	19.2	-5.1	-14.6	41.357664	2.128406
254	1467.46	841	-0.75	17.7	-22.2	15.25	19.6	-5.1	-14.4	41.357601	2.128355
255	1473.57	840.3	-0.79	17.7	-22.3	15.07	20	-5.2	-14.2	41.357543	2.128332
256	1480.15	839.7	-0.86	17.9	-22.2	14.9	20.5	-5.2	-14	41.357486	2.128309
257	1486.54	839	-0.95	18	-22.2	14.75	21	-5.3	-13.8	41.357429	2.128286
258	1492.54	838.4	-1	18.1	-22.2	14.61	21.5	-5.4	-13.6	41.357377	2.128257
259	1498.59	837.7	-1.06	18	-22.3	14.48	22	-5.4	-13.4	41.35732	2.128223
260	1505.9	836.9	-1.11	18.2	-22.2	14.34	22.4	-5.5	-13.3	41.357257	2.128194
261	1512.8	836.2	-1.2	18	-22.4	14.2	22.6	-5.5	-13.1	41.357194	2.128172
262	1517.9	835.7	-1.26	18	-22.5	14.05	22.8	-5.4	-13	41.357136	2.128154
263	1523.57	835.1	-1.33	17.6	-22.8	13.9	22.9	-5.4	-12.8	41.357091	2.128137
264	1527.78	834.7	-1.44	17.2	-23.1	13.75	22.9	-5.4	-12.7	41.35705	2.128131
265	1532.43	834.2	-1.53	16.9	-23.4	13.62	23	-5.3	-12.5	41.356999	2.12812
266	1537.31	833.7	-1.57	17.2	-23.2	13.51	23.2	-5.3	-12.4	41.356942	2.128097
267	1542.34	833.1	-1.6	17.4	-23.1	13.41	23.3	-5.3	-12.3	41.356884	2.128068
268	1546.8	832.7	-1.64	17.5	-23.1	13.32	23.4	-5.3	-12.2	41.356827	2.12804
269	1552.04	832.1	-1.68	17.7	-23	13.22	23.2	-5.2	-12.1	41.356758	2.128
270	1556.58	831.6	-1.73	17.8	-23	13.12	23	-5.1	-12.1	41.35669	2.127965
271	1561.7	831.1	-1.77	17.9	-23	13.01	22.9	-5.1	-12	41.356632	2.127937
272	1566.74	830.6	-1.84	18	-23	12.9	22.9	-5	-11.9	41.356581	2.127914
273	1571.94	830	-1.88	18	-23	12.8	23.1	-5	-11.8	41.356529	2.127891
274	1576.85	829.5	-1.95	18.2	-22.9	12.75	23.4	-5.1	-11.7	41.356489	2.127862
275	1582.43	828.9	-1.97	18.3	-22.9	12.73	23.9	-5.2	-11.6	41.356443	2.127839
276	1586.39	828.5	-2	19.1	-22.4	12.72	24.4	-5.2	-11.6	41.356397	2.127811
277	1591.74	828	-2.04	19	-22.5	12.71	24.8	-5.3	-11.5	41.356346	2.127759
278	1596.91	827.4	-2.13	18.8	-22.7	12.69	25.2	-5.4	-11.5	41.356283	2.127707
279	1601.64	826.9	-2.17	19	-22.6	12.67	25.7	-5.5	-11.4	41.35622	2.127662
280	1606.61	826.4	-2.22	18.9	-22.7	12.63	26.3	-5.6	-11.3	41.356157	2.127616
281	1613.03	825.7	-2.29	19.1	-22.7	12.6	26.9	-5.7	-11.2	41.356088	2.127564
282	1619.34	825.1	-2.35	19	-22.8	12.57	27.6	-5.8	-11.1	41.356019	2.127524
283	1625.92	824.4	-2.4	19.1	-22.8	12.56	28.3	-6	-11.1	41.355968	2.127495
284	1631.47	823.8	-2.46	19.2	-22.7	12.54	29.1	-6.1	-11	41.355927	2.127461
285	1638.33	823.1	-2.53	19.3	-22.7	12.49	29.9	-6.2	-10.8	41.355882	2.127421
286	1644.13	822.5	-2.57	19.5	-22.7	12.43	30.6	-6.3	-10.7	41.355836	2.127375
287	1649.86	821.9	-2.62	19.5	-22.7	12.35	31.2	-6.4	-10.6	41.355784	2.127335
288	1656.38	821.2	-2.69	19.8	-22.6	12.25	31.8	-6.5	-10.4	41.355733	2.127312
289	1663.57	820.5	-2.73	19.8	-22.6	12.13	32.5	-6.5	-10.2	41.355681	2.127306
290	1669.31	819.9	-2.8	19.9	-22.6	12.01	33.1	-6.6	-10.1	41.35563	2.127301
291	1675.54	819.3	-2.88	19.9	-22.7	11.89	33.7	-6.6	-9.9	41.355589	2.127272
292	1681.81	818.6	-2.95	20	-22.7	11.77	34.4	-6.6	-9.7	41.355561	2.127226
293	1687.41	818	-2.97	20.2	-22.6	11.64	34.9	-6.7	-9.5	41.355521	2.127175
294	1692.9	817.5	-3.02	20.2	-22.6	11.51	35.4	-6.7	-9.4	41.355469	2.127112
295	1698.23	816.9	-3.06	20.5	-22.5	11.36	35.8	-6.6	-9.2	41.355418	2.127043
296	1702.73	816.4	-3.11	20.4	-22.6	11.2	36.1	-6.6	-9	41.35536	2.126985
297	1707.09	816	-3.17	20.4	-22.7	11.03	36.4	-6.5	-8.9	41.355314	2.12694
298	1711.91	815.5	-3.22	21.2	-22.3	10.88	36.7	-6.5	-8.7	41.355263	2.126911
299	1717.43	814.9	-3.24	21.6	-22.1	10.77	37.1	-6.5	-8.6	41.355223	2.126882
300	1723.5	814.3	-3.28	22.4	-21.7	10.72	37.7	-6.6	-8.5	41.355183	2.126848
301	1729.77	813.7	-3.33	22.9	-21.5	10.71	38.3	-6.6	-8.4	41.355148	2.126802
302	1735.77	813	-3.35	23.3	-21.3	10.71	38.9	-6.7	-8.3	41.35512	2.126756
303	1741.87	812.4	-3.4	23.6	-21.2	10.71	39.4	-6.8	-8.3	41.355091	2.126682
304	1747.65	811.8	-3.42	23.8	-21.1	10.68	39.8	-6.8	-8.2	41.355062	2.126607
305	1753.09	811.3	-3.48	23.7	-21.2	10.63	40.2	-6.9	-8.1	41.355039	2.126544
306	1758.42	810.7	-3.51	24.2	-21	10.58	40.7	-6.9	-8	41.355011	2.12651
307	1763.13	810.2	-3.55	24.4	-21	10.53	41.1	-6.9	-7.9	41.354982	2.126487
308	1768.56	809.7	-3.57	24.9	-20.7	10.51	41.7	-7	-7.8	41.354948	2.126464
309	1773.93	809.1	-3.62	25.2	-20.6	10.48	42.3	-7.1	-7.8	41.354919	2.126441
310	1779.24	808.6	-3.66	25.3	-20.6	10.44	42.8	-7.1	-7.7	41.354896	2.126413
311	1785.01	808	-3.73	25.5	-20.6	10.37	43.1	-7.1	-7.6	41.354862	2.126378
312	1791.84	807.3	-3.77	25.8	-20.5	10.28	43.3	-7.1	-7.5	41.354816	2.126332
313	1796.74	806.8	-3.8	26	-20.4	10.2	43.4	-7	-7.4	41.354776	2.126286
314	1801.29	806.3	-3.86	26	-20.5	10.13	43.4	-7	-7.4	41.354747	2.126246
315	1806.36	805.8	-3.93	26	-20.6	10.09	43.3	-6.9	-7.3	41.354724	2.126223
316	1812.22	805.2	-3.97	26.1	-20.5	10.08	43.2	-6.9	-7.4	41.354696	2.126206
317	1818.87	804.5	-4.06	26.1	-20.6	10.11	43.1	-6.9	-7.4	41.354667	2.126178
319	1831.81	803.2	-4.17	26.3	-20.6	10.14	43	-6.9	-7.4	41.354604	2.12608
320	1837.49	802.6	-4.26	26.3	-20.7	10.17	42.9	-6.9	-7.4	41.354547	2.126006
321	1843.57	802	-4.31	26.5	-20.7	10.18	42.7	-6.9	-7.5	41.354478	2.125926
322	1849.19	801.4	-4.35	26.7	-20.6	10.2	42.4	-6.9	-7.5	41.354421	2.125851
323	1855.01	800.8	-4.42	26.8	-20.6	10.22	42.2	-6.9	-7.6	41.354381	2.125799
324	1861.44	800.2	-4.46	26.9	-20.6	10.24	42.1	-6.9	-7.6	41.354358	2.125771
325	1867.04	799.6	-4.51	27.3	-20.5	10.26	42.2	-6.9	-7.6	41.354346	2.125754
326	1872.7	799	-4.55	27.6	-20.4	10.28	42.4	-6.9	-7.6	41.35434	2.125725
328	1885.1	797.8	-4.69	27.9	-20.4	10.3	42.9	-7	-7.5	41.354312	2.125662
329	1891.11	797.2	-4.73	28.1	-20.4	10.3	43.6	-7.1	-7.5	41.354277	2.125616
330	1897.76	796.5	-4.8	28.1	-20.4	10.3	44.3	-7.2	-7.4	41.354237	2.125553
331	1904.9	795.8	-4.89	28.2	-20.5	10.28	45.1	-7.3	-7.3	41.354203	2.12549
332	1909.95	795.3	-4.93	28.3	-20.5	10.21	46.1	-7.4	-7.1	41.354157	2.125427
334	1922	794	-5.02	28.7	-20.4	10.1	47.2	-7.4	-6.9	41.354054	2.125364
335	1926.66	793.6	-5.06	28.8	-20.4	9.94	48.6	-7.5	-6.6	41.354008	2.125347
336	1930.61	793.2	-5.13	28.9	-20.4	9.77	50.1	-7.5	-6.3	41.353962	2.125312
337	1935.71	792.7	-5.18	29.1	-20.3	9.59	51.8	-7.5	-5.9	41.353916	2.125272
338	1940.63	792.2	-5.22	29.1	-20.4	9.43	53.5	-7.6	-5.6	41.353871	2.125221
339	1945.59	791.7	-5.29	29.4	-20.3	9.29	55.2	-7.6	-5.3	41.353842	2.125169
340	1951.54	791.1	-5.33	29.6	-20.3	9.15	56.8	-7.7	-5	41.353819	2.125112
341	1957.4	790.5	-5.35	30	-20.1	8.99	58.3	-7.7	-4.7	41.353796	2.12506
342	1962.56	789.9	-5.38	30.5	-20	8.81	59.8	-7.6	-4.4	41.353773	2.125026
343	1968.55	789.3	-5.4	30.9	-19.9	8.62	61.3	-7.6	-4.1	41.353745	2.124997
344	1974.38	788.8	-5.5	30.9	-19.9	8.45	62.8	-7.5	-3.9	41.35371	2.124969
345	1980.49	788.1	-5.52	31.1	-19.9	8.32	64.4	-7.5	-3.6	41.353664	2.124934
347	1989.94	787.2	-5.65	31.3	-19.9	8.22	66.1	-7.5	-3.3	41.353573	2.124837
360	2049.41	781.2	-6.13	33.7	-19.5	8.13	67.9	-7.5	-3.1	41.353189	2.124264
431	2401.13	746.6	-8.52	43.3	-18.7	8.03	69.6	-7.5	-2.8	41.351774	2.121651
433	2413.68	745.4	-8.63	43.2	-18.9	7.9	71.5	-7.5	-2.5	41.351779	2.12156
435	2426.12	744.2	-8.68	42.9	-19	7.74	73.7	-7.4	-2.2	41.351814	2.121428
436	2433.2	743.5	-8.7	42.7	-19.1	7.59	76.1	-7.4	-1.8	41.351825	2.121359
437	2438.9	742.9	-8.72	42.7	-19.1	7.46	78.6	-7.3	-1.5	41.351837	2.121285
438	2444.2	742.4	-8.74	42.6	-19.1	7.37	81.3	-7.3	-1.1	41.351848	2.121222
439	2449.93	741.9	-8.65	42.5	-19.1	7.31	83.9	-7.3	-0.8	41.351859	2.121181
440	2455.19	741.4	-8.68	42.6	-19.1	7.25	86.4	-7.2	-0.5	41.351877	2.121141
441	2461.33	740.8	-8.63	42.7	-19	7.17	89	-7.2	-0.1	41.3519	2.121107
442	2467.61	740.2	-8.65	42.8	-19	7.08	91.8	-7.1	0.2	41.351923	2.121073
444	2479.74	739	-8.74	43	-19	7	94.7	-7	0.6	41.35194	2.120998
445	2485.95	738.4	-8.81	43.1	-19.1	6.97	97.6	-6.9	0.9	41.351934	2.120952
446	2491.53	737.9	-8.86	43.2	-19.1	6.95	100	-6.8	1.2	41.351923	2.120901
447	2497.55	737.3	-8.93	43.3	-19.1	6.92	102.1	-6.8	1.4	41.351917	2.120866
448	2503.74	736.7	-8.95	43.4	-19.1	6.88	103.9	-6.7	1.7	41.351911	2.120832
449	2509.52	736.2	-9	43.5	-19.1	6.8	105.5	-6.6	1.8	41.351917	2.120803
450	2515.83	735.6	-9.04	43.6	-19.1	6.69	107.1	-6.4	2	41.351934	2.120763
451	2520.83	735.1	-9.11	43.7	-19.2	6.55	108.5	-6.2	2.1	41.351957	2.120712
453	2533.84	733.9	-9.23	44.1	-19.2	6.41	109.7	-6	2.2	41.35198	2.120597
454	2540.7	733.2	-9.25	44.2	-19.2	6.25	110.5	-5.9	2.2	41.35198	2.120563
455	2546.45	732.7	-9.27	44.3	-19.2	6.08	110.7	-5.7	2.2	41.351986	2.120545
456	2550.61	732.3	-9.32	44.5	-19.1	5.89	110.6	-5.5	2.1	41.351991	2.120523
457	2555.7	731.8	-9.39	44.7	-19.2	5.67	110.6	-5.3	2	41.352008	2.120494
458	2561.15	731.3	-9.41	44.7	-19.2	5.46	110.7	-5.1	1.9	41.352031	2.12046
459	2567.86	730.7	-9.46	44.6	-19.2	5.29	110.9	-4.9	1.9	41.352054	2.120419
460	2574.31	730	-9.53	44.7	-19.3	5.13	111.2	-4.8	1.9	41.352066	2.120368
462	2585.17	729	-9.62	45	-19.3	4.96	111.4	-4.6	1.8	41.352077	2.120305
463	2591.14	728.5	-9.69	45.2	-19.3	4.78	111.4	-4.5	1.7	41.352077	2.120305
464	2597.61	727.8	-9.73	45.3	-19.3	4.59	111.3	-4.3	1.7	41.352094	2.120305
465	2605.12	727.1	-9.83	45.5	-19.4	4.4	111.2	-4.1	1.6	41.352129	2.120288
466	2612.21	726.5	-9.87	45.7	-19.3	4.22	111.1	-3.9	1.5	41.352175	2.120248
467	2617.46	726	-9.89	45.9	-19.3	4.07	110.8	-3.8	1.4	41.352203	2.120184
469	2629.19	724.9	-10.01	46.3	-19.3	3.93	110	-3.7	1.3	41.352186	2.120047
470	2634.66	724.4	-10.08	46.5	-19.3	3.78	108.7	-3.6	1.2	41.352169	2.120013
471	2640.41	723.8	-10.13	46.7	-19.3	3.61	106.8	-3.5	1	41.352157	2.11999
472	2645.58	723.3	-10.15	46.8	-19.3	3.4	104.6	-3.3	0.9	41.352152	2.119984
473	2650.31	722.9	-10.19	47	-19.3	3.2	101.8	-3.1	0.7	41.352157	2.11999
474	2656.33	722.3	-10.24	47.2	-19.3	3.04	98.8	-3	0.5	41.352169	2.120001
475	2662.85	721.7	-10.31	47.4	-19.3	2.92	95.7	-2.9	0.3	41.352175	2.120007
476	2669.28	721.1	-10.36	47.6	-19.3	2.85	92.3	-2.8	0.1	41.35218	2.119995
477	2676.64	720.4	-10.43	47.7	-19.4	2.8	88.2	-2.8	-0.1	41.35218	2.11999
478	2683.95	719.7	-10.47	47.9	-19.3	2.76	83.2	-2.7	-0.3	41.35218	2.119978
479	2688.45	719.3	-10.5	48.1	-19.3	2.71	77.5	-2.6	-0.6	41.352175	2.119961
480	2693.26	718.9	-10.54	48.4	-19.3	2.67	71.9	-2.5	-0.8	41.352175	2.119921
481	2699.02	718.3	-10.59	48.5	-19.3	2.64	66.8	-2.4	-1	41.352169	2.119864
484	2711.92	717.1	-10.7	49.1	-19.3	2.63	62.4	-2.3	-1.2	41.352152	2.119806
485	2714.91	716.8	-10.73	49.2	-19.3	2.64	58.3	-2.2	-1.4	41.35214	2.119835
486	2717.97	716.6	-10.73	48.5	-19.4	2.66	54.5	-2.2	-1.5	41.352135	2.119869
487	2723.01	716.1	-10.75	47.9	-19.6	2.7	50.5	-2.1	-1.7	41.352123	2.119887
488	2728.84	715.5	-10.77	47.3	-19.8	2.76	46.4	-2	-1.9	41.352112	2.119887
489	2734.62	715	-10.82	47.1	-19.9	2.82	42.5	-1.9	-2.1	41.352106	2.119869
491	2744.26	714.1	-10.89	47.2	-19.9	2.87	39	-1.8	-2.2	41.352089	2.119778
492	2749.85	713.6	-10.96	47.3	-19.9	2.9	36.1	-1.7	-2.3	41.352066	2.119726
493	2755.46	713.1	-11.01	47.3	-20	2.9	33.6	-1.6	-2.4	41.352031	2.119697
494	2761.1	712.5	-11.05	47.4	-20	2.9	30.8	-1.5	-2.5	41.352008	2.119692
495	2766.43	712	-11.12	47.5	-20	2.87	27.5	-1.3	-2.5	41.351991	2.119686
496	2772.96	711.4	-11.17	47.7	-20	2.87	24.6	-1.2	-2.6	41.351974	2.119686
497	2777.93	711	-11.24	47.9	-20.1	2.88	22.2	-1.1	-2.7	41.351963	2.119686
498	2783.43	710.5	-11.26	47.9	-20.1	2.91	20.6	-1	-2.7	41.351957	2.119686
499	2787.79	710.1	-11.31	48.2	-20.1	2.94	19.8	-1	-2.8	41.351957	2.11968
500	2793.33	709.6	-11.38	48.5	-20	2.96	19.3	-1	-2.8	41.351951	2.119657
501	2799.94	708.9	-11.45	48.8	-20	2.98	18.7	-1	-2.8	41.351923	2.119629
502	2807.26	708.3	-11.52	48.9	-20.1	2.99	17.4	-0.9	-2.9	41.351888	2.119594
503	2812.94	707.7	-11.57	49	-20.1	3	15.7	-0.8	-2.9	41.351859	2.119571
504	2818.2	707.3	-11.61	49.2	-20.1	3	13.9	-0.7	-2.9	41.351837	2.119549
506	2829.95	706.2	-11.73	49.4	-20.2	3.02	12.5	-0.7	-3	41.351825	2.11952
507	2835.93	705.6	-11.8	49.5	-20.2	3.06	11.7	-0.6	-3	41.351819	2.119537
509	2849.13	704.4	-11.92	49.8	-20.2	3.1	10.8	-0.6	-3	41.351791	2.119594
510	2856.31	703.7	-11.99	50.1	-20.2	3.14	9.8	-0.5	-3.1	41.351779	2.119634
512	2869.3	702.5	-12.08	50.6	-20.2	3.2	8.2	-0.5	-3.2	41.351733	2.119675
513	2875.27	702	-12.15	50.8	-20.2	3.27	6.2	-0.4	-3.2	41.351716	2.119669
514	2880.44	701.5	-12.2	51.1	-20.2	3.32	3.8	-0.2	-3.3	41.351699	2.119663
515	2887.28	700.9	-12.29	51.4	-20.2	3.36	1.4	-0.1	-3.4	41.351688	2.119669
516	2894.08	700.3	-12.32	51.6	-20.2	3.38	359.5	0	-3.4	41.351682	2.11968
517	2899.51	699.8	-12.39	51.9	-20.2	3.39	358.3	0.1	-3.4	41.351688	2.119703
518	2905.62	699.2	-12.46	52.1	-20.2	3.41	357.4	0.2	-3.4	41.351693	2.119726
519	2913.26	698.5	-12.51	52.4	-20.2	3.45	356.7	0.2	-3.4	41.351693	2.119738
520	2921.29	697.8	-12.55	52.7	-20.2	3.48	356.2	0.2	-3.5	41.351682	2.119732
521	2926.22	697.3	-12.65	52.9	-20.2	3.51	355.9	0.3	-3.5	41.351665	2.119703
522	2931.78	696.8	-12.7	53.1	-20.2	3.53	355.9	0.3	-3.5	41.351648	2.119663
523	2937.3	696.3	-12.74	53.5	-20.2	3.53	356.1	0.2	-3.5	41.351636	2.119623
524	2943.38	695.8	-12.81	53.8	-20.2	3.54	356.6	0.2	-3.5	41.351607	2.1196
525	2949.88	695.2	-12.89	54	-20.2	3.56	357.3	0.2	-3.6	41.351573	2.119606
526	2956.37	694.6	-12.96	54.2	-20.2	3.6	358.3	0.1	-3.6	41.351539	2.11964
527	2963.13	694	-12.98	54.4	-20.2	3.67	359.5	0	-3.7	41.35151	2.119692
528	2969.09	693.4	-13.03	54.6	-20.2	3.75	0.9	-0.1	-3.8	41.351493	2.119726
529	2975.4	692.8	-13.1	54.9	-20.2	3.84	2.5	-0.2	-3.8	41.351464	2.119738
531	2987.75	691.7	-13.22	55.4	-20.2	3.93	4.1	-0.3	-3.9	41.351424	2.119709
532	2993.66	691.2	-13.29	55.5	-20.3	4.02	5.6	-0.4	-4	41.351401	2.119686
533	2999.28	690.7	-13.34	55.6	-20.3	4.11	6.5	-0.5	-4.1	41.351378	2.119675
534	3005.53	690.1	-13.38	55.8	-20.3	4.21	6.7	-0.5	-4.2	41.35135	2.119675
536	3018.02	689	-13.5	56.3	-20.3	4.32	6.6	-0.5	-4.3	41.351321	2.119692
537	3023.17	688.5	-13.55	56.5	-20.3	4.41	6.4	-0.5	-4.4	41.351315	2.119692
538	3029	688	-13.62	56.7	-20.3	4.47	6.3	-0.5	-4.4	41.351304	2.11968
539	3035.02	687.4	-13.67	57.2	-20.3	4.52	6.3	-0.5	-4.5	41.351281	2.119675
540	3041.45	686.9	-13.72	57.4	-20.3	4.57	6.6	-0.5	-4.5	41.351264	2.119663
541	3048.31	686.2	-13.79	57.6	-20.3	4.6	6.9	-0.6	-4.6	41.351235	2.119657
542	3055.19	685.6	-13.87	57.9	-20.3	4.63	7.3	-0.6	-4.6	41.351212	2.119669
543	3061.88	685	-13.91	58.2	-20.3	4.66	7.5	-0.6	-4.6	41.351195	2.119669
545	3075.37	683.8	-14.01	58.8	-20.3	4.69	7.6	-0.6	-4.6	41.351178	2.119623
547	3087.9	682.7	-14.18	59.2	-20.4	4.7	7.7	-0.6	-4.7	41.351132	2.11956
548	3094.72	682.1	-14.23	59.5	-20.4	4.7	8.1	-0.7	-4.7	41.351097	2.119543
549	3102.69	681.3	-14.28	59.9	-20.3	4.68	8.6	-0.7	-4.6	41.351057	2.119537
550	3109.86	680.7	-14.3	60.3	-20.3	4.66	9.1	-0.7	-4.6	41.351017	2.119543
551	3116.73	680.1	-14.38	60.8	-20.3	4.65	9.5	-0.8	-4.6	41.351	2.119549
552	3124.6	679.4	-14.45	61.2	-20.2	4.66	9.5	-0.8	-4.6	41.350983	2.119549
553	3132.8	678.6	-14.5	61.7	-20.2	4.67	9.1	-0.7	-4.6	41.350977	2.119549
554	3140.06	678	-14.55	61.8	-20.2	4.67	8.5	-0.7	-4.6	41.350966	2.119543
555	3147.05	677.4	-14.59	62	-20.2	4.67	8	-0.6	-4.6	41.350948	2.119531
556	3153.87	676.7	-14.67	62.3	-20.2	4.67	7.8	-0.6	-4.6	41.35092	2.11952
557	3161.54	676.1	-14.72	62.5	-20.3	4.66	7.7	-0.6	-4.6	41.350885	2.119508
558	3167.92	675.5	-14.79	62.7	-20.3	4.66	7.7	-0.6	-4.6	41.350851	2.119508
560	3181.57	674.3	-14.91	63.2	-20.3	4.63	7.6	-0.6	-4.6	41.350788	2.119514
561	3188.23	673.7	-14.96	63.6	-20.3	4.6	7.4	-0.6	-4.6	41.350765	2.119526
562	3195.12	673.1	-15.01	63.9	-20.3	4.58	7.4	-0.6	-4.5	41.350742	2.119537
564	3205.65	672.1	-15.06	64.6	-20.2	4.56	7.4	-0.6	-4.5	41.350691	2.119554
565	3210.16	671.7	-15.13	64.9	-20.2	4.51	7.6	-0.6	-4.5	41.350668	2.119549
566	3215.74	671.2	-15.18	65.1	-20.2	4.46	7.9	-0.6	-4.4	41.350645	2.119537
567	3222.34	670.6	-15.26	65.4	-20.3	4.41	8.1	-0.6	-4.4	41.350622	2.119526
568	3229.97	670	-15.33	65.8	-20.3	4.35	7.9	-0.6	-4.3	41.350593	2.119526
569	3235.64	669.5	-15.4	66	-20.3	4.28	7.6	-0.6	-4.2	41.350565	2.119537
570	3239.81	669.1	-15.45	66.3	-20.3	4.19	7.3	-0.5	-4.2	41.350553	2.119549
571	3244.92	668.6	-15.5	66.8	-20.2	4.11	7.2	-0.5	-4.1	41.350553	2.119571
572	3251.2	668.1	-15.58	67.2	-20.2	4.03	7.2	-0.5	-4	41.350559	2.119583
574	3264.76	666.9	-15.7	68	-20.2	3.97	7.3	-0.5	-3.9	41.35053	2.119583
576	3276	665.9	-15.82	68.7	-20.2	3.9	7.2	-0.5	-3.9	41.35045	2.119594
577	3282.8	665.3	-15.87	69.1	-20.2	3.81	7.1	-0.5	-3.8	41.350416	2.119617
578	3288.88	664.8	-15.95	69.5	-20.2	3.72	7.3	-0.5	-3.7	41.350398	2.119629
579	3296.11	664.1	-16	70	-20.2	3.63	7	-0.4	-3.6	41.350393	2.119617
581	3310.28	662.9	-16.1	71.3	-20.1	3.53	6.5	-0.4	-3.5	41.350364	2.119531
582	3316.85	662.3	-16.17	71.8	-20.1	3.45	6.1	-0.4	-3.4	41.350347	2.119491
583	3323.56	661.7	-16.25	72.4	-20	3.38	5.8	-0.3	-3.4	41.350335	2.119468
585	3337.4	660.5	-16.35	73.5	-20	3.31	5.8	-0.3	-3.3	41.350324	2.119457
586	3344.23	659.9	-16.42	73.9	-20	3.28	5.8	-0.3	-3.3	41.350318	2.119474
593	3386.66	656.2	-16.87	77	-19.9	3.28	6	-0.3	-3.3	41.350181	2.119543
594	3392.86	655.6	-16.92	77.4	-19.9	3.27	6.1	-0.3	-3.3	41.350152	2.119531
595	3399.05	655.1	-16.97	78	-19.9	3.26	6.3	-0.4	-3.2	41.350141	2.119526
596	3404.77	654.6	-17.02	78.3	-19.9	3.28	6.3	-0.4	-3.3	41.350135	2.119531
597	3411.27	654	-17.1	78.4	-19.9	3.32	5.9	-0.3	-3.3	41.350129	2.119543
598	3418.1	653.4	-17.15	78.4	-20	3.38	5.8	-0.3	-3.4	41.350123	2.119549
600	3429.74	652.4	-17.3	79.4	-20	3.45	5.6	-0.3	-3.4	41.350101	2.119537
601	3435.61	651.9	-17.36	80.2	-19.9	3.53	5.1	-0.3	-3.5	41.350083	2.119526
602	3440.52	651.5	-17.41	81.6	-19.8	3.62	4.1	-0.3	-3.6	41.350072	2.119514
604	3453.1	650.4	-17.54	82.4	-19.8	3.73	2.9	-0.2	-3.7	41.350049	2.119491
608	3475.82	648.4	-17.76	85.4	-19.6	3.84	1.4	-0.1	-3.8	41.349986	2.119566
609	3481.67	647.9	-17.82	86.1	-19.6	3.96	359.6	0	-4	41.349969	2.119589
611	3493.98	646.8	-17.93	87.5	-19.5	4.1	358.1	0.1	-4.1	41.349952	2.1196
613	3508.11	645.6	-18.09	89	-19.4	4.28	356.3	0.3	-4.3	41.34994	2.119543
618	3535.74	643.2	-18.35	93	-19.2	4.47	354.7	0.4	-4.5	41.349866	2.119543
619	3540.46	642.8	-18.41	93.7	-19.2	4.67	353.2	0.6	-4.6	41.349837	2.119594
621	3551.33	641.9	-18.48	94.8	-19.1	4.9	352	0.7	-4.8	41.349785	2.119652
624	3564.52	640.8	-18.2	94	-18.9	5.15	351.2	0.8	-5.1	41.349711	2.1196
625	3568.97	640.4	-18.17	93.4	-19	5.42	350.4	0.9	-5.3	41.349694	2.119583
626	3574.19	639.9	-18.17	92.8	-19	5.72	349.8	1	-5.6	41.349677	2.11956
627	3580.43	639.4	-18.17	92.2	-19.1	6.03	349.1	1.1	-5.9	41.349665	2.119543
628	3586.22	638.9	-18.2	91.6	-19.2	6.33	348.6	1.2	-6.2	41.349648	2.119543
629	3591.37	638.5	-18.2	91.1	-19.3	6.64	348.2	1.4	-6.5	41.349619	2.11956
630	3597.01	638	-18.22	90.5	-19.4	6.97	347.7	1.5	-6.8	41.349585	2.119583
631	3602.43	637.5	-18.22	89.8	-19.5	7.32	347.3	1.6	-7.1	41.349533	2.119606
635	3628.86	635.3	-18.26	86	-20	7.66	347	1.7	-7.5	41.349402	2.119634
641	3667.44	632	-18.55	82.3	-20.8	7.99	346.8	1.8	-7.8	41.349293	2.119629
642	3674	631.4	-18.61	82	-20.9	8.31	346.7	1.9	-8.1	41.349258	2.119634
643	3680.74	630.8	-18.65	81.8	-21	8.64	346.7	2	-8.4	41.34923	2.11964
654	3752.24	624.8	-19.05	77.3	-22	8.96	346.7	2.1	-8.7	41.348869	2.119835
657	3771.82	623.2	-19.09	73	-22.7	9.25	346.8	2.1	-9	41.348731	2.119932
661	3793.44	621.4	-19.24	67.4	-23.7	9.54	346.8	2.2	-9.3	41.348513	2.120018
662	3799.61	620.8	-19.29	66.5	-23.9	9.83	346.8	2.3	-9.6	41.348473	2.120001
667	3834.13	618	-19.46	58.9	-25.4	10.11	346.8	2.3	-9.8	41.348301	2.120184
674	3875.05	614.6	-19.59	49.4	-27.5	10.37	347	2.3	-10.1	41.347923	2.120494
679	3903.67	612.2	-19.76	48	-27.9	10.58	347.4	2.3	-10.3	41.347677	2.12054
683	3926.16	610.4	-19.96	47.1	-28.3	10.8	347.6	2.3	-10.5	41.347453	2.120677
684	3931.26	609.9	-20.01	47	-28.4	11.03	347.6	2.4	-10.8	41.347396	2.120689
685	3935.11	609.6	-20.03	46.9	-28.4	11.26	347.5	2.4	-11	41.347327	2.120706
694	3983.98	605.6	-20.23	42.1	-29.7	11.46	347.4	2.5	-11.2	41.346789	2.120952
695	3988.56	605.2	-20.23	41	-30	11.67	347.2	2.6	-11.4	41.34672	2.120975
697	3997.88	604.5	-20.29	39.3	-30.5	11.87	347.1	2.7	-11.6	41.346634	2.121038
709	4065.48	599	-20.81	37.4	-31.5	12.08	346.9	2.7	-11.8	41.345872	2.121302
711	4073.37	598.3	-20.9	37.2	-31.6	12.27	346.7	2.8	-11.9	41.345775	2.121359
718	4114.73	595	-21.27	37.9	-31.8	12.44	346.4	2.9	-12.1	41.345345	2.121439
719	4121.12	594.5	-21.34	38.6	-31.7	12.61	346.2	3	-12.2	41.34527	2.121462
724	4149.18	592.2	-21.57	39.8	-31.5	12.78	345.8	3.1	-12.4	41.345018	2.121588
725	4153.9	591.8	-21.62	39.9	-31.6	12.93	345.5	3.2	-12.5	41.344961	2.121588
728	4170.56	590.5	-21.77	40.1	-31.7	13.06	345.2	3.3	-12.6	41.344732	2.121531
729	4176.52	590	-21.83	40.1	-31.7	13.17	345	3.4	-12.7	41.344663	2.121519
730	4182.63	589.5	-21.88	40.1	-31.8	13.28	344.7	3.5	-12.8	41.344606	2.121508
734	4205.63	587.7	-21.99	40.6	-31.7	13.35	344.4	3.6	-12.9	41.344445	2.1216
735	4210.42	587.3	-22.03	40.8	-31.7	13.4	344.1	3.7	-12.9	41.344388	2.121623
736	4214.8	586.9	-22.05	40.9	-31.7	13.44	343.7	3.8	-12.9	41.344331	2.121623
737	4219.8	586.5	-22.09	41	-31.7	13.47	343.3	3.9	-12.9	41.344262	2.121617
738	4225.16	586.1	-22.14	40.9	-31.8	13.52	342.8	4	-12.9	41.344188	2.121605
742	4249.73	584.2	-22.27	40.2	-32.1	13.55	342.2	4.1	-12.9	41.34393	2.121686
743	4255.99	583.7	-22.33	40.1	-32.2	13.57	341.5	4.3	-12.9	41.343867	2.121743
753	4310.87	579.3	-22.92	40.8	-32.5	13.6	340.7	4.5	-12.8	41.343288	2.12207
756	4327.49	578	-23.09	41.1	-32.6	13.61	339.8	4.7	-12.8	41.343151	2.122115
760	4346.82	576.5	-23.18	38.3	-33.4	13.61	338.6	5	-12.7	41.342898	2.122184
761	4353.72	575.9	-23.22	37.6	-33.6	13.64	337.3	5.3	-12.6	41.342818	2.122241
762	4359.58	575.5	-23.29	37	-33.9	13.7	336.1	5.6	-12.5	41.342744	2.122299
763	4364.88	575	-23.31	36.2	-34.1	13.75	334.7	5.9	-12.4	41.342692	2.122345
764	4367.87	574.8	-23.31	35.6	-34.3	13.78	333.4	6.2	-12.3	41.342664	2.12239
773	4417.97	570.9	-23.7	30.8	-36.1	13.84	332	6.5	-12.2	41.342182	2.122494
779	4452.1	568.2	-23.98	27.6	-37.4	13.9	330.6	6.8	-12.1	41.34185	2.122602
783	4480.14	566	-24.18	25.2	-38.4	13.96	329.3	7.1	-12	41.341615	2.122786
788	4509.8	563.7	-24.39	23.4	-39.3	14.02	328.2	7.4	-11.9	41.341277	2.12286
798	4574.65	558.7	-24.74	14.9	-43.8	14.06	327.2	7.6	-11.8	41.340566	2.123221
800	4590.77	557.5	-24.92	14.5	-44.2	14.11	326.4	7.8	-11.7	41.340412	2.123301
828	4763.19	544.3	-26.5	13.9	-45.9	14.13	325.7	8	-11.7	41.338498	2.124963
839	4822.1	539.9	-27.07	15	-45.7	14.07	325.1	8	-11.5	41.337919	2.12588
844	4851.64	537.7	-27.36	15.5	-45.7	13.99	324.7	8.1	-11.4	41.33773	2.126138
853	4904.18	533.8	-27.91	16.4	-45.6	13.91	324.3	8.1	-11.3	41.337346	2.1271
858	4939.24	531.2	-28.22	16.8	-45.7	13.85	324	8.1	-11.2	41.337117	2.127369
860	4953.65	530.1	-28.39	17	-45.7	13.83	323.9	8.1	-11.2	41.337003	2.12749
873	5039.27	523.8	-29.09	18.6	-45.5	13.87	324.1	8.1	-11.2	41.33643	2.128567
899	5203.41	511.8	-30.58	21.6	-45.4	13.98	324.5	8.1	-11.4	41.335129	2.130532
914	5279.99	506.3	-31.31	23.2	-45.4	14.19	324.8	8.2	-11.6	41.334447	2.131672
935	5422.17	496.2	-32.4	26.3	-45.2	14.47	325.2	8.3	-11.9	41.333256	2.132875
981	5700.63	476.8	-33.96	24.9	-47.1	14.83	325.8	8.3	-12.3	41.330649	2.13609
999	5808.18	469.6	-34.92	29.9	-46.3	15.29	326.7	8.4	-12.8	41.329474	2.136984
1015	5899.05	463.5	-35.7	33.3	-46	15.91	327.6	8.5	-13.4	41.328809	2.137356
1018	5920.73	462	-35.93	33.8	-46.1	16.61	328.8	8.6	-14.2	41.328741	2.137471
1022	5948.85	460.1	-36.2	34.5	-46.2	17.39	329.9	8.7	-15	41.328511	2.137648
1026	5965.49	459	-36.37	35.2	-46.2	18.22	331.1	8.8	-16	41.328317	2.137981
1034	6018.83	455.5	-36.88	37	-46.2	19.07	332.3	8.9	-16.9	41.328128	2.138267
1036	6031.11	454.7	-37	37.3	-46.2	19.93	333.5	8.9	-17.8	41.328007	2.13829
1043	6068.63	452.2	-37.36	38.6	-46.2	20.72	334.4	9	-18.7	41.327755	2.138307
1052	6124.74	448.6	-37.79	39.3	-46.5	21.44	335.3	9	-19.5	41.327383	2.138565
1055	6143	447.4	-37.89	39.4	-46.5	22.09	336.2	8.9	-20.2	41.327217	2.138662
1070	6222.98	442.2	-38.57	41.3	-46.7	22.62	337	8.8	-20.8	41.32642	2.139201
1076	6261.79	439.7	-38.96	42.5	-46.8	23.05	337.8	8.7	-21.3	41.326105	2.13923
1087	6336.87	434.9	-39.59	45.5	-46.8	23.38	338.4	8.6	-21.7	41.325481	2.139442
1111	6460	427.1	-40.7	48.9	-47.2	23.65	338.9	8.5	-22.1	41.324587	2.139848
1524	8920.75	294.1	-47.79	0	-81.1	23.83	339.5	8.4	-22.3	41.292753	2.156275
1525	8926.96	293.8	-47.79	0	-81.1	23.94	340	8.2	-22.5	41.292576	2.156315
1527	8938.8	293.3	-47.76	0	-81	23.97	340.4	8.1	-22.6	41.292209	2.156418
1528	8943.7	293.1	-47.79	0	-81.1	23.94	340.6	8	-22.6	41.292031	2.156487
1570	9176.96	282.9	-46.92	0	-80.5	23.92	340.8	7.9	-22.6	41.284944	2.159266
1600	9350.52	275.6	-47.32	0	-80.7	23.87	341	7.8	-22.6	41.278762	2.161884
1601	9357.16	275.3	-47.27	0	-80.7	23.83	341.1	7.7	-22.5	41.278544	2.16193
