ftr_time	ftr_alt	ftr_pres	ftr_temp	ftr_hum	ftr_DP	ftr_WF	ftr_WD	ftr_VEF	ftr_VNF	ftr_LAT	ftr_LON
0	98	1012.9	13.44	65.1	7	3.3	103	-7.2	0.5	41.384593	2.116999
18	187.1	1002.1	11.81	69.4	6.4	7.16	93.9	-7.1	0.5	41.384598	2.116982
19	191.4	1001.6	11.88	70	6.6	7.11	94	-7.1	0.5	41.384633	2.116919
20	197.66	1000.9	11.88	70.6	6.7	7.07	94.3	-7.1	0.5	41.38465	2.11685
21	202.41	1000.3	11.88	71	6.8	7.04	94.7	-7	0.6	41.38465	2.116787
22	206.83	999.8	11.85	71.5	6.9	7	95.1	-7	0.6	41.38465	2.116747
23	210.41	999.3	11.78	71.6	6.8	6.95	95.5	-6.9	0.7	41.384644	2.116712
24	214.8	998.8	11.61	71.9	6.7	6.91	96.1	-6.9	0.7	41.384638	2.116684
25	219.24	998.3	11.49	73	6.8	6.86	96.6	-6.8	0.8	41.384627	2.116672
26	223.59	997.8	11.39	73	6.7	6.79	97.1	-6.7	0.8	41.384615	2.116655
27	227.02	997.4	11.32	73.8	6.8	6.7	97.2	-6.7	0.8	41.38461	2.116603
28	230.37	997	11.3	74	6.8	6.64	97.4	-6.6	0.9	41.384604	2.116535
30	238.27	996	11.3	74.8	7	6.59	97.4	-6.5	0.8	41.384558	2.116437
31	242.73	995.5	11.27	74.5	6.9	6.5	97.2	-6.5	0.8	41.384552	2.116386
32	247.36	994.9	11.3	74.8	7	6.4	97.1	-6.3	0.8	41.384558	2.116334
33	252.5	994.3	11.13	75.4	6.9	6.28	97	-6.2	0.8	41.384575	2.116294
34	257.24	993.8	11.06	75.2	6.8	6.16	97	-6.1	0.7	41.384593	2.11626
35	261.92	993.2	11.01	75.5	6.9	6.04	97	-6	0.7	41.384604	2.116225
36	266.5	992.7	10.94	75.9	6.9	5.95	97.1	-5.9	0.7	41.384615	2.116174
37	271.04	992.1	10.91	75.7	6.8	5.89	97.4	-5.8	0.8	41.384621	2.116116
38	275.89	991.5	10.84	76	6.8	5.85	97.9	-5.8	0.8	41.384627	2.116065
39	281.31	990.9	10.79	76.6	6.8	5.8	98.8	-5.7	0.9	41.384633	2.116025
40	286.52	990.3	10.7	76.7	6.8	5.72	99.7	-5.6	1	41.384633	2.116008
41	291.75	989.7	10.67	77	6.8	5.66	100.9	-5.6	1.1	41.384627	2.116002
42	297	989	10.58	77.6	6.8	5.63	102.3	-5.5	1.2	41.384627	2.11599
43	302.5	988.4	10.53	77.9	6.8	5.61	103.6	-5.5	1.3	41.384633	2.115968
44	307.98	987.7	10.43	78.4	6.8	5.6	104.6	-5.4	1.4	41.384638	2.115945
45	313	987.1	10.41	78.5	6.8	5.59	105.5	-5.4	1.5	41.384644	2.11591
46	318.18	986.5	10.36	78.6	6.8	5.58	106.2	-5.4	1.6	41.384656	2.115864
47	324.17	985.8	10.34	78.6	6.8	5.54	106.8	-5.3	1.6	41.384656	2.115813
48	330.84	985	10.27	78.9	6.8	5.47	107.3	-5.2	1.6	41.384661	2.115773
49	337.59	984.2	10.2	78.7	6.7	5.38	107.8	-5.1	1.6	41.384667	2.115744
50	344.54	983.4	10.15	78.7	6.6	5.29	108.3	-5	1.7	41.384667	2.115727
51	350.83	982.7	10.08	78.8	6.6	5.24	108.8	-5	1.7	41.384673	2.115721
52	357.76	981.8	10.03	78.4	6.5	5.21	109.1	-4.9	1.7	41.384684	2.11571
53	364.81	981	9.96	78.5	6.4	5.2	109.4	-4.9	1.7	41.384696	2.115692
54	371.73	980.2	9.86	79.5	6.5	5.2	109.8	-4.9	1.8	41.384707	2.11567
55	378.68	979.4	9.75	80.9	6.6	5.2	110.3	-4.9	1.8	41.384724	2.115635
56	385.63	978.6	9.7	79.7	6.4	5.2	110.9	-4.9	1.9	41.384747	2.115589
57	392.58	977.7	9.65	79.6	6.3	5.2	111.7	-4.8	1.9	41.384764	2.115544
58	399.7	976.9	9.6	80.1	6.3	5.2	112.7	-4.8	2	41.384782	2.115503
59	406.78	976.1	9.56	80.3	6.3	5.22	113.6	-4.8	2.1	41.384799	2.115463
60	413.65	975.3	9.49	81.4	6.5	5.26	114.7	-4.8	2.2	41.38481	2.115429
61	420.35	974.5	9.41	81.2	6.4	5.3	115.4	-4.8	2.3	41.384816	2.1154
62	426.91	973.7	9.34	81.2	6.3	5.35	115.9	-4.8	2.3	41.384822	2.115372
63	433.45	972.9	9.3	80.7	6.2	5.38	116.3	-4.8	2.4	41.384827	2.115349
64	440.28	972.1	9.23	80.9	6.1	5.42	116.7	-4.8	2.4	41.384833	2.11532
65	447.2	971.3	9.18	80.8	6.1	5.45	116.9	-4.9	2.5	41.384833	2.115286
66	454.13	970.5	9.11	79.5	5.8	5.48	117.1	-4.9	2.5	41.384839	2.115246
67	461.38	969.7	9.02	81	5.9	5.5	117.3	-4.9	2.5	41.384845	2.115211
68	468.81	968.8	8.9	81.6	5.9	5.52	117.4	-4.9	2.5	41.384856	2.115177
71	489.43	966.4	8.74	82.5	5.9	5.53	117.3	-4.9	2.5	41.384902	2.115114
72	496.61	965.5	8.69	82.4	5.9	5.54	117.1	-4.9	2.5	41.384919	2.115091
73	503.71	964.7	8.62	83.2	5.9	5.54	116.6	-5	2.5	41.384936	2.115074
74	510.63	963.9	8.55	81.4	5.6	5.53	116.3	-5	2.5	41.384954	2.115039
75	517.32	963.1	8.48	80.8	5.4	5.52	116.1	-5	2.4	41.384959	2.115011
76	523.92	962.4	8.43	80.3	5.2	5.49	116	-4.9	2.4	41.384971	2.114982
77	530.53	961.6	8.38	80.3	5.2	5.46	116	-4.9	2.4	41.384982	2.114953
78	537.32	960.8	8.29	80.6	5.2	5.41	116.1	-4.9	2.4	41.384999	2.114925
79	544.11	960	8.22	81.9	5.3	5.36	116.2	-4.8	2.4	41.385017	2.114902
80	550.09	959.3	8.13	82.2	5.3	5.3	116.3	-4.8	2.3	41.385039	2.114879
81	556.38	958.6	8.08	82	5.2	5.24	116.3	-4.7	2.3	41.385062	2.11485
82	562.92	957.8	8.01	83.3	5.4	5.19	116.3	-4.7	2.3	41.385085	2.114822
87	595.99	954	7.78	83.9	5.2	5.15	116.2	-4.6	2.3	41.385114	2.114644
88	602.97	953.2	7.71	84.1	5.2	5.1	116.1	-4.6	2.2	41.385108	2.11461
89	609.84	952.4	7.68	84.5	5.2	5.05	115.9	-4.5	2.2	41.385108	2.114569
95	649.79	947.8	7.19	84.7	4.8	5	115.7	-4.5	2.2	41.385148	2.11434
96	656.74	947	7.15	85.6	4.9	4.94	115.5	-4.5	2.1	41.38516	2.114306
97	663.31	946.2	7.1	85.9	4.9	4.88	115.2	-4.4	2.1	41.385177	2.114277
98	669.44	945.5	7.03	87.2	5.1	4.82	114.8	-4.4	2	41.385194	2.114249
99	675.7	944.8	6.96	87.8	5.1	4.78	114.3	-4.4	2	41.385211	2.11422
100	682.24	944.1	6.89	88.1	5.1	4.74	113.5	-4.3	1.9	41.385223	2.114191
101	688.56	943.3	6.8	89	5.1	4.71	112.7	-4.3	1.8	41.385229	2.114163
102	695.35	942.6	6.76	89.4	5.1	4.68	111.7	-4.3	1.7	41.385234	2.114128
103	701.6	941.8	6.69	89.9	5.2	4.64	110.9	-4.3	1.7	41.38524	2.114094
110	745.94	936.8	6.29	91.7	5	4.59	110.1	-4.3	1.6	41.38528	2.113922
114	770.9	933.9	6.07	92.9	5	4.54	109.3	-4.3	1.5	41.385292	2.113807
115	776.67	933.3	5.97	93.1	4.9	4.48	108.4	-4.2	1.4	41.385297	2.113785
116	782.48	932.6	5.93	93.4	4.9	4.4	107.3	-4.2	1.3	41.385303	2.113767
117	788.24	931.9	5.88	93.9	5	4.32	106.2	-4.2	1.2	41.385309	2.113762
118	794.38	931.3	5.81	94.1	4.9	4.24	104.9	-4.1	1.1	41.385309	2.11375
119	800.72	930.5	5.79	94.2	4.9	4.16	103.5	-4	1	41.385309	2.113733
120	806.38	929.9	5.7	94.1	4.8	4.07	102.2	-4	0.9	41.385309	2.11371
121	812.77	929.2	5.65	94.2	4.8	3.98	101	-3.9	0.8	41.385315	2.113687
124	831.13	927.1	5.56	95.2	4.9	3.87	100.1	-3.8	0.7	41.385337	2.11359
125	837.42	926.4	5.47	95.4	4.8	3.77	98.8	-3.7	0.6	41.385343	2.11355
126	843.56	925.7	5.45	95.4	4.8	3.66	97.3	-3.6	0.5	41.385349	2.113521
127	849.62	925	5.4	95.5	4.7	3.55	95.7	-3.5	0.4	41.385349	2.113504
129	862.3	923.6	5.33	95.6	4.7	3.47	94.3	-3.5	0.3	41.38536	2.113469
130	868.89	922.8	5.31	95.6	4.7	3.4	92.9	-3.4	0.2	41.385372	2.113452
131	875.36	922.1	5.27	95.6	4.6	3.35	91.4	-3.3	0.1	41.385383	2.113429
133	886.87	920.8	5.2	95.6	4.6	3.32	90	-3.3	0	41.385383	2.113378
136	902.62	919	5.17	95.9	4.6	3.29	88.6	-3.3	-0.1	41.385383	2.113275
137	907.64	918.4	5.15	95.9	4.6	3.25	87.3	-3.2	-0.2	41.385383	2.113235
140	921.35	916.9	4.79	94.3	4	3.23	85.4	-3.2	-0.3	41.3854	2.113149
150	968.36	911.6	4.38	92.4	3.3	3.21	83.3	-3.2	-0.4	41.38532	2.112885
151	972.53	911.2	4.22	90.1	2.7	3.2	80.8	-3.2	-0.5	41.385315	2.112862
152	976.65	910.7	4.2	89.2	2.6	3.21	78.6	-3.1	-0.6	41.385297	2.112845
153	981.33	910.2	4.18	88.7	2.5	3.22	76.5	-3.1	-0.8	41.385286	2.112833
156	994.41	908.7	4.13	87.7	2.3	3.25	74.3	-3.1	-0.9	41.385263	2.112828
166	1039.62	903.7	4.15	88.2	2.4	3.27	72.3	-3.1	-1	41.385217	2.112639
172	1065.48	900.8	4.13	86.4	2.1	3.28	70.6	-3.1	-1.1	41.385217	2.112501
180	1099.32	897.1	3.97	84.9	1.7	3.29	68.8	-3.1	-1.2	41.3852	2.112427
186	1127.06	894	3.74	84.5	1.4	3.28	67.4	-3	-1.3	41.385137	2.112312
199	1190.99	887	3.33	83.3	0.8	3.28	66.3	-3	-1.3	41.385114	2.112112
201	1200.24	886	3.24	83.2	0.7	3.27	65.6	-3	-1.4	41.385091	2.112083
205	1217.66	884.1	3.06	83.3	0.5	3.26	65.2	-3	-1.4	41.385005	2.112014
206	1222.31	883.6	3.06	83	0.5	3.24	65.5	-2.9	-1.3	41.384994	2.112003
207	1226.89	883.1	3.01	83.4	0.5	3.23	65.4	-2.9	-1.3	41.384994	2.111985
210	1240.52	881.6	2.99	81.8	0.2	3.23	65.5	-2.9	-1.3	41.384988	2.111928
211	1245.28	881.1	2.94	82.1	0.2	3.23	65.4	-2.9	-1.3	41.384982	2.111905
222	1295	875.7	2.69	80.3	-0.4	3.23	65.1	-2.9	-1.4	41.384873	2.111831
225	1306.97	874.4	3.14	71.8	-1.4	3.23	64.4	-2.9	-1.4	41.384833	2.111756
239	1367.29	867.9	3.53	53.4	-5	3.24	63.9	-2.9	-1.4	41.38461	2.111607
271	1511.3	852.7	4.38	23.3	-14.7	3.28	63.2	-2.9	-1.5	41.383985	2.110943
272	1517.9	852	4.36	23.2	-14.8	3.33	62.4	-2.9	-1.5	41.383962	2.110925
273	1525.76	851.2	4.36	23	-14.9	3.37	61.8	-3	-1.6	41.383934	2.110903
278	1550.81	848.5	4.13	22.5	-15.4	3.42	61.3	-3	-1.6	41.383905	2.110759
281	1567.77	846.8	4.11	22.2	-15.6	3.47	60.7	-3	-1.7	41.383899	2.110696
311	1716.32	831.4	2.99	22.3	-16.4	3.51	60	-3	-1.8	41.383888	2.10982
318	1750.43	827.9	2.59	22.1	-16.9	3.54	59.4	-3.1	-1.8	41.383871	2.109659
408	2194.45	783.1	-0.48	21.7	-19.7	3.55	59.2	-3	-1.8	41.383613	2.107642
485	2541.95	749.7	-0.76	8.3	-30.5	3.55	59	-3	-1.8	41.383894	2.107316
