###############################################################
#  K-distribution characterization file to be used in ARTDECO
################################################################
#            GAME SW  coefficients  
# Maximum encounter number of (ai,ki) over the different bands and species (this will serve as an array dimension)
   7
#################################
# Number of gas species
  10
# gas species    concentration dependency (0/1)            add continuum  
       h2o               0               continuum_flag
       co2               0               continuum_flag
        o3               0               continuum_flag
       n2o               0               continuum_flag
        co               0               continuum_flag
       ch4               0               continuum_flag
        o2               0               continuum_flag
        n2               0               continuum_flag
       no2               0               continuum_flag
       so2               0               continuum_flag
#################################
#      WAVELENGTH BANDS
# number of bands :
2375
# band  center, min, max wavelengths (microns)
   1    0.200040    0.200000    0.200080
   2    0.200120    0.200080    0.200160
   3    0.200200    0.200160    0.200240
   4    0.200280    0.200240    0.200321
   5    0.200361    0.200321    0.200401
   6    0.200441    0.200401    0.200481
   7    0.200521    0.200481    0.200562
   8    0.200602    0.200562    0.200642
   9    0.200682    0.200642    0.200723
  10    0.200763    0.200723    0.200803
  11    0.200844    0.200803    0.200884
  12    0.200924    0.200884    0.200965
  13    0.201005    0.200965    0.201045
  14    0.201086    0.201045    0.201126
  15    0.201167    0.201126    0.201207
  16    0.201248    0.201207    0.201288
  17    0.201329    0.201288    0.201369
  18    0.201410    0.201369    0.201450
  19    0.201491    0.201450    0.201532
  20    0.201572    0.201532    0.201613
  21    0.201654    0.201613    0.201694
  22    0.201735    0.201694    0.201776
  23    0.201816    0.201776    0.201857
  24    0.201898    0.201857    0.201939
  25    0.201979    0.201939    0.202020
  26    0.202061    0.202020    0.202102
  27    0.202143    0.202102    0.202184
  28    0.202224    0.202184    0.202265
  29    0.202306    0.202265    0.202347
  30    0.202388    0.202347    0.202429
  31    0.202470    0.202429    0.202511
  32    0.202552    0.202511    0.202593
  33    0.202634    0.202593    0.202675
  34    0.202716    0.202675    0.202758
  35    0.202799    0.202758    0.202840
  36    0.202881    0.202840    0.202922
  37    0.202963    0.202922    0.203004
  38    0.203046    0.203004    0.203087
  39    0.203128    0.203087    0.203169
  40    0.203211    0.203169    0.203252
  41    0.203293    0.203252    0.203335
  42    0.203376    0.203335    0.203417
  43    0.203459    0.203417    0.203500
  44    0.203542    0.203500    0.203583
  45    0.203625    0.203583    0.203666
  46    0.203707    0.203666    0.203749
  47    0.203791    0.203749    0.203832
  48    0.203874    0.203832    0.203915
  49    0.203957    0.203915    0.203998
  50    0.204040    0.203998    0.204082
  51    0.204123    0.204082    0.204165
  52    0.204207    0.204165    0.204248
  53    0.204290    0.204248    0.204332
  54    0.204374    0.204332    0.204415
  55    0.204457    0.204415    0.204499
  56    0.204541    0.204499    0.204583
  57    0.204625    0.204583    0.204666
  58    0.204708    0.204666    0.204750
  59    0.204792    0.204750    0.204834
  60    0.204876    0.204834    0.204918
  61    0.204960    0.204918    0.205002
  62    0.205044    0.205002    0.205086
  63    0.205128    0.205086    0.205170
  64    0.205212    0.205170    0.205255
  65    0.205297    0.205255    0.205339
  66    0.205381    0.205339    0.205423
  67    0.205465    0.205423    0.205508
  68    0.205550    0.205508    0.205592
  69    0.205634    0.205592    0.205677
  70    0.205719    0.205677    0.205761
  71    0.205804    0.205761    0.205846
  72    0.205888    0.205846    0.205931
  73    0.205973    0.205931    0.206016
  74    0.206058    0.206016    0.206101
  75    0.206143    0.206101    0.206186
  76    0.206228    0.206186    0.206271
  77    0.206313    0.206271    0.206356
  78    0.206398    0.206356    0.206441
  79    0.206484    0.206441    0.206526
  80    0.206569    0.206526    0.206612
  81    0.206654    0.206612    0.206697
  82    0.206740    0.206697    0.206782
  83    0.206825    0.206782    0.206868
  84    0.206911    0.206868    0.206954
  85    0.206996    0.206954    0.207039
  86    0.207082    0.207039    0.207125
  87    0.207168    0.207125    0.207211
  88    0.207254    0.207211    0.207297
  89    0.207340    0.207297    0.207383
  90    0.207426    0.207383    0.207469
  91    0.207512    0.207469    0.207555
  92    0.207598    0.207555    0.207641
  93    0.207684    0.207641    0.207727
  94    0.207771    0.207727    0.207814
  95    0.207857    0.207814    0.207900
  96    0.207943    0.207900    0.207987
  97    0.208030    0.207987    0.208073
  98    0.208117    0.208073    0.208160
  99    0.208203    0.208160    0.208247
 100    0.208290    0.208247    0.208333
 101    0.208377    0.208333    0.208420
 102    0.208464    0.208420    0.208507
 103    0.208551    0.208507    0.208594
 104    0.208638    0.208594    0.208681
 105    0.208725    0.208681    0.208768
 106    0.208812    0.208768    0.208855
 107    0.208899    0.208855    0.208943
 108    0.208986    0.208943    0.209030
 109    0.209074    0.209030    0.209118
 110    0.209161    0.209118    0.209205
 111    0.209249    0.209205    0.209293
 112    0.209336    0.209293    0.209380
 113    0.209424    0.209380    0.209468
 114    0.209512    0.209468    0.209556
 115    0.209600    0.209556    0.209644
 116    0.209688    0.209644    0.209732
 117    0.209776    0.209732    0.209820
 118    0.209864    0.209820    0.209908
 119    0.209952    0.209908    0.209996
 120    0.210040    0.209996    0.210084
 121    0.210128    0.210084    0.210172
 122    0.210217    0.210172    0.210261
 123    0.210305    0.210261    0.210349
 124    0.210393    0.210349    0.210438
 125    0.210482    0.210438    0.210526
 126    0.210571    0.210526    0.210615
 127    0.210659    0.210615    0.210704
 128    0.210748    0.210704    0.210793
 129    0.210837    0.210793    0.210881
 130    0.210926    0.210881    0.210970
 131    0.211015    0.210970    0.211060
 132    0.211104    0.211060    0.211149
 133    0.211193    0.211149    0.211238
 134    0.211282    0.211238    0.211327
 135    0.211372    0.211327    0.211416
 136    0.211461    0.211416    0.211506
 137    0.211551    0.211506    0.211595
 138    0.211640    0.211595    0.211685
 139    0.211730    0.211685    0.211775
 140    0.211820    0.211775    0.211864
 141    0.211909    0.211864    0.211954
 142    0.211999    0.211954    0.212044
 143    0.212089    0.212044    0.212134
 144    0.212179    0.212134    0.212224
 145    0.212269    0.212224    0.212314
 146    0.212359    0.212314    0.212404
 147    0.212450    0.212404    0.212495
 148    0.212540    0.212495    0.212585
 149    0.212630    0.212585    0.212675
 150    0.212721    0.212675    0.212766
 151    0.212811    0.212766    0.212857
 152    0.212902    0.212857    0.212947
 153    0.212993    0.212947    0.213038
 154    0.213083    0.213038    0.213129
 155    0.213174    0.213129    0.213220
 156    0.213265    0.213220    0.213311
 157    0.213356    0.213311    0.213402
 158    0.213447    0.213402    0.213493
 159    0.213538    0.213493    0.213584
 160    0.213630    0.213584    0.213675
 161    0.213721    0.213675    0.213767
 162    0.213812    0.213767    0.213858
 163    0.213904    0.213858    0.213950
 164    0.213995    0.213950    0.214041
 165    0.214087    0.214041    0.214133
 166    0.214179    0.214133    0.214225
 167    0.214270    0.214225    0.214316
 168    0.214362    0.214316    0.214408
 169    0.214454    0.214408    0.214500
 170    0.214546    0.214500    0.214592
 171    0.214638    0.214592    0.214684
 172    0.214731    0.214684    0.214777
 173    0.214823    0.214777    0.214869
 174    0.214915    0.214869    0.214961
 175    0.215008    0.214961    0.215054
 176    0.215100    0.215054    0.215146
 177    0.215193    0.215146    0.215239
 178    0.215285    0.215239    0.215332
 179    0.215378    0.215332    0.215424
 180    0.215471    0.215424    0.215517
 181    0.215564    0.215517    0.215610
 182    0.215657    0.215610    0.215703
 183    0.215750    0.215703    0.215796
 184    0.215843    0.215796    0.215889
 185    0.215936    0.215889    0.215983
 186    0.216029    0.215983    0.216076
 187    0.216123    0.216076    0.216169
 188    0.216216    0.216169    0.216263
 189    0.216310    0.216263    0.216357
 190    0.216403    0.216357    0.216450
 191    0.216497    0.216450    0.216544
 192    0.216591    0.216544    0.216638
 193    0.216685    0.216638    0.216732
 194    0.216779    0.216732    0.216826
 195    0.216873    0.216826    0.216920
 196    0.216967    0.216920    0.217014
 197    0.217061    0.217014    0.217108
 198    0.217155    0.217108    0.217202
 199    0.217250    0.217202    0.217297
 200    0.217344    0.217297    0.217391
 201    0.217439    0.217391    0.217486
 202    0.217533    0.217486    0.217581
 203    0.217628    0.217581    0.217675
 204    0.217723    0.217675    0.217770
 205    0.217817    0.217770    0.217865
 206    0.217912    0.217865    0.217960
 207    0.218007    0.217960    0.218055
 208    0.218103    0.218055    0.218150
 209    0.218198    0.218150    0.218245
 210    0.218293    0.218245    0.218341
 211    0.218388    0.218341    0.218436
 212    0.218484    0.218436    0.218531
 213    0.218579    0.218531    0.218627
 214    0.218675    0.218627    0.218723
 215    0.218771    0.218723    0.218818
 216    0.218866    0.218818    0.218914
 217    0.218962    0.218914    0.219010
 218    0.219058    0.219010    0.219106
 219    0.219154    0.219106    0.219202
 220    0.219250    0.219202    0.219298
 221    0.219346    0.219298    0.219394
 222    0.219443    0.219394    0.219491
 223    0.219539    0.219491    0.219587
 224    0.219635    0.219587    0.219684
 225    0.219732    0.219684    0.219780
 226    0.219829    0.219780    0.219877
 227    0.219925    0.219877    0.219974
 228    0.220022    0.219974    0.220070
 229    0.220119    0.220070    0.220167
 230    0.220216    0.220167    0.220264
 231    0.220313    0.220264    0.220361
 232    0.220410    0.220361    0.220459
 233    0.220507    0.220459    0.220556
 234    0.220604    0.220556    0.220653
 235    0.220702    0.220653    0.220751
 236    0.220799    0.220751    0.220848
 237    0.220897    0.220848    0.220946
 238    0.220994    0.220946    0.221043
 239    0.221092    0.221043    0.221141
 240    0.221190    0.221141    0.221239
 241    0.221288    0.221239    0.221337
 242    0.221386    0.221337    0.221435
 243    0.221484    0.221435    0.221533
 244    0.221582    0.221533    0.221631
 245    0.221680    0.221631    0.221729
 246    0.221779    0.221729    0.221828
 247    0.221877    0.221828    0.221926
 248    0.221976    0.221926    0.222025
 249    0.222074    0.222025    0.222124
 250    0.222173    0.222124    0.222222
 251    0.222272    0.222222    0.222321
 252    0.222370    0.222321    0.222420
 253    0.222469    0.222420    0.222519
 254    0.222568    0.222519    0.222618
 255    0.222668    0.222618    0.222717
 256    0.222767    0.222717    0.222816
 257    0.222866    0.222816    0.222916
 258    0.222965    0.222916    0.223015
 259    0.223065    0.223015    0.223115
 260    0.223164    0.223115    0.223214
 261    0.223264    0.223214    0.223314
 262    0.223364    0.223314    0.223414
 263    0.223464    0.223414    0.223514
 264    0.223564    0.223514    0.223614
 265    0.223664    0.223614    0.223714
 266    0.223764    0.223714    0.223814
 267    0.223864    0.223814    0.223914
 268    0.223964    0.223914    0.224014
 269    0.224065    0.224014    0.224115
 270    0.224165    0.224115    0.224215
 271    0.224266    0.224215    0.224316
 272    0.224366    0.224316    0.224417
 273    0.224467    0.224417    0.224517
 274    0.224568    0.224517    0.224618
 275    0.224669    0.224618    0.224719
 276    0.224770    0.224719    0.224820
 277    0.224871    0.224820    0.224921
 278    0.224972    0.224921    0.225023
 279    0.225073    0.225023    0.225124
 280    0.225175    0.225124    0.225225
 281    0.225276    0.225225    0.225327
 282    0.225378    0.225327    0.225428
 283    0.225479    0.225428    0.225530
 284    0.225581    0.225530    0.225632
 285    0.225683    0.225632    0.225734
 286    0.225785    0.225734    0.225836
 287    0.225887    0.225836    0.225938
 288    0.225989    0.225938    0.226040
 289    0.226091    0.226040    0.226142
 290    0.226193    0.226142    0.226244
 291    0.226296    0.226244    0.226347
 292    0.226398    0.226347    0.226449
 293    0.226501    0.226449    0.226552
 294    0.226603    0.226552    0.226655
 295    0.226706    0.226655    0.226757
 296    0.226809    0.226757    0.226860
 297    0.226912    0.226860    0.226963
 298    0.227015    0.226963    0.227066
 299    0.227118    0.227066    0.227169
 300    0.227221    0.227169    0.227273
 301    0.227324    0.227273    0.227376
 302    0.227428    0.227376    0.227480
 303    0.227531    0.227480    0.227583
 304    0.227635    0.227583    0.227687
 305    0.227739    0.227687    0.227790
 306    0.227842    0.227790    0.227894
 307    0.227946    0.227894    0.227998
 308    0.228050    0.227998    0.228102
 309    0.228154    0.228102    0.228206
 310    0.228258    0.228206    0.228310
 311    0.228363    0.228310    0.228415
 312    0.228467    0.228415    0.228519
 313    0.228571    0.228519    0.228624
 314    0.228676    0.228624    0.228728
 315    0.228781    0.228728    0.228833
 316    0.228885    0.228833    0.228938
 317    0.228990    0.228938    0.229043
 318    0.229095    0.229043    0.229148
 319    0.229200    0.229148    0.229253
 320    0.229305    0.229253    0.229358
 321    0.229410    0.229358    0.229463
 322    0.229516    0.229463    0.229568
 323    0.229621    0.229568    0.229674
 324    0.229727    0.229674    0.229779
 325    0.229832    0.229779    0.229885
 326    0.229938    0.229885    0.229991
 327    0.230044    0.229991    0.230097
 328    0.230150    0.230097    0.230203
 329    0.230256    0.230203    0.230309
 330    0.230362    0.230309    0.230415
 331    0.230468    0.230415    0.230521
 332    0.230574    0.230521    0.230627
 333    0.230681    0.230627    0.230734
 334    0.230787    0.230734    0.230840
 335    0.230894    0.230840    0.230947
 336    0.231000    0.230947    0.231054
 337    0.231107    0.231054    0.231160
 338    0.231214    0.231160    0.231267
 339    0.231321    0.231267    0.231374
 340    0.231428    0.231374    0.231481
 341    0.231535    0.231481    0.231589
 342    0.231642    0.231589    0.231696
 343    0.231750    0.231696    0.231803
 344    0.231857    0.231803    0.231911
 345    0.231965    0.231911    0.232019
 346    0.232072    0.232019    0.232126
 347    0.232180    0.232126    0.232234
 348    0.232288    0.232234    0.232342
 349    0.232396    0.232342    0.232450
 350    0.232504    0.232450    0.232558
 351    0.232612    0.232558    0.232666
 352    0.232721    0.232666    0.232775
 353    0.232829    0.232775    0.232883
 354    0.232937    0.232883    0.232992
 355    0.233046    0.232992    0.233100
 356    0.233155    0.233100    0.233209
 357    0.233263    0.233209    0.233318
 358    0.233372    0.233318    0.233427
 359    0.233481    0.233427    0.233536
 360    0.233590    0.233536    0.233645
 361    0.233699    0.233645    0.233754
 362    0.233809    0.233754    0.233863
 363    0.233918    0.233863    0.233973
 364    0.234028    0.233973    0.234082
 365    0.234137    0.234082    0.234192
 366    0.234247    0.234192    0.234302
 367    0.234357    0.234302    0.234412
 368    0.234467    0.234412    0.234522
 369    0.234577    0.234522    0.234632
 370    0.234687    0.234632    0.234742
 371    0.234797    0.234742    0.234852
 372    0.234907    0.234852    0.234962
 373    0.235018    0.234962    0.235073
 374    0.235128    0.235073    0.235183
 375    0.235239    0.235183    0.235294
 376    0.235349    0.235294    0.235405
 377    0.235460    0.235405    0.235516
 378    0.235571    0.235516    0.235627
 379    0.235682    0.235627    0.235738
 380    0.235793    0.235738    0.235849
 381    0.235905    0.235849    0.235960
 382    0.236016    0.235960    0.236072
 383    0.236128    0.236072    0.236183
 384    0.236239    0.236183    0.236295
 385    0.236351    0.236295    0.236407
 386    0.236463    0.236407    0.236518
 387    0.236574    0.236518    0.236630
 388    0.236686    0.236630    0.236742
 389    0.236798    0.236742    0.236855
 390    0.236911    0.236855    0.236967
 391    0.237023    0.236967    0.237079
 392    0.237135    0.237079    0.237192
 393    0.237248    0.237192    0.237304
 394    0.237361    0.237304    0.237417
 395    0.237473    0.237417    0.237530
 396    0.237586    0.237530    0.237643
 397    0.237699    0.237643    0.237756
 398    0.237812    0.237756    0.237869
 399    0.237925    0.237869    0.237982
 400    0.238039    0.237982    0.238095
 401    0.238152    0.238095    0.238209
 402    0.238265    0.238209    0.238322
 403    0.238379    0.238322    0.238436
 404    0.238493    0.238436    0.238550
 405    0.238607    0.238550    0.238663
 406    0.238720    0.238663    0.238777
 407    0.238834    0.238777    0.238892
 408    0.238949    0.238892    0.239006
 409    0.239063    0.239006    0.239120
 410    0.239177    0.239120    0.239234
 411    0.239292    0.239234    0.239349
 412    0.239406    0.239349    0.239464
 413    0.239521    0.239464    0.239578
 414    0.239636    0.239578    0.239693
 415    0.239751    0.239693    0.239808
 416    0.239866    0.239808    0.239923
 417    0.239981    0.239923    0.240038
 418    0.240096    0.240038    0.240154
 419    0.240211    0.240154    0.240269
 420    0.240327    0.240269    0.240385
 421    0.240442    0.240385    0.240500
 422    0.240558    0.240500    0.240616
 423    0.240674    0.240616    0.240732
 424    0.240790    0.240732    0.240848
 425    0.240906    0.240848    0.240964
 426    0.241022    0.240964    0.241080
 427    0.241138    0.241080    0.241196
 428    0.241255    0.241196    0.241313
 429    0.241371    0.241313    0.241429
 430    0.241488    0.241429    0.241546
 431    0.241604    0.241546    0.241663
 432    0.241721    0.241663    0.241779
 433    0.241838    0.241779    0.241896
 434    0.241955    0.241896    0.242014
 435    0.242072    0.242014    0.242131
 436    0.242189    0.242131    0.242248
 437    0.242307    0.242248    0.242365
 438    0.242424    0.242365    0.242483
 439    0.242542    0.242483    0.242601
 440    0.242660    0.242601    0.242718
 441    0.242777    0.242718    0.242836
 442    0.242895    0.242836    0.242954
 443    0.243013    0.242954    0.243072
 444    0.243132    0.243072    0.243191
 445    0.243250    0.243191    0.243309
 446    0.243368    0.243309    0.243427
 447    0.243487    0.243427    0.243546
 448    0.243605    0.243546    0.243665
 449    0.243724    0.243665    0.243784
 450    0.243843    0.243784    0.243902
 451    0.243962    0.243902    0.244021
 452    0.244081    0.244021    0.244141
 453    0.244200    0.244141    0.244260
 454    0.244320    0.244260    0.244379
 455    0.244439    0.244379    0.244499
 456    0.244559    0.244499    0.244618
 457    0.244678    0.244618    0.244738
 458    0.244798    0.244738    0.244858
 459    0.244918    0.244858    0.244978
 460    0.245038    0.244978    0.245098
 461    0.245158    0.245098    0.245218
 462    0.245278    0.245218    0.245339
 463    0.245399    0.245339    0.245459
 464    0.245519    0.245459    0.245580
 465    0.245640    0.245580    0.245700
 466    0.245761    0.245700    0.245821
 467    0.245881    0.245821    0.245942
 468    0.246002    0.245942    0.246063
 469    0.246124    0.246063    0.246184
 470    0.246245    0.246184    0.246305
 471    0.246366    0.246305    0.246427
 472    0.246488    0.246427    0.246548
 473    0.246609    0.246548    0.246670
 474    0.246731    0.246670    0.246792
 475    0.246853    0.246792    0.246914
 476    0.246975    0.246914    0.247036
 477    0.247097    0.247036    0.247158
 478    0.247219    0.247158    0.247280
 479    0.247341    0.247280    0.247402
 480    0.247463    0.247402    0.247525
 481    0.247586    0.247525    0.247647
 482    0.247709    0.247647    0.247770
 483    0.247831    0.247770    0.247893
 484    0.247954    0.247893    0.248016
 485    0.248077    0.248016    0.248139
 486    0.248201    0.248139    0.248262
 487    0.248324    0.248262    0.248385
 488    0.248447    0.248385    0.248509
 489    0.248571    0.248509    0.248633
 490    0.248694    0.248633    0.248756
 491    0.248818    0.248756    0.248880
 492    0.248942    0.248880    0.249004
 493    0.249066    0.249004    0.249128
 494    0.249190    0.249128    0.249252
 495    0.249314    0.249252    0.249377
 496    0.249439    0.249377    0.249501
 497    0.249563    0.249501    0.249626
 498    0.249688    0.249626    0.249750
 499    0.249813    0.249750    0.249875
 500    0.249938    0.249875    0.250000
 501    0.250063    0.250000    0.250125
 502    0.250188    0.250125    0.250250
 503    0.250313    0.250250    0.250376
 504    0.250438    0.250376    0.250501
 505    0.250564    0.250501    0.250627
 506    0.250689    0.250627    0.250752
 507    0.250815    0.250752    0.250878
 508    0.250941    0.250878    0.251004
 509    0.251067    0.251004    0.251130
 510    0.251193    0.251130    0.251256
 511    0.251319    0.251256    0.251383
 512    0.251446    0.251383    0.251509
 513    0.251572    0.251509    0.251636
 514    0.251699    0.251636    0.251762
 515    0.251826    0.251762    0.251889
 516    0.251953    0.251889    0.252016
 517    0.252080    0.252016    0.252143
 518    0.252207    0.252143    0.252270
 519    0.252334    0.252270    0.252398
 520    0.252461    0.252398    0.252525
 521    0.252589    0.252525    0.252653
 522    0.252717    0.252653    0.252781
 523    0.252845    0.252781    0.252908
 524    0.252972    0.252908    0.253036
 525    0.253100    0.253036    0.253165
 526    0.253229    0.253165    0.253293
 527    0.253357    0.253293    0.253421
 528    0.253485    0.253421    0.253550
 529    0.253614    0.253550    0.253678
 530    0.253743    0.253678    0.253807
 531    0.253872    0.253807    0.253936
 532    0.254001    0.253936    0.254065
 533    0.254130    0.254065    0.254194
 534    0.254259    0.254194    0.254324
 535    0.254388    0.254324    0.254453
 536    0.254518    0.254453    0.254582
 537    0.254647    0.254582    0.254712
 538    0.254777    0.254712    0.254842
 539    0.254907    0.254842    0.254972
 540    0.255037    0.254972    0.255102
 541    0.255167    0.255102    0.255232
 542    0.255297    0.255232    0.255363
 543    0.255428    0.255363    0.255493
 544    0.255558    0.255493    0.255624
 545    0.255689    0.255624    0.255754
 546    0.255820    0.255754    0.255885
 547    0.255951    0.255885    0.256016
 548    0.256082    0.256016    0.256148
 549    0.256213    0.256148    0.256279
 550    0.256345    0.256279    0.256410
 551    0.256476    0.256410    0.256542
 552    0.256608    0.256542    0.256674
 553    0.256739    0.256674    0.256805
 554    0.256871    0.256805    0.256937
 555    0.257003    0.256937    0.257069
 556    0.257136    0.257069    0.257202
 557    0.257268    0.257202    0.257334
 558    0.257400    0.257334    0.257467
 559    0.257533    0.257467    0.257599
 560    0.257666    0.257599    0.257732
 561    0.257798    0.257732    0.257865
 562    0.257931    0.257865    0.257998
 563    0.258065    0.257998    0.258131
 564    0.258198    0.258131    0.258264
 565    0.258331    0.258264    0.258398
 566    0.258465    0.258398    0.258532
 567    0.258598    0.258532    0.258665
 568    0.258732    0.258665    0.258799
 569    0.258866    0.258799    0.258933
 570    0.259000    0.258933    0.259067
 571    0.259135    0.259067    0.259202
 572    0.259269    0.259202    0.259336
 573    0.259403    0.259336    0.259471
 574    0.259538    0.259471    0.259605
 575    0.259673    0.259605    0.259740
 576    0.259808    0.259740    0.259875
 577    0.259943    0.259875    0.260010
 578    0.260078    0.260010    0.260146
 579    0.260213    0.260146    0.260281
 580    0.260349    0.260281    0.260417
 581    0.260484    0.260417    0.260552
 582    0.260620    0.260552    0.260688
 583    0.260756    0.260688    0.260824
 584    0.260892    0.260824    0.260960
 585    0.261028    0.260960    0.261097
 586    0.261165    0.261097    0.261233
 587    0.261301    0.261233    0.261370
 588    0.261438    0.261370    0.261506
 589    0.261575    0.261506    0.261643
 590    0.261712    0.261643    0.261780
 591    0.261849    0.261780    0.261917
 592    0.261986    0.261917    0.262055
 593    0.262123    0.262055    0.262192
 594    0.262261    0.262192    0.262329
 595    0.262398    0.262329    0.262467
 596    0.262536    0.262467    0.262605
 597    0.262674    0.262605    0.262743
 598    0.262812    0.262743    0.262881
 599    0.262950    0.262881    0.263019
 600    0.263089    0.263019    0.263158
 601    0.263227    0.263158    0.263296
 602    0.263366    0.263296    0.263435
 603    0.263505    0.263435    0.263574
 604    0.263644    0.263574    0.263713
 605    0.263783    0.263713    0.263852
 606    0.263922    0.263852    0.263992
 607    0.264061    0.263992    0.264131
 608    0.264201    0.264131    0.264271
 609    0.264340    0.264271    0.264410
 610    0.264480    0.264410    0.264550
 611    0.264620    0.264550    0.264690
 612    0.264760    0.264690    0.264830
 613    0.264901    0.264830    0.264971
 614    0.265041    0.264971    0.265111
 615    0.265182    0.265111    0.265252
 616    0.265322    0.265252    0.265393
 617    0.265463    0.265393    0.265534
 618    0.265604    0.265534    0.265675
 619    0.265745    0.265675    0.265816
 620    0.265887    0.265816    0.265957
 621    0.266028    0.265957    0.266099
 622    0.266170    0.266099    0.266241
 623    0.266312    0.266241    0.266383
 624    0.266454    0.266383    0.266525
 625    0.266596    0.266525    0.266667
 626    0.266738    0.266667    0.266809
 627    0.266880    0.266809    0.266951
 628    0.267023    0.266951    0.267094
 629    0.267165    0.267094    0.267237
 630    0.267308    0.267237    0.267380
 631    0.267451    0.267380    0.267523
 632    0.267594    0.267523    0.267666
 633    0.267738    0.267666    0.267809
 634    0.267881    0.267809    0.267953
 635    0.268025    0.267953    0.268097
 636    0.268168    0.268097    0.268240
 637    0.268312    0.268240    0.268384
 638    0.268456    0.268384    0.268528
 639    0.268601    0.268528    0.268673
 640    0.268745    0.268673    0.268817
 641    0.268889    0.268817    0.268962
 642    0.269034    0.268962    0.269107
 643    0.269179    0.269107    0.269251
 644    0.269324    0.269251    0.269397
 645    0.269469    0.269397    0.269542
 646    0.269614    0.269542    0.269687
 647    0.269760    0.269687    0.269833
 648    0.269906    0.269833    0.269978
 649    0.270051    0.269978    0.270124
 650    0.270197    0.270124    0.270270
 651    0.270343    0.270270    0.270416
 652    0.270490    0.270416    0.270563
 653    0.270636    0.270563    0.270709
 654    0.270783    0.270709    0.270856
 655    0.270929    0.270856    0.271003
 656    0.271076    0.271003    0.271150
 657    0.271223    0.271150    0.271297
 658    0.271370    0.271297    0.271444
 659    0.271518    0.271444    0.271592
 660    0.271665    0.271592    0.271739
 661    0.271813    0.271739    0.271887
 662    0.271961    0.271887    0.272035
 663    0.272109    0.272035    0.272183
 664    0.272257    0.272183    0.272331
 665    0.272405    0.272331    0.272480
 666    0.272554    0.272480    0.272628
 667    0.272702    0.272628    0.272777
 668    0.272851    0.272777    0.272926
 669    0.273000    0.272926    0.273075
 670    0.273149    0.273075    0.273224
 671    0.273299    0.273224    0.273373
 672    0.273448    0.273373    0.273523
 673    0.273598    0.273523    0.273673
 674    0.273748    0.273673    0.273823
 675    0.273898    0.273823    0.273973
 676    0.274048    0.273973    0.274123
 677    0.274198    0.274123    0.274273
 678    0.274348    0.274273    0.274424
 679    0.274499    0.274424    0.274574
 680    0.274650    0.274574    0.274725
 681    0.274801    0.274725    0.274876
 682    0.274952    0.274876    0.275028
 683    0.275103    0.275028    0.275179
 684    0.275255    0.275179    0.275330
 685    0.275406    0.275330    0.275482
 686    0.275558    0.275482    0.275634
 687    0.275710    0.275634    0.275786
 688    0.275862    0.275786    0.275938
 689    0.276014    0.275938    0.276091
 690    0.276167    0.276091    0.276243
 691    0.276319    0.276243    0.276396
 692    0.276472    0.276396    0.276549
 693    0.276625    0.276549    0.276702
 694    0.276778    0.276702    0.276855
 695    0.276932    0.276855    0.277008
 696    0.277085    0.277008    0.277162
 697    0.277239    0.277162    0.277316
 698    0.277393    0.277316    0.277469
 699    0.277546    0.277469    0.277624
 700    0.277701    0.277624    0.277778
 701    0.277855    0.277778    0.277932
 702    0.278009    0.277932    0.278087
 703    0.278164    0.278087    0.278242
 704    0.278319    0.278242    0.278396
 705    0.278474    0.278396    0.278552
 706    0.278629    0.278552    0.278707
 707    0.278785    0.278707    0.278862
 708    0.278940    0.278862    0.279018
 709    0.279096    0.279018    0.279174
 710    0.279252    0.279174    0.279330
 711    0.279408    0.279330    0.279486
 712    0.279564    0.279486    0.279642
 713    0.279720    0.279642    0.279799
 714    0.279877    0.279799    0.279955
 715    0.280034    0.279955    0.280112
 716    0.280191    0.280112    0.280269
 717    0.280348    0.280269    0.280426
 718    0.280505    0.280426    0.280584
 719    0.280662    0.280584    0.280741
 720    0.280820    0.280741    0.280899
 721    0.280978    0.280899    0.281057
 722    0.281136    0.281057    0.281215
 723    0.281294    0.281215    0.281373
 724    0.281452    0.281373    0.281532
 725    0.281611    0.281532    0.281690
 726    0.281770    0.281690    0.281849
 727    0.281928    0.281849    0.282008
 728    0.282087    0.282008    0.282167
 729    0.282247    0.282167    0.282326
 730    0.282406    0.282326    0.282486
 731    0.282566    0.282486    0.282646
 732    0.282725    0.282646    0.282805
 733    0.282885    0.282805    0.282965
 734    0.283046    0.282965    0.283126
 735    0.283206    0.283126    0.283286
 736    0.283366    0.283286    0.283447
 737    0.283527    0.283447    0.283607
 738    0.283688    0.283607    0.283768
 739    0.283849    0.283768    0.283930
 740    0.284010    0.283930    0.284091
 741    0.284172    0.284091    0.284252
 742    0.284333    0.284252    0.284414
 743    0.284495    0.284414    0.284576
 744    0.284657    0.284576    0.284738
 745    0.284819    0.284738    0.284900
 746    0.284981    0.284900    0.285063
 747    0.285144    0.285063    0.285225
 748    0.285307    0.285225    0.285388
 749    0.285470    0.285388    0.285551
 750    0.285633    0.285551    0.285714
 751    0.285796    0.285714    0.285878
 752    0.285959    0.285878    0.286041
 753    0.286123    0.286041    0.286205
 754    0.286287    0.286205    0.286369
 755    0.286451    0.286369    0.286533
 756    0.286615    0.286533    0.286697
 757    0.286779    0.286697    0.286862
 758    0.286944    0.286862    0.287026
 759    0.287109    0.287026    0.287191
 760    0.287274    0.287191    0.287356
 761    0.287439    0.287356    0.287522
 762    0.287604    0.287522    0.287687
 763    0.287770    0.287687    0.287853
 764    0.287935    0.287853    0.288018
 765    0.288101    0.288018    0.288184
 766    0.288268    0.288184    0.288351
 767    0.288434    0.288351    0.288517
 768    0.288600    0.288517    0.288684
 769    0.288767    0.288684    0.288850
 770    0.288934    0.288850    0.289017
 771    0.289101    0.289017    0.289185
 772    0.289268    0.289185    0.289352
 773    0.289436    0.289352    0.289519
 774    0.289603    0.289519    0.289687
 775    0.289771    0.289687    0.289855
 776    0.289939    0.289855    0.290023
 777    0.290107    0.290023    0.290192
 778    0.290276    0.290192    0.290360
 779    0.290444    0.290360    0.290529
 780    0.290613    0.290529    0.290698
 781    0.290782    0.290698    0.290867
 782    0.290951    0.290867    0.291036
 783    0.291121    0.291036    0.291206
 784    0.291290    0.291206    0.291375
 785    0.291460    0.291375    0.291545
 786    0.291630    0.291545    0.291715
 787    0.291800    0.291715    0.291886
 788    0.291971    0.291886    0.292056
 789    0.292141    0.292056    0.292227
 790    0.292312    0.292227    0.292398
 791    0.292483    0.292398    0.292569
 792    0.292654    0.292569    0.292740
 793    0.292826    0.292740    0.292912
 794    0.292997    0.292912    0.293083
 795    0.293169    0.293083    0.293255
 796    0.293341    0.293255    0.293427
 797    0.293513    0.293427    0.293600
 798    0.293686    0.293600    0.293772
 799    0.293858    0.293772    0.293945
 800    0.294031    0.293945    0.294118
 801    0.294204    0.294118    0.294291
 802    0.294377    0.294291    0.294464
 803    0.294551    0.294464    0.294638
 804    0.294724    0.294638    0.294811
 805    0.294898    0.294811    0.294985
 806    0.295072    0.294985    0.295159
 807    0.295247    0.295159    0.295334
 808    0.295421    0.295334    0.295508
 809    0.295596    0.295508    0.295683
 810    0.295770    0.295683    0.295858
 811    0.295946    0.295858    0.296033
 812    0.296121    0.296033    0.296209
 813    0.296296    0.296209    0.296384
 814    0.296472    0.296384    0.296560
 815    0.296648    0.296560    0.296736
 816    0.296824    0.296736    0.296912
 817    0.297000    0.296912    0.297089
 818    0.297177    0.297089    0.297265
 819    0.297354    0.297265    0.297442
 820    0.297531    0.297442    0.297619
 821    0.297708    0.297619    0.297796
 822    0.297885    0.297796    0.297974
 823    0.298063    0.297974    0.298151
 824    0.298240    0.298151    0.298329
 825    0.298418    0.298329    0.298507
 826    0.298597    0.298507    0.298686
 827    0.298775    0.298686    0.298864
 828    0.298954    0.298864    0.299043
 829    0.299133    0.299043    0.299222
 830    0.299312    0.299222    0.299401
 831    0.299491    0.299401    0.299581
 832    0.299670    0.299581    0.299760
 833    0.299850    0.299760    0.299940
 834    0.300030    0.299940    0.300120
 835    0.300210    0.300120    0.300300
 836    0.300391    0.300300    0.300481
 837    0.300571    0.300481    0.300661
 838    0.300752    0.300661    0.300842
 839    0.300933    0.300842    0.301023
 840    0.301114    0.301023    0.301205
 841    0.301296    0.301205    0.301386
 842    0.301477    0.301386    0.301568
 843    0.301659    0.301568    0.301750
 844    0.301841    0.301750    0.301932
 845    0.302024    0.301932    0.302115
 846    0.302206    0.302115    0.302297
 847    0.302389    0.302297    0.302480
 848    0.302572    0.302480    0.302663
 849    0.302755    0.302663    0.302847
 850    0.302938    0.302847    0.303030
 851    0.303122    0.303030    0.303214
 852    0.303306    0.303214    0.303398
 853    0.303490    0.303398    0.303582
 854    0.303674    0.303582    0.303767
 855    0.303859    0.303767    0.303951
 856    0.304044    0.303951    0.304136
 857    0.304229    0.304136    0.304321
 858    0.304414    0.304321    0.304507
 859    0.304599    0.304507    0.304692
 860    0.304785    0.304692    0.304878
 861    0.304971    0.304878    0.305064
 862    0.305157    0.305064    0.305250
 863    0.305344    0.305250    0.305437
 864    0.305530    0.305437    0.305623
 865    0.305717    0.305623    0.305810
 866    0.305904    0.305810    0.305998
 867    0.306091    0.305998    0.306185
 868    0.306279    0.306185    0.306373
 869    0.306466    0.306373    0.306560
 870    0.306654    0.306560    0.306748
 871    0.306843    0.306748    0.306937
 872    0.307031    0.306937    0.307125
 873    0.307220    0.307125    0.307314
 874    0.307409    0.307314    0.307503
 875    0.307598    0.307503    0.307692
 876    0.307787    0.307692    0.307882
 877    0.307977    0.307882    0.308071
 878    0.308166    0.308071    0.308261
 879    0.308356    0.308261    0.308452
 880    0.308547    0.308452    0.308642
 881    0.308737    0.308642    0.308833
 882    0.308928    0.308833    0.309023
 883    0.309119    0.309023    0.309215
 884    0.309310    0.309215    0.309406
 885    0.309502    0.309406    0.309598
 886    0.309693    0.309598    0.309789
 887    0.309885    0.309789    0.309981
 888    0.310078    0.309981    0.310174
 889    0.310270    0.310174    0.310366
 890    0.310463    0.310366    0.310559
 891    0.310655    0.310559    0.310752
 892    0.310849    0.310752    0.310945
 893    0.311042    0.310945    0.311139
 894    0.311236    0.311139    0.311332
 895    0.311429    0.311332    0.311526
 896    0.311624    0.311526    0.311721
 897    0.311818    0.311721    0.311915
 898    0.312012    0.311915    0.312110
 899    0.312207    0.312110    0.312305
 900    0.312402    0.312305    0.312500
 901    0.312598    0.312500    0.312695
 902    0.312793    0.312695    0.312891
 903    0.312989    0.312891    0.313087
 904    0.313185    0.313087    0.313283
 905    0.313381    0.313283    0.313480
 906    0.313578    0.313480    0.313676
 907    0.313775    0.313676    0.313873
 908    0.313972    0.313873    0.314070
 909    0.314169    0.314070    0.314268
 910    0.314367    0.314268    0.314465
 911    0.314564    0.314465    0.314663
 912    0.314762    0.314663    0.314861
 913    0.314961    0.314861    0.315060
 914    0.315159    0.315060    0.315259
 915    0.315358    0.315259    0.315457
 916    0.315557    0.315457    0.315657
 917    0.315756    0.315657    0.315856
 918    0.315956    0.315856    0.316056
 919    0.316156    0.316056    0.316256
 920    0.316356    0.316256    0.316456
 921    0.316556    0.316456    0.316656
 922    0.316756    0.316656    0.316857
 923    0.316957    0.316857    0.317058
 924    0.317158    0.317058    0.317259
 925    0.317360    0.317259    0.317460
 926    0.317561    0.317460    0.317662
 927    0.317763    0.317662    0.317864
 928    0.317965    0.317864    0.318066
 929    0.318167    0.318066    0.318269
 930    0.318370    0.318269    0.318471
 931    0.318573    0.318471    0.318674
 932    0.318776    0.318674    0.318878
 933    0.318979    0.318878    0.319081
 934    0.319183    0.319081    0.319285
 935    0.319387    0.319285    0.319489
 936    0.319591    0.319489    0.319693
 937    0.319795    0.319693    0.319898
 938    0.320000    0.319898    0.320102
 939    0.320205    0.320102    0.320307
 940    0.320410    0.320307    0.320513
 941    0.320616    0.320513    0.320718
 942    0.320821    0.320718    0.320924
 943    0.321027    0.320924    0.321130
 944    0.321234    0.321130    0.321337
 945    0.321440    0.321337    0.321543
 946    0.321647    0.321543    0.321750
 947    0.321854    0.321750    0.321957
 948    0.322061    0.321957    0.322165
 949    0.322269    0.322165    0.322373
 950    0.322477    0.322373    0.322581
 951    0.322685    0.322581    0.322789
 952    0.322893    0.322789    0.322997
 953    0.323102    0.322997    0.323206
 954    0.323311    0.323206    0.323415
 955    0.323520    0.323415    0.323625
 956    0.323729    0.323625    0.323834
 957    0.323939    0.323834    0.324044
 958    0.324149    0.324044    0.324254
 959    0.324359    0.324254    0.324465
 960    0.324570    0.324465    0.324675
 961    0.324781    0.324675    0.324886
 962    0.324992    0.324886    0.325098
 963    0.325203    0.325098    0.325309
 964    0.325415    0.325309    0.325521
 965    0.325627    0.325521    0.325733
 966    0.325839    0.325733    0.325945
 967    0.326052    0.325945    0.326158
 968    0.326264    0.326158    0.326371
 969    0.326477    0.326371    0.326584
 970    0.326691    0.326584    0.326797
 971    0.326904    0.326797    0.327011
 972    0.327118    0.327011    0.327225
 973    0.327332    0.327225    0.327439
 974    0.327547    0.327439    0.327654
 975    0.327761    0.327654    0.327869
 976    0.327976    0.327869    0.328084
 977    0.328192    0.328084    0.328299
 978    0.328407    0.328299    0.328515
 979    0.328623    0.328515    0.328731
 980    0.328839    0.328731    0.328947
 981    0.329056    0.328947    0.329164
 982    0.329272    0.329164    0.329381
 983    0.329489    0.329381    0.329598
 984    0.329707    0.329598    0.329815
 985    0.329924    0.329815    0.330033
 986    0.330142    0.330033    0.330251
 987    0.330360    0.330251    0.330469
 988    0.330579    0.330469    0.330688
 989    0.330797    0.330688    0.330907
 990    0.331016    0.330907    0.331126
 991    0.331235    0.331126    0.331345
 992    0.331455    0.331345    0.331565
 993    0.331675    0.331565    0.331785
 994    0.331895    0.331785    0.332005
 995    0.332116    0.332005    0.332226
 996    0.332336    0.332226    0.332447
 997    0.332557    0.332447    0.332668
 998    0.332779    0.332668    0.332889
 999    0.333000    0.332889    0.333111
1000    0.333222    0.333111    0.333333
1001    0.333444    0.333333    0.333556
1002    0.333667    0.333556    0.333778
1003    0.333890    0.333778    0.334001
1004    0.334113    0.334001    0.334225
1005    0.334336    0.334225    0.334448
1006    0.334560    0.334448    0.334672
1007    0.334784    0.334672    0.334896
1008    0.335008    0.334896    0.335121
1009    0.335233    0.335121    0.335345
1010    0.335458    0.335345    0.335570
1011    0.335683    0.335570    0.335796
1012    0.335909    0.335796    0.336022
1013    0.336134    0.336022    0.336247
1014    0.336361    0.336247    0.336474
1015    0.336587    0.336474    0.336700
1016    0.336814    0.336700    0.336927
1017    0.337041    0.336927    0.337154
1018    0.337268    0.337154    0.337382
1019    0.337496    0.337382    0.337610
1020    0.337724    0.337610    0.337838
1021    0.337952    0.337838    0.338066
1022    0.338181    0.338066    0.338295
1023    0.338409    0.338295    0.338524
1024    0.338639    0.338524    0.338753
1025    0.338868    0.338753    0.338983
1026    0.339098    0.338983    0.339213
1027    0.339328    0.339213    0.339443
1028    0.339559    0.339443    0.339674
1029    0.339789    0.339674    0.339905
1030    0.340020    0.339905    0.340136
1031    0.340252    0.340136    0.340368
1032    0.340483    0.340368    0.340599
1033    0.340715    0.340599    0.340832
1034    0.340948    0.340832    0.341064
1035    0.341180    0.341064    0.341297
1036    0.341413    0.341297    0.341530
1037    0.341647    0.341530    0.341763
1038    0.341880    0.341763    0.341997
1039    0.342114    0.341997    0.342231
1040    0.342349    0.342231    0.342466
1041    0.342583    0.342466    0.342700
1042    0.342818    0.342700    0.342936
1043    0.343053    0.342936    0.343171
1044    0.343289    0.343171    0.343407
1045    0.343525    0.343407    0.343643
1046    0.343761    0.343643    0.343879
1047    0.343997    0.343879    0.344116
1048    0.344234    0.344116    0.344353
1049    0.344471    0.344353    0.344590
1050    0.344709    0.344590    0.344828
1051    0.344947    0.344828    0.345066
1052    0.345185    0.345066    0.345304
1053    0.345423    0.345304    0.345542
1054    0.345662    0.345542    0.345781
1055    0.345901    0.345781    0.346021
1056    0.346141    0.346021    0.346260
1057    0.346380    0.346260    0.346500
1058    0.346620    0.346500    0.346741
1059    0.346861    0.346741    0.346981
1060    0.347102    0.346981    0.347222
1061    0.347343    0.347222    0.347464
1062    0.347584    0.347464    0.347705
1063    0.347826    0.347705    0.347947
1064    0.348068    0.347947    0.348189
1065    0.348311    0.348189    0.348432
1066    0.348554    0.348432    0.348675
1067    0.348797    0.348675    0.348918
1068    0.349040    0.348918    0.349162
1069    0.349284    0.349162    0.349406
1070    0.349528    0.349406    0.349650
1071    0.349773    0.349650    0.349895
1072    0.350017    0.349895    0.350140
1073    0.350263    0.350140    0.350385
1074    0.350508    0.350385    0.350631
1075    0.350754    0.350631    0.350877
1076    0.351000    0.350877    0.351124
1077    0.351247    0.351124    0.351370
1078    0.351494    0.351370    0.351617
1079    0.351741    0.351617    0.351865
1080    0.351989    0.351865    0.352113
1081    0.352237    0.352113    0.352361
1082    0.352485    0.352361    0.352609
1083    0.352734    0.352609    0.352858
1084    0.352983    0.352858    0.353107
1085    0.353232    0.353107    0.353357
1086    0.353482    0.353357    0.353607
1087    0.353732    0.353607    0.353857
1088    0.353982    0.353857    0.354108
1089    0.354233    0.354108    0.354359
1090    0.354484    0.354359    0.354610
1091    0.354736    0.354610    0.354862
1092    0.354988    0.354862    0.355114
1093    0.355240    0.355114    0.355366
1094    0.355492    0.355366    0.355619
1095    0.355745    0.355619    0.355872
1096    0.355999    0.355872    0.356125
1097    0.356252    0.356125    0.356379
1098    0.356506    0.356379    0.356633
1099    0.356761    0.356633    0.356888
1100    0.357015    0.356888    0.357143
1101    0.357270    0.357143    0.357398
1102    0.357526    0.357398    0.357654
1103    0.357782    0.357654    0.357910
1104    0.358038    0.357910    0.358166
1105    0.358295    0.358166    0.358423
1106    0.358551    0.358423    0.358680
1107    0.358809    0.358680    0.358938
1108    0.359066    0.358938    0.359195
1109    0.359324    0.359195    0.359454
1110    0.359583    0.359454    0.359712
1111    0.359842    0.359712    0.359971
1112    0.360101    0.359971    0.360231
1113    0.360360    0.360231    0.360490
1114    0.360620    0.360490    0.360750
1115    0.360881    0.360750    0.361011
1116    0.361141    0.361011    0.361272
1117    0.361402    0.361272    0.361533
1118    0.361664    0.361533    0.361795
1119    0.361925    0.361795    0.362056
1120    0.362188    0.362056    0.362319
1121    0.362450    0.362319    0.362582
1122    0.362713    0.362582    0.362845
1123    0.362976    0.362845    0.363108
1124    0.363240    0.363108    0.363372
1125    0.363504    0.363372    0.363636
1126    0.363769    0.363636    0.363901
1127    0.364033    0.363901    0.364166
1128    0.364299    0.364166    0.364432
1129    0.364564    0.364432    0.364697
1130    0.364830    0.364697    0.364964
1131    0.365097    0.364964    0.365230
1132    0.365364    0.365230    0.365497
1133    0.365631    0.365497    0.365764
1134    0.365898    0.365764    0.366032
1135    0.366166    0.366032    0.366300
1136    0.366435    0.366300    0.366569
1137    0.366703    0.366569    0.366838
1138    0.366972    0.366838    0.367107
1139    0.367242    0.367107    0.367377
1140    0.367512    0.367377    0.367647
1141    0.367782    0.367647    0.367918
1142    0.368053    0.367918    0.368189
1143    0.368324    0.368189    0.368460
1144    0.368596    0.368460    0.368732
1145    0.368868    0.368732    0.369004
1146    0.369140    0.369004    0.369276
1147    0.369413    0.369276    0.369549
1148    0.369686    0.369549    0.369822
1149    0.369959    0.369822    0.370096
1150    0.370233    0.370096    0.370370
1151    0.370508    0.370370    0.370645
1152    0.370782    0.370645    0.370920
1153    0.371058    0.370920    0.371195
1154    0.371333    0.371195    0.371471
1155    0.371609    0.371471    0.371747
1156    0.371885    0.371747    0.372024
1157    0.372162    0.372024    0.372301
1158    0.372439    0.372301    0.372578
1159    0.372717    0.372578    0.372856
1160    0.372995    0.372856    0.373134
1161    0.373274    0.373134    0.373413
1162    0.373552    0.373413    0.373692
1163    0.373832    0.373692    0.373972
1164    0.374111    0.373972    0.374251
1165    0.374392    0.374251    0.374532
1166    0.374672    0.374532    0.374813
1167    0.374953    0.374813    0.375094
1168    0.375235    0.375094    0.375375
1169    0.375516    0.375375    0.375657
1170    0.375799    0.375657    0.375940
1171    0.376081    0.375940    0.376223
1172    0.376364    0.376223    0.376506
1173    0.376648    0.376506    0.376790
1174    0.376932    0.376790    0.377074
1175    0.377216    0.377074    0.377358
1176    0.377501    0.377358    0.377643
1177    0.377786    0.377643    0.377929
1178    0.378072    0.377929    0.378215
1179    0.378358    0.378215    0.378501
1180    0.378644    0.378501    0.378788
1181    0.378931    0.378788    0.379075
1182    0.379219    0.379075    0.379363
1183    0.379507    0.379363    0.379651
1184    0.379795    0.379651    0.379939
1185    0.380084    0.379939    0.380228
1186    0.380373    0.380228    0.380518
1187    0.380662    0.380518    0.380807
1188    0.380952    0.380807    0.381098
1189    0.381243    0.381098    0.381388
1190    0.381534    0.381388    0.381679
1191    0.381825    0.381679    0.381971
1192    0.382117    0.381971    0.382263
1193    0.382409    0.382263    0.382555
1194    0.382702    0.382555    0.382848
1195    0.382995    0.382848    0.383142
1196    0.383289    0.383142    0.383436
1197    0.383583    0.383436    0.383730
1198    0.383877    0.383730    0.384025
1199    0.384172    0.384025    0.384320
1200    0.384468    0.384320    0.384615
1201    0.384763    0.384615    0.384911
1202    0.385060    0.384911    0.385208
1203    0.385356    0.385208    0.385505
1204    0.385654    0.385505    0.385802
1205    0.385951    0.385802    0.386100
1206    0.386250    0.386100    0.386399
1207    0.386548    0.386399    0.386698
1208    0.386847    0.386698    0.386997
1209    0.387147    0.386997    0.387297
1210    0.387447    0.387297    0.387597
1211    0.387747    0.387597    0.387898
1212    0.388048    0.387898    0.388199
1213    0.388350    0.388199    0.388500
1214    0.388651    0.388500    0.388802
1215    0.388954    0.388802    0.389105
1216    0.389257    0.389105    0.389408
1217    0.389560    0.389408    0.389712
1218    0.389864    0.389712    0.390016
1219    0.390168    0.390016    0.390320
1220    0.390472    0.390320    0.390625
1221    0.390778    0.390625    0.390930
1222    0.391083    0.390930    0.391236
1223    0.391389    0.391236    0.391543
1224    0.391696    0.391543    0.391850
1225    0.392003    0.391850    0.392157
1226    0.392311    0.392157    0.392465
1227    0.392619    0.392465    0.392773
1228    0.392927    0.392773    0.393082
1229    0.393236    0.393082    0.393391
1230    0.393546    0.393391    0.393701
1231    0.393856    0.393701    0.394011
1232    0.394166    0.394011    0.394322
1233    0.394477    0.394322    0.394633
1234    0.394789    0.394633    0.394945
1235    0.395101    0.394945    0.395257
1236    0.395413    0.395257    0.395570
1237    0.395726    0.395570    0.395883
1238    0.396040    0.395883    0.396197
1239    0.396354    0.396197    0.396511
1240    0.396668    0.396511    0.396825
1241    0.396983    0.396825    0.397141
1242    0.397298    0.397141    0.397456
1243    0.397614    0.397456    0.397772
1244    0.397931    0.397772    0.398089
1245    0.398248    0.398089    0.398406
1246    0.398565    0.398406    0.398724
1247    0.398883    0.398724    0.399042
1248    0.399202    0.399042    0.399361
1249    0.399521    0.399361    0.399680
1250    0.399840    0.399680    0.400000
1251    0.400160    0.400000    0.400320
1252    0.400481    0.400320    0.400641
1253    0.400802    0.400641    0.400962
1254    0.401123    0.400962    0.401284
1255    0.401445    0.401284    0.401606
1256    0.401768    0.401606    0.401929
1257    0.402091    0.401929    0.402253
1258    0.402415    0.402253    0.402576
1259    0.402739    0.402576    0.402901
1260    0.403063    0.402901    0.403226
1261    0.403388    0.403226    0.403551
1262    0.403714    0.403551    0.403877
1263    0.404040    0.403877    0.404204
1264    0.404367    0.404204    0.404531
1265    0.404694    0.404531    0.404858
1266    0.405022    0.404858    0.405186
1267    0.405351    0.405186    0.405515
1268    0.405680    0.405515    0.405844
1269    0.406009    0.405844    0.406174
1270    0.406339    0.406174    0.406504
1271    0.406669    0.406504    0.406835
1272    0.407000    0.406835    0.407166
1273    0.407332    0.407166    0.407498
1274    0.407664    0.407498    0.407830
1275    0.407997    0.407830    0.408163
1276    0.408330    0.408163    0.408497
1277    0.408664    0.408497    0.408831
1278    0.408998    0.408831    0.409165
1279    0.409333    0.409165    0.409500
1280    0.409668    0.409500    0.409836
1281    0.410004    0.409836    0.410172
1282    0.410341    0.410172    0.410509
1283    0.410678    0.410509    0.410846
1284    0.411015    0.410846    0.411184
1285    0.411353    0.411184    0.411523
1286    0.411692    0.411523    0.411862
1287    0.412031    0.411862    0.412201
1288    0.412371    0.412201    0.412541
1289    0.412712    0.412541    0.412882
1290    0.413052    0.412882    0.413223
1291    0.413394    0.413223    0.413565
1292    0.413736    0.413565    0.413907
1293    0.414079    0.413907    0.414250
1294    0.414422    0.414250    0.414594
1295    0.414766    0.414594    0.414938
1296    0.415110    0.414938    0.415282
1297    0.415455    0.415282    0.415628
1298    0.415800    0.415628    0.415973
1299    0.416146    0.415973    0.416320
1300    0.416493    0.416320    0.416667
1301    0.416840    0.416667    0.417014
1302    0.417188    0.417014    0.417362
1303    0.417537    0.417362    0.417711
1304    0.417886    0.417711    0.418060
1305    0.418235    0.418060    0.418410
1306    0.418585    0.418410    0.418760
1307    0.418936    0.418760    0.419111
1308    0.419287    0.419111    0.419463
1309    0.419639    0.419463    0.419815
1310    0.419992    0.419815    0.420168
1311    0.420345    0.420168    0.420521
1312    0.420698    0.420521    0.420875
1313    0.421053    0.420875    0.421230
1314    0.421407    0.421230    0.421585
1315    0.421763    0.421585    0.421941
1316    0.422119    0.421941    0.422297
1317    0.422476    0.422297    0.422654
1318    0.422833    0.422654    0.423012
1319    0.423191    0.423012    0.423370
1320    0.423549    0.423370    0.423729
1321    0.423908    0.423729    0.424088
1322    0.424268    0.424088    0.424448
1323    0.424628    0.424448    0.424809
1324    0.424989    0.424809    0.425170
1325    0.425351    0.425170    0.425532
1326    0.425713    0.425532    0.425894
1327    0.426076    0.425894    0.426257
1328    0.426439    0.426257    0.426621
1329    0.426803    0.426621    0.426985
1330    0.427168    0.426985    0.427350
1331    0.427533    0.427350    0.427716
1332    0.427899    0.427716    0.428082
1333    0.428266    0.428082    0.428449
1334    0.428633    0.428449    0.428816
1335    0.429000    0.428816    0.429185
1336    0.429369    0.429185    0.429553
1337    0.429738    0.429553    0.429923
1338    0.430108    0.429923    0.430293
1339    0.430478    0.430293    0.430663
1340    0.430849    0.430663    0.431034
1341    0.431220    0.431034    0.431406
1342    0.431593    0.431406    0.431779
1343    0.431965    0.431779    0.432152
1344    0.432339    0.432152    0.432526
1345    0.432713    0.432526    0.432900
1346    0.433088    0.432900    0.433276
1347    0.433463    0.433276    0.433651
1348    0.433839    0.433651    0.434028
1349    0.434216    0.434028    0.434405
1350    0.434594    0.434405    0.434783
1351    0.434972    0.434783    0.435161
1352    0.435350    0.435161    0.435540
1353    0.435730    0.435540    0.435920
1354    0.436110    0.435920    0.436300
1355    0.436491    0.436300    0.436681
1356    0.436872    0.436681    0.437063
1357    0.437254    0.437063    0.437445
1358    0.437637    0.437445    0.437828
1359    0.438020    0.437828    0.438212
1360    0.438404    0.438212    0.438596
1361    0.438789    0.438596    0.438982
1362    0.439174    0.438982    0.439367
1363    0.439560    0.439367    0.439754
1364    0.439947    0.439754    0.440141
1365    0.440335    0.440141    0.440529
1366    0.440723    0.440529    0.440917
1367    0.441112    0.440917    0.441306
1368    0.441501    0.441306    0.441696
1369    0.441891    0.441696    0.442087
1370    0.442282    0.442087    0.442478
1371    0.442674    0.442478    0.442870
1372    0.443066    0.442870    0.443262
1373    0.443459    0.443262    0.443656
1374    0.443853    0.443656    0.444050
1375    0.444247    0.444050    0.444444
1376    0.444642    0.444444    0.444840
1377    0.445038    0.444840    0.445236
1378    0.445434    0.445236    0.445633
1379    0.445831    0.445633    0.446030
1380    0.446229    0.446030    0.446429
1381    0.446628    0.446429    0.446828
1382    0.447027    0.446828    0.447227
1383    0.447427    0.447227    0.447628
1384    0.447828    0.447628    0.448029
1385    0.448229    0.448029    0.448430
1386    0.448632    0.448430    0.448833
1387    0.449035    0.448833    0.449236
1388    0.449438    0.449236    0.449640
1389    0.449843    0.449640    0.450045
1390    0.450248    0.450045    0.450450
1391    0.450653    0.450450    0.450857
1392    0.451060    0.450857    0.451264
1393    0.451467    0.451264    0.451671
1394    0.451875    0.451671    0.452080
1395    0.452284    0.452080    0.452489
1396    0.452694    0.452489    0.452899
1397    0.453104    0.452899    0.453309
1398    0.453515    0.453309    0.453721
1399    0.453926    0.453721    0.454133
1400    0.454339    0.454133    0.454545
1401    0.454752    0.454545    0.454959
1402    0.455166    0.454959    0.455373
1403    0.455581    0.455373    0.455789
1404    0.455996    0.455789    0.456204
1405    0.456413    0.456204    0.456621
1406    0.456830    0.456621    0.457038
1407    0.457247    0.457038    0.457457
1408    0.457666    0.457457    0.457875
1409    0.458085    0.457875    0.458295
1410    0.458505    0.458295    0.458716
1411    0.458926    0.458716    0.459137
1412    0.459348    0.459137    0.459559
1413    0.459770    0.459559    0.459982
1414    0.460193    0.459982    0.460405
1415    0.460617    0.460405    0.460829
1416    0.461042    0.460829    0.461255
1417    0.461467    0.461255    0.461681
1418    0.461894    0.461681    0.462107
1419    0.462321    0.462107    0.462535
1420    0.462749    0.462535    0.462963
1421    0.463177    0.462963    0.463392
1422    0.463607    0.463392    0.463822
1423    0.464037    0.463822    0.464253
1424    0.464468    0.464253    0.464684
1425    0.464900    0.464684    0.465116
1426    0.465333    0.465116    0.465549
1427    0.465766    0.465549    0.465983
1428    0.466200    0.465983    0.466418
1429    0.466636    0.466418    0.466853
1430    0.467071    0.466853    0.467290
1431    0.467508    0.467290    0.467727
1432    0.467946    0.467727    0.468165
1433    0.468384    0.468165    0.468604
1434    0.468823    0.468604    0.469043
1435    0.469263    0.469043    0.469484
1436    0.469704    0.469484    0.469925
1437    0.470146    0.469925    0.470367
1438    0.470588    0.470367    0.470810
1439    0.471032    0.470810    0.471254
1440    0.471476    0.471254    0.471698
1441    0.471921    0.471698    0.472144
1442    0.472367    0.472144    0.472590
1443    0.472813    0.472590    0.473037
1444    0.473261    0.473037    0.473485
1445    0.473709    0.473485    0.473934
1446    0.474158    0.473934    0.474383
1447    0.474608    0.474383    0.474834
1448    0.475059    0.474834    0.475285
1449    0.475511    0.475285    0.475737
1450    0.475964    0.475737    0.476190
1451    0.476417    0.476190    0.476644
1452    0.476872    0.476644    0.477099
1453    0.477327    0.477099    0.477555
1454    0.477783    0.477555    0.478011
1455    0.478240    0.478011    0.478469
1456    0.478698    0.478469    0.478927
1457    0.479157    0.478927    0.479386
1458    0.479616    0.479386    0.479846
1459    0.480077    0.479846    0.480307
1460    0.480538    0.480307    0.480769
1461    0.481000    0.480769    0.481232
1462    0.481464    0.481232    0.481696
1463    0.481928    0.481696    0.482160
1464    0.482393    0.482160    0.482625
1465    0.482859    0.482625    0.483092
1466    0.483325    0.483092    0.483559
1467    0.483793    0.483559    0.484027
1468    0.484262    0.484027    0.484496
1469    0.484731    0.484496    0.484966
1470    0.485201    0.484966    0.485437
1471    0.485673    0.485437    0.485909
1472    0.486145    0.485909    0.486381
1473    0.486618    0.486381    0.486855
1474    0.487092    0.486855    0.487329
1475    0.487567    0.487329    0.487805
1476    0.488043    0.487805    0.488281
1477    0.488520    0.488281    0.488759
1478    0.488998    0.488759    0.489237
1479    0.489476    0.489237    0.489716
1480    0.489956    0.489716    0.490196
1481    0.490436    0.490196    0.490677
1482    0.490918    0.490677    0.491159
1483    0.491400    0.491159    0.491642
1484    0.491884    0.491642    0.492126
1485    0.492368    0.492126    0.492611
1486    0.492854    0.492611    0.493097
1487    0.493340    0.493097    0.493583
1488    0.493827    0.493583    0.494071
1489    0.494315    0.494071    0.494560
1490    0.494805    0.494560    0.495050
1491    0.495295    0.495050    0.495540
1492    0.495786    0.495540    0.496032
1493    0.496278    0.496032    0.496524
1494    0.496771    0.496524    0.497018
1495    0.497265    0.497018    0.497512
1496    0.497760    0.497512    0.498008
1497    0.498256    0.498008    0.498504
1498    0.498753    0.498504    0.499002
1499    0.499251    0.499002    0.499501
1500    0.499750    0.499501    0.500000
1501    0.500250    0.500000    0.500501
1502    0.500751    0.500501    0.501002
1503    0.501253    0.501002    0.501505
1504    0.501756    0.501505    0.502008
1505    0.502260    0.502008    0.502513
1506    0.502765    0.502513    0.503018
1507    0.503271    0.503018    0.503525
1508    0.503778    0.503525    0.504032
1509    0.504286    0.504032    0.504541
1510    0.504796    0.504541    0.505050
1511    0.505306    0.505050    0.505561
1512    0.505817    0.505561    0.506073
1513    0.506329    0.506073    0.506586
1514    0.506842    0.506586    0.507099
1515    0.507357    0.507099    0.507614
1516    0.507872    0.507614    0.508130
1517    0.508388    0.508130    0.508647
1518    0.508906    0.508647    0.509165
1519    0.509424    0.509165    0.509684
1520    0.509944    0.509684    0.510204
1521    0.510465    0.510204    0.510725
1522    0.510986    0.510725    0.511247
1523    0.511509    0.511247    0.511771
1524    0.512033    0.511771    0.512295
1525    0.512558    0.512295    0.512821
1526    0.513084    0.512821    0.513347
1527    0.513611    0.513347    0.513875
1528    0.514139    0.513875    0.514403
1529    0.514668    0.514403    0.514933
1530    0.515198    0.514933    0.515464
1531    0.515730    0.515464    0.515996
1532    0.516262    0.515996    0.516529
1533    0.516796    0.516529    0.517063
1534    0.517331    0.517063    0.517598
1535    0.517866    0.517598    0.518135
1536    0.518403    0.518135    0.518672
1537    0.518941    0.518672    0.519211
1538    0.519481    0.519211    0.519751
1539    0.520021    0.519751    0.520291
1540    0.520562    0.520291    0.520833
1541    0.521105    0.520833    0.521376
1542    0.521648    0.521376    0.521921
1543    0.522193    0.521921    0.522466
1544    0.522739    0.522466    0.523013
1545    0.523286    0.523013    0.523560
1546    0.523834    0.523560    0.524109
1547    0.524384    0.524109    0.524659
1548    0.524934    0.524659    0.525210
1549    0.525486    0.525210    0.525762
1550    0.526039    0.525762    0.526316
1551    0.526593    0.526316    0.526870
1552    0.527148    0.526870    0.527426
1553    0.527704    0.527426    0.527983
1554    0.528262    0.527983    0.528541
1555    0.528821    0.528541    0.529101
1556    0.529381    0.529101    0.529661
1557    0.529942    0.529661    0.530223
1558    0.530504    0.530223    0.530786
1559    0.531067    0.530786    0.531350
1560    0.531632    0.531350    0.531915
1561    0.532198    0.531915    0.532481
1562    0.532765    0.532481    0.533049
1563    0.533333    0.533049    0.533618
1564    0.533903    0.533618    0.534188
1565    0.534474    0.534188    0.534759
1566    0.535046    0.534759    0.535332
1567    0.535619    0.535332    0.535906
1568    0.536193    0.535906    0.536481
1569    0.536769    0.536481    0.537057
1570    0.537346    0.537057    0.537634
1571    0.537924    0.537634    0.538213
1572    0.538503    0.538213    0.538793
1573    0.539084    0.538793    0.539374
1574    0.539665    0.539374    0.539957
1575    0.540249    0.539957    0.540541
1576    0.540833    0.540541    0.541126
1577    0.541418    0.541126    0.541712
1578    0.542005    0.541712    0.542299
1579    0.542594    0.542299    0.542888
1580    0.543183    0.542888    0.543478
1581    0.543774    0.543478    0.544070
1582    0.544366    0.544070    0.544662
1583    0.544959    0.544662    0.545256
1584    0.545554    0.545256    0.545852
1585    0.546150    0.545852    0.546448
1586    0.546747    0.546448    0.547046
1587    0.547345    0.547046    0.547645
1588    0.547945    0.547645    0.548246
1589    0.548546    0.548246    0.548847
1590    0.549149    0.548847    0.549451
1591    0.549753    0.549451    0.550055
1592    0.550358    0.550055    0.550661
1593    0.550964    0.550661    0.551268
1594    0.551572    0.551268    0.551876
1595    0.552181    0.551876    0.552486
1596    0.552792    0.552486    0.553097
1597    0.553403    0.553097    0.553710
1598    0.554017    0.553710    0.554324
1599    0.554631    0.554324    0.554939
1600    0.555247    0.554939    0.555556
1601    0.555864    0.555556    0.556174
1602    0.556483    0.556174    0.556793
1603    0.557103    0.556793    0.557414
1604    0.557724    0.557414    0.558036
1605    0.558347    0.558036    0.558659
1606    0.558971    0.558659    0.559284
1607    0.559597    0.559284    0.559910
1608    0.560224    0.559910    0.560538
1609    0.560852    0.560538    0.561167
1610    0.561482    0.561167    0.561798
1611    0.562114    0.561798    0.562430
1612    0.562746    0.562430    0.563063
1613    0.563380    0.563063    0.563698
1614    0.564016    0.563698    0.564334
1615    0.564653    0.564334    0.564972
1616    0.565291    0.564972    0.565611
1617    0.565931    0.565611    0.566251
1618    0.566572    0.566251    0.566893
1619    0.567215    0.566893    0.567537
1620    0.567859    0.567537    0.568182
1621    0.568505    0.568182    0.568828
1622    0.569152    0.568828    0.569476
1623    0.569801    0.569476    0.570125
1624    0.570451    0.570125    0.570776
1625    0.571102    0.570776    0.571429
1626    0.571755    0.571429    0.572082
1627    0.572410    0.572082    0.572738
1628    0.573066    0.572738    0.573394
1629    0.573723    0.573394    0.574053
1630    0.574383    0.574053    0.574713
1631    0.575043    0.574713    0.575374
1632    0.575705    0.575374    0.576037
1633    0.576369    0.576037    0.576701
1634    0.577034    0.576701    0.577367
1635    0.577701    0.577367    0.578035
1636    0.578369    0.578035    0.578704
1637    0.579039    0.578704    0.579374
1638    0.579710    0.579374    0.580046
1639    0.580383    0.580046    0.580720
1640    0.581058    0.580720    0.581395
1641    0.581734    0.581395    0.582072
1642    0.582411    0.582072    0.582751
1643    0.583090    0.582751    0.583431
1644    0.583771    0.583431    0.584112
1645    0.584454    0.584112    0.584795
1646    0.585137    0.584795    0.585480
1647    0.585823    0.585480    0.586167
1648    0.586510    0.586167    0.586854
1649    0.587199    0.586854    0.587544
1650    0.587889    0.587544    0.588235
1651    0.588582    0.588235    0.588928
1652    0.589275    0.588928    0.589623
1653    0.589971    0.589623    0.590319
1654    0.590667    0.590319    0.591017
1655    0.591366    0.591017    0.591716
1656    0.592066    0.591716    0.592417
1657    0.592768    0.592417    0.593120
1658    0.593472    0.593120    0.593824
1659    0.594177    0.593824    0.594530
1660    0.594884    0.594530    0.595238
1661    0.595593    0.595238    0.595948
1662    0.596303    0.595948    0.596659
1663    0.597015    0.596659    0.597372
1664    0.597729    0.597372    0.598086
1665    0.598444    0.598086    0.598802
1666    0.599161    0.598802    0.599520
1667    0.599880    0.599520    0.600240
1668    0.600601    0.600240    0.600962
1669    0.601323    0.600962    0.601685
1670    0.602047    0.601685    0.602410
1671    0.602773    0.602410    0.603136
1672    0.603500    0.603136    0.603865
1673    0.604230    0.603865    0.604595
1674    0.604961    0.604595    0.605327
1675    0.605694    0.605327    0.606061
1676    0.606428    0.606061    0.606796
1677    0.607165    0.606796    0.607533
1678    0.607903    0.607533    0.608272
1679    0.608643    0.608272    0.609013
1680    0.609385    0.609013    0.609756
1681    0.610128    0.609756    0.610501
1682    0.610874    0.610501    0.611247
1683    0.611621    0.611247    0.611995
1684    0.612370    0.611995    0.612745
1685    0.613121    0.612745    0.613497
1686    0.613874    0.613497    0.614251
1687    0.614628    0.614251    0.615006
1688    0.615385    0.615006    0.615764
1689    0.616143    0.615764    0.616523
1690    0.616903    0.616523    0.617284
1691    0.617665    0.617284    0.618047
1692    0.618429    0.618047    0.618812
1693    0.619195    0.618812    0.619579
1694    0.619963    0.619579    0.620347
1695    0.620732    0.620347    0.621118
1696    0.621504    0.621118    0.621891
1697    0.622278    0.621891    0.622665
1698    0.623053    0.622665    0.623441
1699    0.623830    0.623441    0.624220
1700    0.624610    0.624220    0.625000
1701    0.625391    0.625000    0.625782
1702    0.626174    0.625782    0.626566
1703    0.626959    0.626566    0.627353
1704    0.627746    0.627353    0.628141
1705    0.628536    0.628141    0.628931
1706    0.629327    0.628931    0.629723
1707    0.630120    0.629723    0.630517
1708    0.630915    0.630517    0.631313
1709    0.631712    0.631313    0.632111
1710    0.632511    0.632111    0.632911
1711    0.633312    0.632911    0.633714
1712    0.634115    0.633714    0.634518
1713    0.634921    0.634518    0.635324
1714    0.635728    0.635324    0.636132
1715    0.636537    0.636132    0.636943
1716    0.637349    0.636943    0.637755
1717    0.638162    0.637755    0.638570
1718    0.638978    0.638570    0.639386
1719    0.639795    0.639386    0.640205
1720    0.640615    0.640205    0.641026
1721    0.641437    0.641026    0.641849
1722    0.642261    0.641849    0.642673
1723    0.643087    0.642673    0.643501
1724    0.643915    0.643501    0.644330
1725    0.644745    0.644330    0.645161
1726    0.645578    0.645161    0.645995
1727    0.646412    0.645995    0.646831
1728    0.647249    0.646831    0.647668
1729    0.648088    0.647668    0.648508
1730    0.648929    0.648508    0.649351
1731    0.649773    0.649351    0.650195
1732    0.650618    0.650195    0.651042
1733    0.651466    0.651042    0.651890
1734    0.652316    0.651890    0.652741
1735    0.653168    0.652741    0.653595
1736    0.654022    0.653595    0.654450
1737    0.654879    0.654450    0.655308
1738    0.655738    0.655308    0.656168
1739    0.656599    0.656168    0.657030
1740    0.657462    0.657030    0.657895
1741    0.658328    0.657895    0.658762
1742    0.659196    0.658762    0.659631
1743    0.660066    0.659631    0.660502
1744    0.660939    0.660502    0.661376
1745    0.661813    0.661376    0.662252
1746    0.662691    0.662252    0.663130
1747    0.663570    0.663130    0.664011
1748    0.664452    0.664011    0.664894
1749    0.665336    0.664894    0.665779
1750    0.666223    0.665779    0.666667
1751    0.667111    0.666667    0.667557
1752    0.668003    0.667557    0.668449
1753    0.668896    0.668449    0.669344
1754    0.669792    0.669344    0.670241
1755    0.670691    0.670241    0.671141
1756    0.671592    0.671141    0.672043
1757    0.672495    0.672043    0.672948
1758    0.673401    0.672948    0.673854
1759    0.674309    0.673854    0.674764
1760    0.675219    0.674764    0.675676
1761    0.676133    0.675676    0.676590
1762    0.677048    0.676590    0.677507
1763    0.677966    0.677507    0.678426
1764    0.678887    0.678426    0.679348
1765    0.679810    0.679348    0.680272
1766    0.680735    0.680272    0.681199
1767    0.681663    0.681199    0.682128
1768    0.682594    0.682128    0.683060
1769    0.683527    0.683060    0.683995
1770    0.684463    0.683995    0.684932
1771    0.685401    0.684932    0.685871
1772    0.686342    0.685871    0.686813
1773    0.687285    0.686813    0.687758
1774    0.688231    0.687758    0.688705
1775    0.689180    0.688705    0.689655
1776    0.690131    0.689655    0.690608
1777    0.691085    0.690608    0.691563
1778    0.692042    0.691563    0.692521
1779    0.693001    0.692521    0.693481
1780    0.693963    0.693481    0.694444
1781    0.694927    0.694444    0.695410
1782    0.695894    0.695410    0.696379
1783    0.696864    0.696379    0.697350
1784    0.697837    0.697350    0.698324
1785    0.698812    0.698324    0.699301
1786    0.699790    0.699301    0.700280
1787    0.700771    0.700280    0.701262
1788    0.701754    0.701262    0.702247
1789    0.702741    0.702247    0.703235
1790    0.703730    0.703235    0.704225
1791    0.704722    0.704225    0.705219
1792    0.705716    0.705219    0.706215
1793    0.706714    0.706215    0.707214
1794    0.707714    0.707214    0.708215
1795    0.708717    0.708215    0.709220
1796    0.709723    0.709220    0.710227
1797    0.710732    0.710227    0.711238
1798    0.711744    0.711238    0.712251
1799    0.712758    0.712251    0.713267
1800    0.713776    0.713267    0.714286
1801    0.714796    0.714286    0.715308
1802    0.715820    0.715308    0.716332
1803    0.716846    0.716332    0.717360
1804    0.717875    0.717360    0.718391
1805    0.718907    0.718391    0.719424
1806    0.719942    0.719424    0.720461
1807    0.720981    0.720461    0.721501
1808    0.722022    0.721501    0.722543
1809    0.723066    0.722543    0.723589
1810    0.724113    0.723589    0.724638
1811    0.725163    0.724638    0.725689
1812    0.726216    0.725689    0.726744
1813    0.727273    0.726744    0.727802
1814    0.728332    0.727802    0.728863
1815    0.729395    0.728863    0.729927
1816    0.730460    0.729927    0.730994
1817    0.731529    0.730994    0.732064
1818    0.732601    0.732064    0.733138
1819    0.733676    0.733138    0.734214
1820    0.734754    0.734214    0.735294
1821    0.735835    0.735294    0.736377
1822    0.736920    0.736377    0.737463
1823    0.738007    0.737463    0.738552
1824    0.739098    0.738552    0.739645
1825    0.740192    0.739645    0.740741
1826    0.741290    0.740741    0.741840
1827    0.742391    0.741840    0.742942
1828    0.743494    0.742942    0.744048
1829    0.744602    0.744048    0.745156
1830    0.745712    0.745156    0.746269
1831    0.746826    0.746269    0.747384
1832    0.747943    0.747384    0.748503
1833    0.749064    0.748503    0.749625
1834    0.750188    0.749625    0.750751
1835    0.751315    0.750751    0.751880
1836    0.752445    0.751880    0.753012
1837    0.753579    0.753012    0.754148
1838    0.754717    0.754148    0.755287
1839    0.755858    0.755287    0.756430
1840    0.757002    0.756430    0.757576
1841    0.758150    0.757576    0.758725
1842    0.759301    0.758725    0.759878
1843    0.760456    0.759878    0.761035
1844    0.761615    0.761035    0.762195
1845    0.762776    0.762195    0.763359
1846    0.763942    0.763359    0.764526
1847    0.765111    0.764526    0.765697
1848    0.766284    0.765697    0.766871
1849    0.767460    0.766871    0.768049
1850    0.768640    0.768049    0.769231
1851    0.769823    0.769231    0.770416
1852    0.771010    0.770416    0.771605
1853    0.772201    0.771605    0.772798
1854    0.773395    0.772798    0.773994
1855    0.774593    0.773994    0.775194
1856    0.775795    0.775194    0.776398
1857    0.777001    0.776398    0.777605
1858    0.778210    0.777605    0.778816
1859    0.779423    0.778816    0.780031
1860    0.780640    0.780031    0.781250
1861    0.781861    0.781250    0.782473
1862    0.783085    0.782473    0.783699
1863    0.784314    0.783699    0.784929
1864    0.785546    0.784929    0.786164
1865    0.786782    0.786164    0.787402
1866    0.788022    0.787402    0.788644
1867    0.789266    0.788644    0.789889
1868    0.790514    0.789889    0.791139
1869    0.791766    0.791139    0.792393
1870    0.793021    0.792393    0.793651
1871    0.794281    0.793651    0.794913
1872    0.795545    0.794913    0.796178
1873    0.796813    0.796178    0.797448
1874    0.798085    0.797448    0.798722
1875    0.799361    0.798722    0.800000
1876    0.800641    0.800000    0.801282
1877    0.801925    0.801282    0.802568
1878    0.803213    0.802568    0.803859
1879    0.804505    0.803859    0.805153
1880    0.805802    0.805153    0.806452
1881    0.807103    0.806452    0.807754
1882    0.808407    0.807754    0.809061
1883    0.809717    0.809061    0.810373
1884    0.811030    0.810373    0.811688
1885    0.812348    0.811688    0.813008
1886    0.813670    0.813008    0.814332
1887    0.814996    0.814332    0.815661
1888    0.816327    0.815661    0.816993
1889    0.817661    0.816993    0.818331
1890    0.819001    0.818331    0.819672
1891    0.820345    0.819672    0.821018
1892    0.821693    0.821018    0.822368
1893    0.823045    0.822368    0.823723
1894    0.824402    0.823723    0.825082
1895    0.825764    0.825082    0.826446
1896    0.827130    0.826446    0.827815
1897    0.828500    0.827815    0.829187
1898    0.829876    0.829187    0.830565
1899    0.831255    0.830565    0.831947
1900    0.832639    0.831947    0.833333
1901    0.834028    0.833333    0.834725
1902    0.835422    0.834725    0.836120
1903    0.836820    0.836120    0.837521
1904    0.838223    0.837521    0.838926
1905    0.839631    0.838926    0.840336
1906    0.841043    0.840336    0.841751
1907    0.842460    0.841751    0.843170
1908    0.843882    0.843170    0.844595
1909    0.845309    0.844595    0.846024
1910    0.846740    0.846024    0.847458
1911    0.848176    0.847458    0.848896
1912    0.849618    0.848896    0.850340
1913    0.851064    0.850340    0.851789
1914    0.852515    0.851789    0.853242
1915    0.853971    0.853242    0.854701
1916    0.855432    0.854701    0.856164
1917    0.856898    0.856164    0.857633
1918    0.858369    0.857633    0.859107
1919    0.859845    0.859107    0.860585
1920    0.861326    0.860585    0.862069
1921    0.862813    0.862069    0.863558
1922    0.864304    0.863558    0.865052
1923    0.865801    0.865052    0.866551
1924    0.867303    0.866551    0.868056
1925    0.868810    0.868056    0.869565
1926    0.870322    0.869565    0.871080
1927    0.871840    0.871080    0.872600
1928    0.873362    0.872600    0.874126
1929    0.874891    0.874126    0.875657
1930    0.876424    0.875657    0.877193
1931    0.877963    0.877193    0.878735
1932    0.879507    0.878735    0.880282
1933    0.881057    0.880282    0.881834
1934    0.882613    0.881834    0.883392
1935    0.884173    0.883392    0.884956
1936    0.885740    0.884956    0.886525
1937    0.887311    0.886525    0.888099
1938    0.888889    0.888099    0.889680
1939    0.890472    0.889680    0.891266
1940    0.892061    0.891266    0.892857
1941    0.893655    0.892857    0.894454
1942    0.895255    0.894454    0.896057
1943    0.896861    0.896057    0.897666
1944    0.898473    0.897666    0.899281
1945    0.900090    0.899281    0.900901
1946    0.901713    0.900901    0.902527
1947    0.903342    0.902527    0.904159
1948    0.904977    0.904159    0.905797
1949    0.906618    0.905797    0.907441
1950    0.908265    0.907441    0.909091
1951    0.909918    0.909091    0.910747
1952    0.911577    0.910747    0.912409
1953    0.913242    0.912409    0.914077
1954    0.914913    0.914077    0.915751
1955    0.916590    0.915751    0.917431
1956    0.918274    0.917431    0.919118
1957    0.919963    0.919118    0.920810
1958    0.921659    0.920810    0.922509
1959    0.923361    0.922509    0.924214
1960    0.925069    0.924214    0.925926
1961    0.926784    0.925926    0.927644
1962    0.928505    0.927644    0.929368
1963    0.930233    0.929368    0.931099
1964    0.931966    0.931099    0.932836
1965    0.933707    0.932836    0.934579
1966    0.935454    0.934579    0.936330
1967    0.937207    0.936330    0.938086
1968    0.938967    0.938086    0.939850
1969    0.940734    0.939850    0.941620
1970    0.942507    0.941620    0.943396
1971    0.944287    0.943396    0.945180
1972    0.946074    0.945180    0.946970
1973    0.947867    0.946970    0.948767
1974    0.949668    0.948767    0.950570
1975    0.951475    0.950570    0.952381
1976    0.953289    0.952381    0.954198
1977    0.955110    0.954198    0.956023
1978    0.956938    0.956023    0.957854
1979    0.958773    0.957854    0.959693
1980    0.960615    0.959693    0.961538
1981    0.962464    0.961538    0.963391
1982    0.964320    0.963391    0.965251
1983    0.966184    0.965251    0.967118
1984    0.968054    0.967118    0.968992
1985    0.969932    0.968992    0.970874
1986    0.971817    0.970874    0.972763
1987    0.973710    0.972763    0.974659
1988    0.975610    0.974659    0.976562
1989    0.977517    0.976562    0.978474
1990    0.979432    0.978474    0.980392
1991    0.981354    0.980392    0.982318
1992    0.983284    0.982318    0.984252
1993    0.985222    0.984252    0.986193
1994    0.987167    0.986193    0.988142
1995    0.989120    0.988142    0.990099
1996    0.991080    0.990099    0.992063
1997    0.993049    0.992063    0.994036
1998    0.995025    0.994036    0.996016
1999    0.997009    0.996016    0.998004
2000    0.999001    0.998004    1.000000
2001    1.001001    1.000000    1.002004
2002    1.003009    1.002004    1.004016
2003    1.005025    1.004016    1.006036
2004    1.007049    1.006036    1.008065
2005    1.009082    1.008065    1.010101
2006    1.011122    1.010101    1.012146
2007    1.013171    1.012146    1.014199
2008    1.015228    1.014199    1.016260
2009    1.017294    1.016260    1.018330
2010    1.019368    1.018330    1.020408
2011    1.021450    1.020408    1.022495
2012    1.023541    1.022495    1.024590
2013    1.025641    1.024590    1.026694
2014    1.027749    1.026694    1.028807
2015    1.029866    1.028807    1.030928
2016    1.031992    1.030928    1.033058
2017    1.034126    1.033058    1.035197
2018    1.036269    1.035197    1.037344
2019    1.038422    1.037344    1.039501
2020    1.040583    1.039501    1.041667
2021    1.042753    1.041667    1.043841
2022    1.044932    1.043841    1.046025
2023    1.047120    1.046025    1.048218
2024    1.049318    1.048218    1.050420
2025    1.051525    1.050420    1.052632
2026    1.053741    1.052632    1.054852
2027    1.055966    1.054852    1.057082
2028    1.058201    1.057082    1.059322
2029    1.060445    1.059322    1.061571
2030    1.062699    1.061571    1.063830
2031    1.064963    1.063830    1.066098
2032    1.067236    1.066098    1.068376
2033    1.069519    1.068376    1.070664
2034    1.071811    1.070664    1.072961
2035    1.074114    1.072961    1.075269
2036    1.076426    1.075269    1.077586
2037    1.078749    1.077586    1.079914
2038    1.081081    1.079914    1.082251
2039    1.083424    1.082251    1.084599
2040    1.085776    1.084599    1.086957
2041    1.088139    1.086957    1.089325
2042    1.090513    1.089325    1.091703
2043    1.092896    1.091703    1.094092
2044    1.095290    1.094092    1.096491
2045    1.097695    1.096491    1.098901
2046    1.100110    1.098901    1.101322
2047    1.102536    1.101322    1.103753
2048    1.104972    1.103753    1.106195
2049    1.107420    1.106195    1.108647
2050    1.109878    1.108647    1.111111
2051    1.112347    1.111111    1.113586
2052    1.114827    1.113586    1.116071
2053    1.117318    1.116071    1.118568
2054    1.119821    1.118568    1.121076
2055    1.122334    1.121076    1.123595
2056    1.124859    1.123595    1.126126
2057    1.127396    1.126126    1.128668
2058    1.129943    1.128668    1.131222
2059    1.132503    1.131222    1.133787
2060    1.135074    1.133787    1.136364
2061    1.137656    1.136364    1.138952
2062    1.140251    1.138952    1.141553
2063    1.142857    1.141553    1.144165
2064    1.145475    1.144165    1.146789
2065    1.148106    1.146789    1.149425
2066    1.150748    1.149425    1.152074
2067    1.153403    1.152074    1.154734
2068    1.156069    1.154734    1.157407
2069    1.158749    1.157407    1.160093
2070    1.161440    1.160093    1.162791
2071    1.164144    1.162791    1.165501
2072    1.166861    1.165501    1.168224
2073    1.169591    1.168224    1.170960
2074    1.172333    1.170960    1.173709
2075    1.175088    1.173709    1.176471
2076    1.177856    1.176471    1.179245
2077    1.180638    1.179245    1.182033
2078    1.183432    1.182033    1.184834
2079    1.186240    1.184834    1.187648
2080    1.189061    1.187648    1.190476
2081    1.191895    1.190476    1.193317
2082    1.194743    1.193317    1.196172
2083    1.197605    1.196172    1.199041
2084    1.200480    1.199041    1.201923
2085    1.203369    1.201923    1.204819
2086    1.206273    1.204819    1.207729
2087    1.209190    1.207729    1.210654
2088    1.212121    1.210654    1.213592
2089    1.215067    1.213592    1.216545
2090    1.218027    1.216545    1.219512
2091    1.221001    1.219512    1.222494
2092    1.223990    1.222494    1.225490
2093    1.226994    1.225490    1.228501
2094    1.230012    1.228501    1.231527
2095    1.233046    1.231527    1.234568
2096    1.236094    1.234568    1.237624
2097    1.239157    1.237624    1.240695
2098    1.242236    1.240695    1.243781
2099    1.245330    1.243781    1.246883
2100    1.248439    1.246883    1.250000
2101    1.251565    1.250000    1.253133
2102    1.254705    1.253133    1.256281
2103    1.257862    1.256281    1.259446
2104    1.261034    1.259446    1.262626
2105    1.264223    1.262626    1.265823
2106    1.267427    1.265823    1.269036
2107    1.270648    1.269036    1.272265
2108    1.273885    1.272265    1.275510
2109    1.277139    1.275510    1.278772
2110    1.280410    1.278772    1.282051
2111    1.283697    1.282051    1.285347
2112    1.287001    1.285347    1.288660
2113    1.290323    1.288660    1.291990
2114    1.293661    1.291990    1.295337
2115    1.297017    1.295337    1.298701
2116    1.300390    1.298701    1.302083
2117    1.303781    1.302083    1.305483
2118    1.307190    1.305483    1.308900
2119    1.310616    1.308900    1.312336
2120    1.314060    1.312336    1.315789
2121    1.317523    1.315789    1.319261
2122    1.321004    1.319261    1.322751
2123    1.324503    1.322751    1.326260
2124    1.328021    1.326260    1.329787
2125    1.331558    1.329787    1.333333
2126    1.335114    1.333333    1.336898
2127    1.338688    1.336898    1.340483
2128    1.342282    1.340483    1.344086
2129    1.345895    1.344086    1.347709
2130    1.349528    1.347709    1.351351
2131    1.353180    1.351351    1.355014
2132    1.356852    1.355014    1.358696
2133    1.360544    1.358696    1.362398
2134    1.364257    1.362398    1.366120
2135    1.367989    1.366120    1.369863
2136    1.371742    1.369863    1.373626
2137    1.375516    1.373626    1.377410
2138    1.379310    1.377410    1.381215
2139    1.383126    1.381215    1.385042
2140    1.386963    1.385042    1.388889
2141    1.390821    1.388889    1.392758
2142    1.394700    1.392758    1.396648
2143    1.398601    1.396648    1.400560
2144    1.402525    1.400560    1.404494
2145    1.406470    1.404494    1.408451
2146    1.410437    1.408451    1.412429
2147    1.414427    1.412429    1.416431
2148    1.418440    1.416431    1.420455
2149    1.422475    1.420455    1.424501
2150    1.426534    1.424501    1.428571
2151    1.430615    1.428571    1.432665
2152    1.434720    1.432665    1.436782
2153    1.438849    1.436782    1.440922
2154    1.443001    1.440922    1.445087
2155    1.447178    1.445087    1.449275
2156    1.451379    1.449275    1.453488
2157    1.455604    1.453488    1.457726
2158    1.459854    1.457726    1.461988
2159    1.464129    1.461988    1.466276
2160    1.468429    1.466276    1.470588
2161    1.472754    1.470588    1.474926
2162    1.477105    1.474926    1.479290
2163    1.481481    1.479290    1.483680
2164    1.485884    1.483680    1.488095
2165    1.490313    1.488095    1.492537
2166    1.494768    1.492537    1.497006
2167    1.499250    1.497006    1.501502
2168    1.503759    1.501502    1.506024
2169    1.508296    1.506024    1.510574
2170    1.512859    1.510574    1.515152
2171    1.517451    1.515152    1.519757
2172    1.522070    1.519757    1.524390
2173    1.526718    1.524390    1.529052
2174    1.531394    1.529052    1.533742
2175    1.536098    1.533742    1.538462
2176    1.540832    1.538462    1.543210
2177    1.545595    1.543210    1.547988
2178    1.550388    1.547988    1.552795
2179    1.555210    1.552795    1.557632
2180    1.560062    1.557632    1.562500
2181    1.564945    1.562500    1.567398
2182    1.569859    1.567398    1.572327
2183    1.574803    1.572327    1.577287
2184    1.579779    1.577287    1.582278
2185    1.584786    1.582278    1.587302
2186    1.589825    1.587302    1.592357
2187    1.594896    1.592357    1.597444
2188    1.600000    1.597444    1.602564
2189    1.605136    1.602564    1.607717
2190    1.610306    1.607717    1.612903
2191    1.615509    1.612903    1.618123
2192    1.620746    1.618123    1.623377
2193    1.626016    1.623377    1.628664
2194    1.631321    1.628664    1.633987
2195    1.636661    1.633987    1.639344
2196    1.642036    1.639344    1.644737
2197    1.647447    1.644737    1.650165
2198    1.652893    1.650165    1.655629
2199    1.658375    1.655629    1.661130
2200    1.663893    1.661130    1.666667
2201    1.669449    1.666667    1.672241
2202    1.675042    1.672241    1.677852
2203    1.680672    1.677852    1.683502
2204    1.686341    1.683502    1.689189
2205    1.692047    1.689189    1.694915
2206    1.697793    1.694915    1.700680
2207    1.703578    1.700680    1.706485
2208    1.709402    1.706485    1.712329
2209    1.715266    1.712329    1.718213
2210    1.721170    1.718213    1.724138
2211    1.727116    1.724138    1.730104
2212    1.733102    1.730104    1.736111
2213    1.739130    1.736111    1.742160
2214    1.745201    1.742160    1.748252
2215    1.751313    1.748252    1.754386
2216    1.757469    1.754386    1.760563
2217    1.763668    1.760563    1.766784
2218    1.769912    1.766784    1.773050
2219    1.776199    1.773050    1.779359
2220    1.782531    1.779359    1.785714
2221    1.788909    1.785714    1.792115
2222    1.795332    1.792115    1.798561
2223    1.801802    1.798561    1.805054
2224    1.808318    1.805054    1.811594
2225    1.814882    1.811594    1.818182
2226    1.821494    1.818182    1.824818
2227    1.828154    1.824818    1.831502
2228    1.834862    1.831502    1.838235
2229    1.841621    1.838235    1.845019
2230    1.848429    1.845019    1.851852
2231    1.855288    1.851852    1.858736
2232    1.862197    1.858736    1.865672
2233    1.869159    1.865672    1.872659
2234    1.876173    1.872659    1.879699
2235    1.883239    1.879699    1.886792
2236    1.890359    1.886792    1.893939
2237    1.897533    1.893939    1.901141
2238    1.904762    1.901141    1.908397
2239    1.912046    1.908397    1.915709
2240    1.919386    1.915709    1.923077
2241    1.926782    1.923077    1.930502
2242    1.934236    1.930502    1.937984
2243    1.941748    1.937984    1.945525
2244    1.949318    1.945525    1.953125
2245    1.956947    1.953125    1.960784
2246    1.964637    1.960784    1.968504
2247    1.972387    1.968504    1.976285
2248    1.980198    1.976285    1.984127
2249    1.988072    1.984127    1.992032
2250    1.996008    1.992032    2.000000
2251    2.004008    2.000000    2.008032
2252    2.012072    2.008032    2.016129
2253    2.020202    2.016129    2.024292
2254    2.028398    2.024292    2.032520
2255    2.036660    2.032520    2.040816
2256    2.044990    2.040816    2.049180
2257    2.053388    2.049180    2.057613
2258    2.061856    2.057613    2.066116
2259    2.070393    2.066116    2.074689
2260    2.079002    2.074689    2.083333
2261    2.087683    2.083333    2.092050
2262    2.096436    2.092050    2.100840
2263    2.105263    2.100840    2.109705
2264    2.114165    2.109705    2.118644
2265    2.123142    2.118644    2.127660
2266    2.132196    2.127660    2.136752
2267    2.141328    2.136752    2.145923
2268    2.150538    2.145923    2.155172
2269    2.159827    2.155172    2.164502
2270    2.169197    2.164502    2.173913
2271    2.178649    2.173913    2.183406
2272    2.188184    2.183406    2.192982
2273    2.197802    2.192982    2.202643
2274    2.207505    2.202643    2.212389
2275    2.217295    2.212389    2.222222
2276    2.227171    2.222222    2.232143
2277    2.237136    2.232143    2.242152
2278    2.247191    2.242152    2.252252
2279    2.257336    2.252252    2.262444
2280    2.267574    2.262444    2.272727
2281    2.277904    2.272727    2.283105
2282    2.288330    2.283105    2.293578
2283    2.298851    2.293578    2.304147
2284    2.309469    2.304147    2.314815
2285    2.320186    2.314815    2.325581
2286    2.331002    2.325581    2.336449
2287    2.341920    2.336449    2.347418
2288    2.352941    2.347418    2.358490
2289    2.364066    2.358490    2.369668
2290    2.375297    2.369668    2.380952
2291    2.386635    2.380952    2.392344
2292    2.398082    2.392344    2.403846
2293    2.409639    2.403846    2.415459
2294    2.421308    2.415459    2.427185
2295    2.433090    2.427185    2.439024
2296    2.444988    2.439024    2.450980
2297    2.457002    2.450980    2.463054
2298    2.469136    2.463054    2.475248
2299    2.481390    2.475248    2.487562
2300    2.493766    2.487562    2.500000
2301    2.506266    2.500000    2.512563
2302    2.518892    2.512563    2.525253
2303    2.531646    2.525253    2.538071
2304    2.544529    2.538071    2.551020
2305    2.557545    2.551020    2.564103
2306    2.570694    2.564103    2.577320
2307    2.583979    2.577320    2.590674
2308    2.597403    2.590674    2.604167
2309    2.610966    2.604167    2.617801
2310    2.624672    2.617801    2.631579
2311    2.638522    2.631579    2.645503
2312    2.652520    2.645503    2.659575
2313    2.666667    2.659575    2.673797
2314    2.680965    2.673797    2.688172
2315    2.695418    2.688172    2.702703
2316    2.710027    2.702703    2.717391
2317    2.724796    2.717391    2.732240
2318    2.739726    2.732240    2.747253
2319    2.754821    2.747253    2.762431
2320    2.770083    2.762431    2.777778
2321    2.785515    2.777778    2.793296
2322    2.801121    2.793296    2.808989
2323    2.816901    2.808989    2.824859
2324    2.832861    2.824859    2.840909
2325    2.849003    2.840909    2.857143
2326    2.865330    2.857143    2.873563
2327    2.881844    2.873563    2.890173
2328    2.898551    2.890173    2.906977
2329    2.915452    2.906977    2.923977
2330    2.932551    2.923977    2.941176
2331    2.949852    2.941176    2.958580
2332    2.967359    2.958580    2.976191
2333    2.985075    2.976191    2.994012
2334    3.003003    2.994012    3.012048
2335    3.021148    3.012048    3.030303
2336    3.039514    3.030303    3.048780
2337    3.058104    3.048780    3.067485
2338    3.076923    3.067485    3.086420
2339    3.095975    3.086420    3.105590
2340    3.115265    3.105590    3.125000
2341    3.134796    3.125000    3.144654
2342    3.154574    3.144654    3.164557
2343    3.174603    3.164557    3.184713
2344    3.194888    3.184713    3.205128
2345    3.215434    3.205128    3.225806
2346    3.236246    3.225806    3.246753
2347    3.257329    3.246753    3.267974
2348    3.278688    3.267974    3.289474
2349    3.300330    3.289474    3.311258
2350    3.322259    3.311258    3.333333
2351    3.344482    3.333333    3.355705
2352    3.367003    3.355705    3.378378
2353    3.389831    3.378378    3.401361
2354    3.412969    3.401361    3.424658
2355    3.436426    3.424658    3.448276
2356    3.460208    3.448276    3.472222
2357    3.484321    3.472222    3.496504
2358    3.508772    3.496504    3.521127
2359    3.533569    3.521127    3.546099
2360    3.558719    3.546099    3.571429
2361    3.584229    3.571429    3.597122
2362    3.610108    3.597122    3.623188
2363    3.636364    3.623188    3.649635
2364    3.663004    3.649635    3.676471
2365    3.690037    3.676471    3.703704
2366    3.717472    3.703704    3.731343
2367    3.745318    3.731343    3.759398
2368    3.773585    3.759398    3.787879
2369    3.802281    3.787879    3.816794
2370    3.831418    3.816794    3.846154
2371    3.861004    3.846154    3.875969
2372    3.891051    3.875969    3.906250
2373    3.921569    3.906250    3.937008
2374    3.952569    3.937008    3.968254
2375    3.984064    3.968254    4.000000
#################################
#        PRESSURE 
# number of sampled pressure :
  23
# sampled pressures (mb) :
   0.01
   0.07
   0.25
   0.40
   0.63
   1.00
   1.58
   2.51
   3.98
   6.31
  10.00
  15.80
  25.10
  39.80
  63.10
 100.00
 158.00
 251.00
 398.00
 487.00
 631.00
 802.00
1050.00
#################################
#        TEMPERATURE 
# number of sampled temperature :
   7
# sampled tenperatures (K) :
 190.00
 191.00
 225.00
 260.00
 295.00
 329.00
 330.00
  
