# ARTDECO : output file
# Radiances at the top of the atmosphere
#   
# Result given for each geometry
# sza : solar zenith angle(s) (degree)
# vza : view  zenith angle(s) (degree)
# vaa : view azimuthal angle(s) (degree)
#
# total number of geometries
         270
# nsza, nvza, nvaa
           1          90           3
# number of elements of the Stokes vector
# 4 = full polarization, 3 = 3x3 approximation, 1 = scalar
           1
# number of wavelengths
           1
##################
# Wavelength (microns) 
       0.412000000
# CPU time for RT in sec(s) 
     0.115655418E+03
#         sza               vza              vaa              theta              I                 dI
      60.000000000       0.000000000       0.000000000     120.000000000       0.026310864       0.000440603
      60.000000000       0.000000000      90.000000000     120.000000000       0.026310864       0.000440603
      60.000000000       0.000000000     180.000000000     120.000000000       0.026310864       0.000440603
      60.000000000       1.000000000       0.000000000     119.000000000       0.026206067       0.000438377
      60.000000000       1.000000000      90.000000000     119.994961924       0.026317815       0.000440483
      60.000000000       1.000000000     180.000000000     121.000000000       0.026425515       0.000443063
      60.000000000       2.000000000       0.000000000     118.000000000       0.026122224       0.000436138
      60.000000000       2.000000000      90.000000000     119.979850765       0.026331785       0.000440163
      60.000000000       2.000000000     180.000000000     122.000000000       0.026563455       0.000445996
      60.000000000       3.000000000       0.000000000     117.000000000       0.026044784       0.000434313
      60.000000000       3.000000000      90.000000000     119.954675720       0.026352516       0.000439958
      60.000000000       3.000000000     180.000000000     123.000000000       0.026715489       0.000448985
      60.000000000       4.000000000       0.000000000     116.000000000       0.025985208       0.000432675
      60.000000000       4.000000000      90.000000000     119.919452093       0.026379771       0.000439689
      60.000000000       4.000000000     180.000000000     124.000000000       0.026888914       0.000452262
      60.000000000       5.000000000       0.000000000     115.000000000       0.025929758       0.000431229
      60.000000000       5.000000000      90.000000000     119.874201258       0.026420038       0.000439590
      60.000000000       5.000000000     180.000000000     125.000000000       0.027088328       0.000455773
      60.000000000       6.000000000       0.000000000     114.000000000       0.025889062       0.000429731
      60.000000000       6.000000000      90.000000000     119.818950607       0.026467187       0.000439526
      60.000000000       6.000000000     180.000000000     126.000000000       0.027308645       0.000459773
      60.000000000       7.000000000       0.000000000     113.000000000       0.025850676       0.000428977
      60.000000000       7.000000000      90.000000000     119.753733483       0.026515057       0.000438743
      60.000000000       7.000000000     180.000000000     127.000000000       0.027555126       0.000463877
      60.000000000       8.000000000       0.000000000     112.000000000       0.025824177       0.000428190
      60.000000000       8.000000000      90.000000000     119.678589103       0.026575771       0.000438896
      60.000000000       8.000000000     180.000000000     128.000000000       0.027827194       0.000468394
      60.000000000       9.000000000       0.000000000     111.000000000       0.025802721       0.000427548
      60.000000000       9.000000000      90.000000000     119.593562462       0.026643605       0.000438632
      60.000000000       9.000000000     180.000000000     129.000000000       0.028125104       0.000473303
      60.000000000      10.000000000       0.000000000     110.000000000       0.025783927       0.000427457
      60.000000000      10.000000000      90.000000000     119.498704231       0.026718288       0.000438600
      60.000000000      10.000000000     180.000000000     130.000000000       0.028453219       0.000478650
      60.000000000      11.000000000       0.000000000     109.000000000       0.025772132       0.000427572
      60.000000000      11.000000000      90.000000000     119.394070634       0.026799811       0.000438595
      60.000000000      11.000000000     180.000000000     131.000000000       0.028805539       0.000484569
      60.000000000      12.000000000       0.000000000     108.000000000       0.025764296       0.000427773
      60.000000000      12.000000000      90.000000000     119.279723324       0.026888586       0.000438631
      60.000000000      12.000000000     180.000000000     132.000000000       0.029192205       0.000490774
      60.000000000      13.000000000       0.000000000     107.000000000       0.025761926       0.000428535
      60.000000000      13.000000000      90.000000000     119.155729238       0.026990838       0.000438722
      60.000000000      13.000000000     180.000000000     133.000000000       0.029600807       0.000497963
      60.000000000      14.000000000       0.000000000     106.000000000       0.025765802       0.000429483
      60.000000000      14.000000000      90.000000000     119.022160452       0.027094068       0.000439014
      60.000000000      14.000000000     180.000000000     134.000000000       0.030046925       0.000505346
      60.000000000      15.000000000       0.000000000     105.000000000       0.025773904       0.000431010
      60.000000000      15.000000000      90.000000000     118.879094017       0.027204651       0.000439608
      60.000000000      15.000000000     180.000000000     135.000000000       0.030523378       0.000513633
      60.000000000      16.000000000       0.000000000     104.000000000       0.025791853       0.000432733
      60.000000000      16.000000000      90.000000000     118.726611796       0.027328880       0.000440061
      60.000000000      16.000000000     180.000000000     136.000000000       0.031016785       0.000522733
      60.000000000      17.000000000       0.000000000     103.000000000       0.025814409       0.000434800
      60.000000000      17.000000000      90.000000000     118.564800285       0.027460915       0.000440902
      60.000000000      17.000000000     180.000000000     137.000000000       0.031551227       0.000532258
      60.000000000      18.000000000       0.000000000     102.000000000       0.025849988       0.000437724
      60.000000000      18.000000000      90.000000000     118.393750435       0.027600534       0.000442029
      60.000000000      18.000000000     180.000000000     138.000000000       0.032098451       0.000542714
      60.000000000      19.000000000       0.000000000     101.000000000       0.025892454       0.000441110
      60.000000000      19.000000000      90.000000000     118.213557466       0.027741712       0.000443361
      60.000000000      19.000000000     180.000000000     139.000000000       0.032688026       0.000554032
      60.000000000      20.000000000       0.000000000     100.000000000       0.025947091       0.000444743
      60.000000000      20.000000000      90.000000000     118.024320674       0.027897458       0.000445154
      60.000000000      20.000000000     180.000000000     140.000000000       0.033285688       0.000566239
      60.000000000      21.000000000       0.000000000      99.000000000       0.026021696       0.000449071
      60.000000000      21.000000000      90.000000000     117.826143233       0.028067644       0.000446798
      60.000000000      21.000000000     180.000000000     141.000000000       0.033926081       0.000579011
      60.000000000      22.000000000       0.000000000      98.000000000       0.026107961       0.000454314
      60.000000000      22.000000000      90.000000000     117.619132006       0.028240189       0.000449198
      60.000000000      22.000000000     180.000000000     142.000000000       0.034570089       0.000593129
      60.000000000      23.000000000       0.000000000      97.000000000       0.026218279       0.000459933
      60.000000000      23.000000000      90.000000000     117.403397336       0.028421482       0.000451747
      60.000000000      23.000000000     180.000000000     143.000000000       0.035255247       0.000607720
      60.000000000      24.000000000       0.000000000      96.000000000       0.026345374       0.000466397
      60.000000000      24.000000000      90.000000000     117.179052852       0.028610973       0.000454533
      60.000000000      24.000000000     180.000000000     144.000000000       0.035941076       0.000623829
      60.000000000      25.000000000       0.000000000      95.000000000       0.026500893       0.000473458
      60.000000000      25.000000000      90.000000000     116.946215263       0.028816767       0.000458328
      60.000000000      25.000000000     180.000000000     145.000000000       0.036665245       0.000640013
      60.000000000      26.000000000       0.000000000      94.000000000       0.026678996       0.000481377
      60.000000000      26.000000000      90.000000000     116.705004161       0.029025415       0.000461923
      60.000000000      26.000000000     180.000000000     146.000000000       0.037406910       0.000657626
      60.000000000      27.000000000       0.000000000      93.000000000       0.026889362       0.000490025
      60.000000000      27.000000000      90.000000000     116.455541824       0.029250258       0.000466476
      60.000000000      27.000000000     180.000000000     147.000000000       0.038143546       0.000675739
      60.000000000      28.000000000       0.000000000      92.000000000       0.027129467       0.000499667
      60.000000000      28.000000000      90.000000000     116.197953011       0.029485088       0.000471420
      60.000000000      28.000000000     180.000000000     148.000000000       0.038914717       0.000694737
      60.000000000      29.000000000       0.000000000      91.000000000       0.027405367       0.000509814
      60.000000000      29.000000000      90.000000000     115.932364776       0.029730435       0.000476664
      60.000000000      29.000000000     180.000000000     149.000000000       0.039678566       0.000714908
      60.000000000      30.000000000       0.000000000      90.000000000       0.027717096       0.000521023
      60.000000000      30.000000000      90.000000000     115.658906273       0.029979810       0.000482209
      60.000000000      30.000000000     180.000000000     150.000000000       0.040473390       0.000735530
      60.000000000      31.000000000       0.000000000      89.000000000       0.028070596       0.000533468
      60.000000000      31.000000000      90.000000000     115.377708569       0.030247276       0.000488636
      60.000000000      31.000000000     180.000000000     151.000000000       0.041259441       0.000756643
      60.000000000      32.000000000       0.000000000      88.000000000       0.028461754       0.000546184
      60.000000000      32.000000000      90.000000000     115.088904462       0.030525452       0.000495639
      60.000000000      32.000000000     180.000000000     152.000000000       0.042072450       0.000778711
      60.000000000      33.000000000       0.000000000      87.000000000       0.028902415       0.000560375
      60.000000000      33.000000000      90.000000000     114.792628303       0.030822898       0.000503171
      60.000000000      33.000000000     180.000000000     153.000000000       0.042877258       0.000801127
      60.000000000      34.000000000       0.000000000      86.000000000       0.029381000       0.000575577
      60.000000000      34.000000000      90.000000000     114.489015821       0.031125887       0.000511294
      60.000000000      34.000000000     180.000000000     154.000000000       0.043704748       0.000824590
      60.000000000      35.000000000       0.000000000      85.000000000       0.029917111       0.000591771
      60.000000000      35.000000000      90.000000000     114.178203960       0.031442051       0.000520076
      60.000000000      35.000000000     180.000000000     155.000000000       0.044538211       0.000848251
      60.000000000      36.000000000       0.000000000      84.000000000       0.030490697       0.000608910
      60.000000000      36.000000000      90.000000000     113.860330715       0.031771363       0.000529103
      60.000000000      36.000000000     180.000000000     156.000000000       0.045365097       0.000872545
      60.000000000      37.000000000       0.000000000      83.000000000       0.031128371       0.000627203
      60.000000000      37.000000000      90.000000000     113.535534978       0.032121233       0.000538735
      60.000000000      37.000000000     180.000000000     157.000000000       0.046210458       0.000897314
      60.000000000      38.000000000       0.000000000      82.000000000       0.031802053       0.000646819
      60.000000000      38.000000000      90.000000000     113.203956389       0.032479323       0.000549586
      60.000000000      38.000000000     180.000000000     158.000000000       0.047052289       0.000921980
      60.000000000      39.000000000       0.000000000      81.000000000       0.032546462       0.000667580
      60.000000000      39.000000000      90.000000000     112.865735196       0.032858216       0.000560537
      60.000000000      39.000000000     180.000000000     159.000000000       0.047909827       0.000947630
      60.000000000      40.000000000       0.000000000      80.000000000       0.033346335       0.000689427
      60.000000000      40.000000000      90.000000000     112.521012118       0.033252495       0.000571940
      60.000000000      40.000000000     180.000000000     160.000000000       0.048768865       0.000973823
      60.000000000      41.000000000       0.000000000      79.000000000       0.034178448       0.000712920
      60.000000000      41.000000000      90.000000000     112.169928217       0.033658382       0.000584152
      60.000000000      41.000000000     180.000000000     161.000000000       0.049641447       0.000999674
      60.000000000      42.000000000       0.000000000      78.000000000       0.035088215       0.000737700
      60.000000000      42.000000000      90.000000000     111.812624777       0.034086193       0.000597026
      60.000000000      42.000000000     180.000000000     162.000000000       0.050521003       0.001026397
      60.000000000      43.000000000       0.000000000      77.000000000       0.036027456       0.000763893
      60.000000000      43.000000000      90.000000000     111.449243191       0.034531850       0.000610705
      60.000000000      43.000000000     180.000000000     163.000000000       0.051414346       0.001053277
      60.000000000      44.000000000       0.000000000      76.000000000       0.037047353       0.000791270
      60.000000000      44.000000000      90.000000000     111.079924852       0.034995938       0.000624722
      60.000000000      44.000000000     180.000000000     164.000000000       0.052320404       0.001080121
      60.000000000      45.000000000       0.000000000      75.000000000       0.038094236       0.000820174
      60.000000000      45.000000000      90.000000000     110.704811055       0.035479189       0.000639206
      60.000000000      45.000000000     180.000000000     165.000000000       0.053241570       0.001107571
      60.000000000      46.000000000       0.000000000      74.000000000       0.039223702       0.000850908
      60.000000000      46.000000000      90.000000000     110.324042898       0.035982660       0.000654822
      60.000000000      46.000000000     180.000000000     166.000000000       0.054179519       0.001135372
      60.000000000      47.000000000       0.000000000      73.000000000       0.040377456       0.000882808
      60.000000000      47.000000000      90.000000000     109.937761204       0.036507097       0.000670508
      60.000000000      47.000000000     180.000000000     167.000000000       0.055140039       0.001163531
      60.000000000      48.000000000       0.000000000      72.000000000       0.041615055       0.000917197
      60.000000000      48.000000000      90.000000000     109.546106430       0.037053843       0.000687221
      60.000000000      48.000000000     180.000000000     168.000000000       0.056120518       0.001191499
      60.000000000      49.000000000       0.000000000      71.000000000       0.042876403       0.000952421
      60.000000000      49.000000000      90.000000000     109.149218605       0.037623499       0.000704382
      60.000000000      49.000000000     180.000000000     169.000000000       0.057131342       0.001220639
      60.000000000      50.000000000       0.000000000      70.000000000       0.044221562       0.000989744
      60.000000000      50.000000000      90.000000000     108.747237251       0.038217149       0.000722176
      60.000000000      50.000000000     180.000000000     170.000000000       0.058165781       0.001249225
      60.000000000      51.000000000       0.000000000      69.000000000       0.045620870       0.001028723
      60.000000000      51.000000000      90.000000000     108.340301333       0.038836574       0.000740890
      60.000000000      51.000000000     180.000000000     171.000000000       0.059237523       0.001277966
      60.000000000      52.000000000       0.000000000      68.000000000       0.047045446       0.001069388
      60.000000000      52.000000000      90.000000000     107.928549195       0.039481013       0.000760111
      60.000000000      52.000000000     180.000000000     172.000000000       0.060339323       0.001307434
      60.000000000      53.000000000       0.000000000      67.000000000       0.048554712       0.001112112
      60.000000000      53.000000000      90.000000000     107.512118518       0.040152991       0.000780220
      60.000000000      53.000000000     180.000000000     173.000000000       0.061484920       0.001337288
      60.000000000      54.000000000       0.000000000      66.000000000       0.050094531       0.001156788
      60.000000000      54.000000000      90.000000000     107.091146270       0.040852709       0.000800705
      60.000000000      54.000000000     180.000000000     174.000000000       0.062667427       0.001367830
      60.000000000      55.000000000       0.000000000      65.000000000       0.051720578       0.001203008
      60.000000000      55.000000000      90.000000000     106.665768674       0.041582675       0.000822451
      60.000000000      55.000000000     180.000000000     175.000000000       0.063900673       0.001398314
      60.000000000      56.000000000       0.000000000      64.000000000       0.053385079       0.001252067
      60.000000000      56.000000000      90.000000000     106.236121171       0.042341677       0.000844291
      60.000000000      56.000000000     180.000000000     176.000000000       0.065177577       0.001429243
      60.000000000      57.000000000       0.000000000      63.000000000       0.055142013       0.001302549
      60.000000000      57.000000000      90.000000000     105.802338394       0.043134624       0.000867626
      60.000000000      57.000000000     180.000000000     177.000000000       0.066508452       0.001460845
      60.000000000      58.000000000       0.000000000      62.000000000       0.056947138       0.001355868
      60.000000000      58.000000000      90.000000000     105.364554146       0.043958926       0.000891304
      60.000000000      58.000000000     180.000000000     178.000000000       0.067897686       0.001492886
      60.000000000      59.000000000       0.000000000      61.000000000       0.058853543       0.001410805
      60.000000000      59.000000000      90.000000000     104.922901380       0.044816881       0.000916397
      60.000000000      59.000000000     180.000000000     179.000000000       0.069342986       0.001525109
      60.000000000      60.000000000       0.000000000      60.000000000       0.060824077       0.001468810
      60.000000000      60.000000000      90.000000000     104.477512186       0.045715249       0.000942377
      60.000000000      60.000000000     180.000000000     180.000000000       0.070851018       0.001558779
      60.000000000      61.000000000       0.000000000      59.000000000       0.062910944       0.001528625
      60.000000000      61.000000000      90.000000000     104.028517782       0.046646626       0.000969387
      60.000000000      61.000000000     180.000000000     179.000000000       0.072423623       0.001592748
      60.000000000      62.000000000       0.000000000      58.000000000       0.065105646       0.001591301
      60.000000000      62.000000000      90.000000000     103.576048509       0.047616782       0.000997524
      60.000000000      62.000000000     180.000000000     178.000000000       0.074064937       0.001628118
      60.000000000      63.000000000       0.000000000      57.000000000       0.067390326       0.001657575
      60.000000000      63.000000000      90.000000000     103.120233826       0.048626057       0.001027954
      60.000000000      63.000000000     180.000000000     177.000000000       0.075772711       0.001664044
      60.000000000      64.000000000       0.000000000      56.000000000       0.069833479       0.001725999
      60.000000000      64.000000000      90.000000000     102.661202316       0.049678126       0.001059013
      60.000000000      64.000000000     180.000000000     176.000000000       0.077554654       0.001700153
      60.000000000      65.000000000       0.000000000      55.000000000       0.072392486       0.001797954
      60.000000000      65.000000000      90.000000000     102.199081690       0.050779582       0.001092160
      60.000000000      65.000000000     180.000000000     175.000000000       0.079409079       0.001737919
      60.000000000      66.000000000       0.000000000      54.000000000       0.075147900       0.001874037
      60.000000000      66.000000000      90.000000000     101.733998795       0.051918752       0.001126672
      60.000000000      66.000000000     180.000000000     174.000000000       0.081332520       0.001775946
      60.000000000      67.000000000       0.000000000      53.000000000       0.078046405       0.001954181
      60.000000000      67.000000000      90.000000000     101.266079624       0.053103884       0.001163913
      60.000000000      67.000000000     180.000000000     173.000000000       0.083335239       0.001816119
      60.000000000      68.000000000       0.000000000      52.000000000       0.081195788       0.002036730
      60.000000000      68.000000000      90.000000000     100.795449334       0.054335005       0.001203594
      60.000000000      68.000000000     180.000000000     172.000000000       0.085404103       0.001856746
      60.000000000      69.000000000       0.000000000      51.000000000       0.084516885       0.002126042
      60.000000000      69.000000000      90.000000000     100.322232261       0.055613012       0.001245163
      60.000000000      69.000000000     180.000000000     171.000000000       0.087552702       0.001899059
      60.000000000      70.000000000       0.000000000      50.000000000       0.088154476       0.002218358
      60.000000000      70.000000000      90.000000000      99.846551940       0.056937332       0.001290585
      60.000000000      70.000000000     180.000000000     170.000000000       0.089764161       0.001943514
      60.000000000      71.000000000       0.000000000      49.000000000       0.091993025       0.002316573
      60.000000000      71.000000000      90.000000000      99.368531127       0.058308260       0.001339160
      60.000000000      71.000000000     180.000000000     169.000000000       0.092048839       0.001988882
      60.000000000      72.000000000       0.000000000      48.000000000       0.096230689       0.002422040
      60.000000000      72.000000000      90.000000000      98.888291823       0.059725031       0.001392068
      60.000000000      72.000000000     180.000000000     168.000000000       0.094388951       0.002036630
      60.000000000      73.000000000       0.000000000      47.000000000       0.100824725       0.002535992
      60.000000000      73.000000000      90.000000000      98.405955301       0.061183984       0.001449258
      60.000000000      73.000000000     180.000000000     167.000000000       0.096791214       0.002085781
      60.000000000      74.000000000       0.000000000      46.000000000       0.105657888       0.002655294
      60.000000000      74.000000000      90.000000000      97.921642135       0.062670820       0.001511405
      60.000000000      74.000000000     180.000000000     166.000000000       0.099234598       0.002136775
      60.000000000      75.000000000       0.000000000      45.000000000       0.111040034       0.002788513
      60.000000000      75.000000000      90.000000000      97.435472226       0.064203492       0.001580637
      60.000000000      75.000000000     180.000000000     165.000000000       0.101716891       0.002191426
      60.000000000      76.000000000       0.000000000      44.000000000       0.116675199       0.002929744
      60.000000000      76.000000000      90.000000000      96.947564839       0.065759766       0.001657514
      60.000000000      76.000000000     180.000000000     164.000000000       0.104217401       0.002248883
      60.000000000      77.000000000       0.000000000      43.000000000       0.122962836       0.003088484
      60.000000000      77.000000000      90.000000000      96.458038631       0.067330518       0.001743003
      60.000000000      77.000000000     180.000000000     163.000000000       0.106716863       0.002309592
      60.000000000      78.000000000       0.000000000      42.000000000       0.129491571       0.003261571
      60.000000000      78.000000000      90.000000000      95.967011691       0.068899858       0.001840087
      60.000000000      78.000000000     180.000000000     162.000000000       0.109189297       0.002375951
      60.000000000      79.000000000       0.000000000      41.000000000       0.136775097       0.003459927
      60.000000000      79.000000000      90.000000000      95.474601570       0.070446028       0.001950467
      60.000000000      79.000000000     180.000000000     161.000000000       0.111609103       0.002447426
      60.000000000      80.000000000       0.000000000      40.000000000       0.144243110       0.003681700
      60.000000000      80.000000000      90.000000000      94.980925322       0.071932975       0.002078687
      60.000000000      80.000000000     180.000000000     160.000000000       0.113922888       0.002527746
      60.000000000      81.000000000       0.000000000      39.000000000       0.152534344       0.003946053
      60.000000000      81.000000000      90.000000000      94.486099541       0.073348458       0.002227791
      60.000000000      81.000000000     180.000000000     159.000000000       0.116103894       0.002619403
      60.000000000      82.000000000       0.000000000      38.000000000       0.161321227       0.004263597
      60.000000000      82.000000000      90.000000000      93.990240398       0.074637856       0.002403796
      60.000000000      82.000000000     180.000000000     158.000000000       0.118063170       0.002726751
      60.000000000      83.000000000       0.000000000      37.000000000       0.170079903       0.004635935
      60.000000000      83.000000000      90.000000000      93.493463685       0.075754835       0.002615842
      60.000000000      83.000000000     180.000000000     157.000000000       0.119774645       0.002855371
      60.000000000      84.000000000       0.000000000      36.000000000       0.179680119       0.005113266
      60.000000000      84.000000000      90.000000000      92.995884851       0.076647982       0.002872173
      60.000000000      84.000000000     180.000000000     156.000000000       0.121119084       0.003012407
      60.000000000      85.000000000       0.000000000      35.000000000       0.189033088       0.005701875
      60.000000000      85.000000000      90.000000000      92.497619045       0.077261373       0.003189638
      60.000000000      85.000000000     180.000000000     155.000000000       0.122091591       0.003206159
      60.000000000      86.000000000       0.000000000      34.000000000       0.199240880       0.006491745
      60.000000000      86.000000000      90.000000000      91.998781159       0.077561667       0.003589087
      60.000000000      86.000000000     180.000000000     154.000000000       0.122581844       0.003448798
      60.000000000      87.000000000       0.000000000      33.000000000       0.209052947       0.007527195
      60.000000000      87.000000000      90.000000000      91.499485870       0.077504079       0.004116883
      60.000000000      87.000000000     180.000000000     153.000000000       0.122586343       0.003760422
      60.000000000      88.000000000       0.000000000      32.000000000       0.219902557       0.009150609
      60.000000000      88.000000000      90.000000000      90.999847680       0.076999610       0.004894663
      60.000000000      88.000000000     180.000000000     152.000000000       0.122107609       0.004283972
      60.000000000      89.000000000       0.000000000      31.000000000       0.230575935       0.013242001
      60.000000000      89.000000000      90.000000000      90.499980961       0.075745038       0.006439016
      60.000000000      89.000000000     180.000000000     151.000000000       0.120895725       0.006059679
