# ARTDECO : output file
# Radiances at the top of the atmosphere
#
# The single scattering intensity correction was not apply
#
# Result given for each geometry
# sza : solar zenith angle(s) (degree)
# vza : view  zenith angle(s) (degree)
# vaa : view azimuthal angle(s) (degree)
#
# total number of geometries
         270
# nsza, nvza, nvaa
           1          90           3
# number of elements of the Stokes vector
# 4 = full polarization, 3 = 3x3 approximation, 1 = scalar
           1
# number of wavelengths
           1
##################
# Wavelength (microns) 
       0.412000000
# CPU time for RT in sec(s) 
     0.272658539E+01
#         sza               vza              vaa              theta              I                 dI
      60.000000000       0.000000000       0.000000000     120.000000000       0.026278120       0.000000000
      60.000000000       0.000000000      90.000000000     120.000000000       0.026278120       0.000000000
      60.000000000       0.000000000     180.000000000     120.000000000       0.026278120       0.000000000
      60.000000000       1.000000000       0.000000000     119.000000000       0.026138369       0.000000000
      60.000000000       1.000000000      90.000000000     119.994961924       0.026281234       0.000000000
      60.000000000       1.000000000     180.000000000     121.000000000       0.026508934       0.000000000
      60.000000000       2.000000000       0.000000000     118.000000000       0.026079748       0.000000000
      60.000000000       2.000000000      90.000000000     119.979850765       0.026290594       0.000000000
      60.000000000       2.000000000     180.000000000     122.000000000       0.026789672       0.000000000
      60.000000000       3.000000000       0.000000000     117.000000000       0.026047386       0.000000000
      60.000000000       3.000000000      90.000000000     119.954675720       0.026306264       0.000000000
      60.000000000       3.000000000     180.000000000     123.000000000       0.027056057       0.000000000
      60.000000000       4.000000000       0.000000000     116.000000000       0.025977852       0.000000000
      60.000000000       4.000000000      90.000000000     119.919452093       0.026328352       0.000000000
      60.000000000       4.000000000     180.000000000     124.000000000       0.027263846       0.000000000
      60.000000000       5.000000000       0.000000000     115.000000000       0.025841635       0.000000000
      60.000000000       5.000000000      90.000000000     119.874201258       0.026357009       0.000000000
      60.000000000       5.000000000     180.000000000     125.000000000       0.027418404       0.000000000
      60.000000000       6.000000000       0.000000000     114.000000000       0.025663243       0.000000000
      60.000000000       6.000000000      90.000000000     119.818950607       0.026392428       0.000000000
      60.000000000       6.000000000     180.000000000     126.000000000       0.027571058       0.000000000
      60.000000000       7.000000000       0.000000000     113.000000000       0.025505136       0.000000000
      60.000000000       7.000000000      90.000000000     119.753733483       0.026434827       0.000000000
      60.000000000       7.000000000     180.000000000     127.000000000       0.027784805       0.000000000
      60.000000000       8.000000000       0.000000000     112.000000000       0.025425828       0.000000000
      60.000000000       8.000000000      90.000000000     119.678589103       0.026484443       0.000000000
      60.000000000       8.000000000     180.000000000     128.000000000       0.028092318       0.000000000
      60.000000000       9.000000000       0.000000000     111.000000000       0.025440054       0.000000000
      60.000000000       9.000000000      90.000000000     119.593562462       0.026541527       0.000000000
      60.000000000       9.000000000     180.000000000     129.000000000       0.028474308       0.000000000
      60.000000000      10.000000000       0.000000000     110.000000000       0.025507945       0.000000000
      60.000000000      10.000000000      90.000000000     119.498704231       0.026606347       0.000000000
      60.000000000      10.000000000     180.000000000     130.000000000       0.028872715       0.000000000
      60.000000000      11.000000000       0.000000000     109.000000000       0.025561089       0.000000000
      60.000000000      11.000000000      90.000000000     119.394070634       0.026679198       0.000000000
      60.000000000      11.000000000     180.000000000     131.000000000       0.029230013       0.000000000
      60.000000000      12.000000000       0.000000000     108.000000000       0.025548592       0.000000000
      60.000000000      12.000000000      90.000000000     119.279723324       0.026760416       0.000000000
      60.000000000      12.000000000     180.000000000     132.000000000       0.029528449       0.000000000
      60.000000000      13.000000000       0.000000000     107.000000000       0.025472386       0.000000000
      60.000000000      13.000000000      90.000000000     119.155729238       0.026850373       0.000000000
      60.000000000      13.000000000     180.000000000     133.000000000       0.029802989       0.000000000
      60.000000000      14.000000000       0.000000000     106.000000000       0.025387612       0.000000000
      60.000000000      14.000000000      90.000000000     119.022160452       0.026949464       0.000000000
      60.000000000      14.000000000     180.000000000     134.000000000       0.030119109       0.000000000
      60.000000000      15.000000000       0.000000000     105.000000000       0.025366915       0.000000000
      60.000000000      15.000000000      90.000000000     118.879094017       0.027058079       0.000000000
      60.000000000      15.000000000     180.000000000     135.000000000       0.030530012       0.000000000
      60.000000000      16.000000000       0.000000000     104.000000000       0.025451911       0.000000000
      60.000000000      16.000000000      90.000000000     118.726611796       0.027176567       0.000000000
      60.000000000      16.000000000     180.000000000     136.000000000       0.031041741       0.000000000
      60.000000000      17.000000000       0.000000000     103.000000000       0.025624375       0.000000000
      60.000000000      17.000000000      90.000000000     118.564800285       0.027305214       0.000000000
      60.000000000      17.000000000     180.000000000     137.000000000       0.031609733       0.000000000
      60.000000000      18.000000000       0.000000000     102.000000000       0.025817268       0.000000000
      60.000000000      18.000000000      90.000000000     118.393750435       0.027444217       0.000000000
      60.000000000      18.000000000     180.000000000     138.000000000       0.032169711       0.000000000
      60.000000000      19.000000000       0.000000000     101.000000000       0.025959317       0.000000000
      60.000000000      19.000000000      90.000000000     118.213557466       0.027593676       0.000000000
      60.000000000      19.000000000     180.000000000     139.000000000       0.032682919       0.000000000
      60.000000000      20.000000000       0.000000000     100.000000000       0.026023905       0.000000000
      60.000000000      20.000000000      90.000000000     118.024320674       0.027753584       0.000000000
      60.000000000      20.000000000     180.000000000     140.000000000       0.033165723       0.000000000
      60.000000000      21.000000000       0.000000000      99.000000000       0.026049177       0.000000000
      60.000000000      21.000000000      90.000000000     117.826143233       0.027923814       0.000000000
      60.000000000      21.000000000     180.000000000     141.000000000       0.033683307       0.000000000
      60.000000000      22.000000000       0.000000000      98.000000000       0.026114699       0.000000000
      60.000000000      22.000000000      90.000000000     117.619132006       0.028104098       0.000000000
      60.000000000      22.000000000     180.000000000     142.000000000       0.034310422       0.000000000
      60.000000000      23.000000000       0.000000000      97.000000000       0.026289033       0.000000000
      60.000000000      23.000000000      90.000000000     117.403397336       0.028294002       0.000000000
      60.000000000      23.000000000     180.000000000     143.000000000       0.035083780       0.000000000
      60.000000000      24.000000000       0.000000000      96.000000000       0.026582879       0.000000000
      60.000000000      24.000000000      90.000000000     117.179052852       0.028492926       0.000000000
      60.000000000      24.000000000     180.000000000     144.000000000       0.035976495       0.000000000
      60.000000000      25.000000000       0.000000000      95.000000000       0.026939958       0.000000000
      60.000000000      25.000000000      90.000000000     116.946215263       0.028700112       0.000000000
      60.000000000      25.000000000     180.000000000     145.000000000       0.036911027       0.000000000
      60.000000000      26.000000000       0.000000000      94.000000000       0.027273372       0.000000000
      60.000000000      26.000000000      90.000000000     116.705004161       0.028914692       0.000000000
      60.000000000      26.000000000     180.000000000     146.000000000       0.037802336       0.000000000
      60.000000000      27.000000000       0.000000000      93.000000000       0.027524486       0.000000000
      60.000000000      27.000000000      90.000000000     116.455541824       0.029135756       0.000000000
      60.000000000      27.000000000     180.000000000     147.000000000       0.038603601       0.000000000
      60.000000000      28.000000000       0.000000000      92.000000000       0.027705057       0.000000000
      60.000000000      28.000000000      90.000000000     116.197953011       0.029362441       0.000000000
      60.000000000      28.000000000     180.000000000     148.000000000       0.039325580       0.000000000
      60.000000000      29.000000000       0.000000000      91.000000000       0.027893053       0.000000000
      60.000000000      29.000000000      90.000000000     115.932364776       0.029594025       0.000000000
      60.000000000      29.000000000     180.000000000     149.000000000       0.040018401       0.000000000
      60.000000000      30.000000000       0.000000000      90.000000000       0.028182879       0.000000000
      60.000000000      30.000000000      90.000000000     115.658906273       0.029830027       0.000000000
      60.000000000      30.000000000     180.000000000     150.000000000       0.040729545       0.000000000
      60.000000000      31.000000000       0.000000000      89.000000000       0.028621925       0.000000000
      60.000000000      31.000000000      90.000000000     115.377708569       0.030070310       0.000000000
      60.000000000      31.000000000     180.000000000     151.000000000       0.041467477       0.000000000
      60.000000000      32.000000000       0.000000000      88.000000000       0.029176232       0.000000000
      60.000000000      32.000000000      90.000000000     115.088904462       0.030315183       0.000000000
      60.000000000      32.000000000     180.000000000     152.000000000       0.042196202       0.000000000
      60.000000000      33.000000000       0.000000000      87.000000000       0.029750309       0.000000000
      60.000000000      33.000000000      90.000000000     114.792628303       0.030565497       0.000000000
      60.000000000      33.000000000     180.000000000     153.000000000       0.042864654       0.000000000
      60.000000000      34.000000000       0.000000000      86.000000000       0.030250337       0.000000000
      60.000000000      34.000000000      90.000000000     114.489015821       0.030822730       0.000000000
      60.000000000      34.000000000     180.000000000     154.000000000       0.043450427       0.000000000
      60.000000000      35.000000000       0.000000000      85.000000000       0.030649725       0.000000000
      60.000000000      35.000000000      90.000000000     114.178203960       0.031089022       0.000000000
      60.000000000      35.000000000     180.000000000     155.000000000       0.043986592       0.000000000
      60.000000000      36.000000000       0.000000000      84.000000000       0.031012132       0.000000000
      60.000000000      36.000000000      90.000000000     113.860330715       0.031367142       0.000000000
      60.000000000      36.000000000     180.000000000     156.000000000       0.044550873       0.000000000
      60.000000000      37.000000000       0.000000000      83.000000000       0.031453730       0.000000000
      60.000000000      37.000000000      90.000000000     113.535534978       0.031660390       0.000000000
      60.000000000      37.000000000     180.000000000     157.000000000       0.045221890       0.000000000
      60.000000000      38.000000000       0.000000000      82.000000000       0.032067113       0.000000000
      60.000000000      38.000000000      90.000000000     113.203956389       0.031972398       0.000000000
      60.000000000      38.000000000     180.000000000     158.000000000       0.046030575       0.000000000
      60.000000000      39.000000000       0.000000000      81.000000000       0.032856931       0.000000000
      60.000000000      39.000000000      90.000000000     112.865735196       0.032306879       0.000000000
      60.000000000      39.000000000     180.000000000     159.000000000       0.046940126       0.000000000
      60.000000000      40.000000000       0.000000000      80.000000000       0.033732323       0.000000000
      60.000000000      40.000000000      90.000000000     112.521012118       0.032667323       0.000000000
      60.000000000      40.000000000     180.000000000     160.000000000       0.047870414       0.000000000
      60.000000000      41.000000000       0.000000000      79.000000000       0.034564972       0.000000000
      60.000000000      41.000000000      90.000000000     112.169928217       0.033056676       0.000000000
      60.000000000      41.000000000     180.000000000     161.000000000       0.048753236       0.000000000
      60.000000000      42.000000000       0.000000000      78.000000000       0.035277038       0.000000000
      60.000000000      42.000000000      90.000000000     111.812624777       0.033477034       0.000000000
      60.000000000      42.000000000     180.000000000     162.000000000       0.049582693       0.000000000
      60.000000000      43.000000000       0.000000000      77.000000000       0.035900244       0.000000000
      60.000000000      43.000000000      90.000000000     111.449243191       0.033929371       0.000000000
      60.000000000      43.000000000     180.000000000     163.000000000       0.050425657       0.000000000
      60.000000000      44.000000000       0.000000000      76.000000000       0.036563303       0.000000000
      60.000000000      44.000000000      90.000000000     111.079924852       0.034413336       0.000000000
      60.000000000      44.000000000     180.000000000     164.000000000       0.051381966       0.000000000
      60.000000000      45.000000000       0.000000000      75.000000000       0.037411272       0.000000000
      60.000000000      45.000000000      90.000000000     110.704811055       0.034927168       0.000000000
      60.000000000      45.000000000     180.000000000     165.000000000       0.052517448       0.000000000
      60.000000000      46.000000000       0.000000000      74.000000000       0.038507668       0.000000000
      60.000000000      46.000000000      90.000000000     110.324042898       0.035467762       0.000000000
      60.000000000      46.000000000     180.000000000     166.000000000       0.053813345       0.000000000
      60.000000000      47.000000000       0.000000000      73.000000000       0.039785857       0.000000000
      60.000000000      47.000000000      90.000000000     109.937761204       0.036030926       0.000000000
      60.000000000      47.000000000     180.000000000     167.000000000       0.055168505       0.000000000
      60.000000000      48.000000000       0.000000000      72.000000000       0.041087181       0.000000000
      60.000000000      48.000000000      90.000000000     109.546106430       0.036611841       0.000000000
      60.000000000      48.000000000     180.000000000     168.000000000       0.056458578       0.000000000
      60.000000000      49.000000000       0.000000000      71.000000000       0.042266262       0.000000000
      60.000000000      49.000000000      90.000000000     109.149218605       0.037205694       0.000000000
      60.000000000      49.000000000     180.000000000     169.000000000       0.057618851       0.000000000
      60.000000000      50.000000000       0.000000000      70.000000000       0.043295875       0.000000000
      60.000000000      50.000000000      90.000000000     108.747237251       0.037808416       0.000000000
      60.000000000      50.000000000     180.000000000     170.000000000       0.058698636       0.000000000
      60.000000000      51.000000000       0.000000000      69.000000000       0.044298554       0.000000000
      60.000000000      51.000000000      90.000000000     108.340301333       0.038417436       0.000000000
      60.000000000      51.000000000     180.000000000     171.000000000       0.059848796       0.000000000
      60.000000000      52.000000000       0.000000000      68.000000000       0.045476814       0.000000000
      60.000000000      52.000000000      90.000000000     107.928549195       0.039032336       0.000000000
      60.000000000      52.000000000     180.000000000     172.000000000       0.061243630       0.000000000
      60.000000000      53.000000000       0.000000000      67.000000000       0.046981722       0.000000000
      60.000000000      53.000000000      90.000000000     107.512118518       0.039655295       0.000000000
      60.000000000      53.000000000     180.000000000     173.000000000       0.062979976       0.000000000
      60.000000000      54.000000000       0.000000000      66.000000000       0.048805846       0.000000000
      60.000000000      54.000000000      90.000000000     107.091146270       0.040291261       0.000000000
      60.000000000      54.000000000     180.000000000     174.000000000       0.065013745       0.000000000
      60.000000000      55.000000000       0.000000000      65.000000000       0.050777386       0.000000000
      60.000000000      55.000000000      90.000000000     106.665768674       0.040947774       0.000000000
      60.000000000      55.000000000     180.000000000     175.000000000       0.067174496       0.000000000
      60.000000000      56.000000000       0.000000000      64.000000000       0.052669010       0.000000000
      60.000000000      56.000000000      90.000000000     106.236121171       0.041634435       0.000000000
      60.000000000      56.000000000     180.000000000     176.000000000       0.069252701       0.000000000
      60.000000000      57.000000000       0.000000000      63.000000000       0.054356388       0.000000000
      60.000000000      57.000000000      90.000000000     105.802338394       0.042362027       0.000000000
      60.000000000      57.000000000     180.000000000     177.000000000       0.071109424       0.000000000
      60.000000000      58.000000000       0.000000000      62.000000000       0.055920491       0.000000000
      60.000000000      58.000000000      90.000000000     105.364554146       0.043141344       0.000000000
      60.000000000      58.000000000     180.000000000     178.000000000       0.072742852       0.000000000
      60.000000000      59.000000000       0.000000000      61.000000000       0.057616440       0.000000000
      60.000000000      59.000000000      90.000000000     104.922901380       0.043981858       0.000000000
      60.000000000      59.000000000     180.000000000     179.000000000       0.074270958       0.000000000
      60.000000000      60.000000000       0.000000000      60.000000000       0.059716972       0.000000000
      60.000000000      60.000000000      90.000000000     104.477512186       0.044890385       0.000000000
      60.000000000      60.000000000     180.000000000     180.000000000       0.075840883       0.000000000
      60.000000000      61.000000000       0.000000000      59.000000000       0.062327043       0.000000000
      60.000000000      61.000000000      90.000000000     104.028517782       0.045869990       0.000000000
      60.000000000      61.000000000     180.000000000     179.000000000       0.077521796       0.000000000
      60.000000000      62.000000000       0.000000000      58.000000000       0.065296680       0.000000000
      60.000000000      62.000000000      90.000000000     103.576048509       0.046919338       0.000000000
      60.000000000      62.000000000     180.000000000     178.000000000       0.079250037       0.000000000
      60.000000000      63.000000000       0.000000000      57.000000000       0.068304370       0.000000000
      60.000000000      63.000000000      90.000000000     103.120233826       0.048032701       0.000000000
      60.000000000      63.000000000     180.000000000     177.000000000       0.080864244       0.000000000
      60.000000000      64.000000000       0.000000000      56.000000000       0.071071949       0.000000000
      60.000000000      64.000000000      90.000000000     102.661202316       0.049200669       0.000000000
      60.000000000      64.000000000     180.000000000     176.000000000       0.082212041       0.000000000
      60.000000000      65.000000000       0.000000000      55.000000000       0.073575089       0.000000000
      60.000000000      65.000000000      90.000000000     102.199081690       0.050411550       0.000000000
      60.000000000      65.000000000     180.000000000     175.000000000       0.083263163       0.000000000
      60.000000000      66.000000000       0.000000000      54.000000000       0.076100337       0.000000000
      60.000000000      66.000000000      90.000000000     101.733998795       0.051653241       0.000000000
      60.000000000      66.000000000     180.000000000     174.000000000       0.084156435       0.000000000
      60.000000000      67.000000000       0.000000000      53.000000000       0.079089313       0.000000000
      60.000000000      67.000000000      90.000000000     101.266079624       0.052915317       0.000000000
      60.000000000      67.000000000     180.000000000     173.000000000       0.085145977       0.000000000
      60.000000000      68.000000000       0.000000000      52.000000000       0.082852974       0.000000000
      60.000000000      68.000000000      90.000000000     100.795449334       0.054190989       0.000000000
      60.000000000      68.000000000     180.000000000     172.000000000       0.086473298       0.000000000
      60.000000000      69.000000000       0.000000000      51.000000000       0.087341193       0.000000000
      60.000000000      69.000000000      90.000000000     100.322232261       0.055478620       0.000000000
      60.000000000      69.000000000     180.000000000     171.000000000       0.088239018       0.000000000
      60.000000000      70.000000000       0.000000000      50.000000000       0.092138389       0.000000000
      60.000000000      70.000000000      90.000000000      99.846551940       0.056782493       0.000000000
      60.000000000      70.000000000     180.000000000     170.000000000       0.090351006       0.000000000
      60.000000000      71.000000000       0.000000000      49.000000000       0.096719500       0.000000000
      60.000000000      71.000000000      90.000000000      99.368531127       0.058112636       0.000000000
      60.000000000      71.000000000     180.000000000     169.000000000       0.092581468       0.000000000
      60.000000000      72.000000000       0.000000000      48.000000000       0.100821162       0.000000000
      60.000000000      72.000000000      90.000000000      98.888291823       0.059483523       0.000000000
      60.000000000      72.000000000     180.000000000     168.000000000       0.094700149       0.000000000
      60.000000000      73.000000000       0.000000000      47.000000000       0.104680404       0.000000000
      60.000000000      73.000000000      90.000000000      98.405955301       0.060911658       0.000000000
      60.000000000      73.000000000     180.000000000     167.000000000       0.096604389       0.000000000
      60.000000000      74.000000000       0.000000000      46.000000000       0.108950451       0.000000000
      60.000000000      74.000000000      90.000000000      97.921642135       0.062412166       0.000000000
      60.000000000      74.000000000     180.000000000     166.000000000       0.098368298       0.000000000
      60.000000000      75.000000000       0.000000000      45.000000000       0.114303525       0.000000000
      60.000000000      75.000000000      90.000000000      97.435472226       0.063994744       0.000000000
      60.000000000      75.000000000     180.000000000     165.000000000       0.100182769       0.000000000
      60.000000000      76.000000000       0.000000000      44.000000000       0.120954602       0.000000000
      60.000000000      76.000000000      90.000000000      96.947564839       0.065659553       0.000000000
      60.000000000      76.000000000     180.000000000     164.000000000       0.102225107       0.000000000
      60.000000000      77.000000000       0.000000000      43.000000000       0.128433655       0.000000000
      60.000000000      77.000000000      90.000000000      96.458038631       0.067393747       0.000000000
      60.000000000      77.000000000     180.000000000     163.000000000       0.104540173       0.000000000
      60.000000000      78.000000000       0.000000000      42.000000000       0.135810245       0.000000000
      60.000000000      78.000000000      90.000000000      95.967011691       0.069169365       0.000000000
      60.000000000      78.000000000     180.000000000     162.000000000       0.107006757       0.000000000
      60.000000000      79.000000000       0.000000000      41.000000000       0.142285056       0.000000000
      60.000000000      79.000000000      90.000000000      95.474601570       0.070943051       0.000000000
      60.000000000      79.000000000     180.000000000     161.000000000       0.109408219       0.000000000
      60.000000000      80.000000000       0.000000000      40.000000000       0.147784965       0.000000000
      60.000000000      80.000000000      90.000000000      94.980925322       0.072657763       0.000000000
      60.000000000      80.000000000     180.000000000     160.000000000       0.111559566       0.000000000
      60.000000000      81.000000000       0.000000000      39.000000000       0.153130749       0.000000000
      60.000000000      81.000000000      90.000000000      94.486099541       0.074246158       0.000000000
      60.000000000      81.000000000     180.000000000     159.000000000       0.113406787       0.000000000
      60.000000000      82.000000000       0.000000000      38.000000000       0.159575407       0.000000000
      60.000000000      82.000000000      90.000000000      93.990240398       0.075635035       0.000000000
      60.000000000      82.000000000     180.000000000     158.000000000       0.115032269       0.000000000
      60.000000000      83.000000000       0.000000000      37.000000000       0.167927503       0.000000000
      60.000000000      83.000000000      90.000000000      93.493463685       0.076750108       0.000000000
      60.000000000      83.000000000     180.000000000     157.000000000       0.116561570       0.000000000
      60.000000000      84.000000000       0.000000000      36.000000000       0.177814951       0.000000000
      60.000000000      84.000000000      90.000000000      92.995884851       0.077520195       0.000000000
      60.000000000      84.000000000     180.000000000     156.000000000       0.118031919       0.000000000
      60.000000000      85.000000000       0.000000000      35.000000000       0.187648495       0.000000000
      60.000000000      85.000000000      90.000000000      92.497619045       0.077879081       0.000000000
      60.000000000      85.000000000     180.000000000     155.000000000       0.119307562       0.000000000
      60.000000000      86.000000000       0.000000000      34.000000000       0.195437235       0.000000000
      60.000000000      86.000000000      90.000000000      91.998781159       0.077760410       0.000000000
      60.000000000      86.000000000     180.000000000     154.000000000       0.120091352       0.000000000
      60.000000000      87.000000000       0.000000000      33.000000000       0.199998546       0.000000000
      60.000000000      87.000000000      90.000000000      91.499485870       0.077075283       0.000000000
      60.000000000      87.000000000     180.000000000     153.000000000       0.120004908       0.000000000
      60.000000000      88.000000000       0.000000000      32.000000000       0.201689466       0.000000000
      60.000000000      88.000000000      90.000000000      90.999847680       0.075656443       0.000000000
      60.000000000      88.000000000     180.000000000     152.000000000       0.118640546       0.000000000
      60.000000000      89.000000000       0.000000000      31.000000000       0.201822977       0.000000000
      60.000000000      89.000000000      90.000000000      90.499980961       0.073122564       0.000000000
      60.000000000      89.000000000     180.000000000     151.000000000       0.115432185       0.000000000
