# ARTDECO : output file
# Radiances at the top of the atmosphere
#   
# Result given for each geometry
# sza : solar zenith angle(s) (degree)
# vza : view  zenith angle(s) (degree)
# vaa : view azimuthal angle(s) (degree)
#
# total number of geometries
         270
# nsza, nvza, nvaa
           1          90           3
# number of elements of the Stokes vector
# 4 = full polarization, 3 = 3x3 approximation, 1 = scalar
           3
# number of wavelengths
           1
##################
# Wavelength (microns) 
       0.412000000
# CPU time for RT in sec(s) 
     0.893874054E+02
#         sza               vza              vaa               theta              I                 Q                U                 dI                dQ                dU              Polar. (%)
      60.000000000       0.000000000       0.000000000     120.000000000       0.021867427      -0.004940828      -0.000000000       0.000000000       0.000000000       0.000000000      22.594463656
      60.000000000       0.000000000      90.000000000     120.000000000       0.021867427       0.004940828      -0.000000000       0.000000000       0.000000000       0.000000000      22.594463656
      60.000000000       0.000000000     180.000000000     120.000000000       0.021867427      -0.004940828       0.000000000       0.000000000       0.000000000       0.000000000      22.594463656
      60.000000000       1.000000000       0.000000000     119.000000000       0.021666512      -0.004903506       0.000000000       0.000000000       0.000000000       0.000000000      22.631726848
      60.000000000       1.000000000      90.000000000     119.994961924       0.021868835       0.004940285      -0.000102862       0.000000000       0.000000000       0.000000000      22.595422114
      60.000000000       1.000000000     180.000000000     121.000000000       0.022076030      -0.004985353       0.000000000       0.000000000       0.000000000       0.000000000      22.582653702
      60.000000000       2.000000000       0.000000000     118.000000000       0.021451157      -0.004814006       0.000000000       0.000000000       0.000000000       0.000000000      22.441707530
      60.000000000       2.000000000      90.000000000     119.979850765       0.021873271       0.004938639      -0.000205655       0.000000000       0.000000000       0.000000000      22.597989109
      60.000000000       2.000000000     180.000000000     122.000000000       0.022228333      -0.004988087       0.000000000       0.000000000       0.000000000       0.000000000      22.440218693
      60.000000000       3.000000000       0.000000000     117.000000000       0.021261230      -0.004757444       0.000000000       0.000000000       0.000000000       0.000000000      22.376148554
      60.000000000       3.000000000      90.000000000     119.954675720       0.021881313       0.004935847      -0.000308316       0.000000000       0.000000000       0.000000000      22.601329219
      60.000000000       3.000000000     180.000000000     123.000000000       0.022381390      -0.004952220       0.000000000       0.000000000       0.000000000       0.000000000      22.126506497
      60.000000000       4.000000000       0.000000000     116.000000000       0.021072174      -0.004697299      -0.000000000       0.000000000       0.000000000       0.000000000      22.291478805
      60.000000000       4.000000000      90.000000000     119.919452093       0.021893719       0.004931846      -0.000410792       0.000000000       0.000000000       0.000000000      22.604312110
      60.000000000       4.000000000     180.000000000     124.000000000       0.022500258      -0.004884393       0.000000000       0.000000000       0.000000000       0.000000000      21.708162877
      60.000000000       5.000000000       0.000000000     115.000000000       0.020953801      -0.004669622      -0.000000000       0.000000000       0.000000000       0.000000000      22.285323101
      60.000000000       5.000000000      90.000000000     119.874201258       0.021910594       0.004926860      -0.000513066       0.000000000       0.000000000       0.000000000      22.607797810
      60.000000000       5.000000000     180.000000000     125.000000000       0.022622391      -0.004798320       0.000000000       0.000000000       0.000000000       0.000000000      21.210491039
      60.000000000       6.000000000       0.000000000     114.000000000       0.020847205      -0.004656227      -0.000000000       0.000000000       0.000000000       0.000000000      22.335016682
      60.000000000       6.000000000      90.000000000     119.818950607       0.021932871       0.004920658      -0.000615089       0.000000000       0.000000000       0.000000000      22.609681845
      60.000000000       6.000000000     180.000000000     126.000000000       0.022707415      -0.004657353       0.000000000       0.000000000       0.000000000       0.000000000      20.510273904
      60.000000000       7.000000000       0.000000000     113.000000000       0.020792631      -0.004666755      -0.000000000       0.000000000       0.000000000       0.000000000      22.444273618
      60.000000000       7.000000000      90.000000000     119.753733483       0.021959939       0.004913909      -0.000716915       0.000000000       0.000000000       0.000000000      22.613592058
      60.000000000       7.000000000     180.000000000     127.000000000       0.022812753      -0.004533198       0.000000000       0.000000000       0.000000000       0.000000000      19.871333066
      60.000000000       8.000000000       0.000000000     112.000000000       0.020744370      -0.004684189       0.000000000       0.000000000       0.000000000       0.000000000      22.580533003
      60.000000000       8.000000000      90.000000000     119.678589103       0.021992085       0.004906605      -0.000818525       0.000000000       0.000000000       0.000000000      22.619094610
      60.000000000       8.000000000     180.000000000     128.000000000       0.022920457      -0.004389514       0.000000000       0.000000000       0.000000000       0.000000000      19.151077250
      60.000000000       9.000000000       0.000000000     111.000000000       0.020732393      -0.004706232       0.000000000       0.000000000       0.000000000       0.000000000      22.699897839
      60.000000000       9.000000000      90.000000000     119.593562462       0.022028910       0.004899168      -0.000919952       0.000000000       0.000000000       0.000000000      22.628412907
      60.000000000       9.000000000     180.000000000     129.000000000       0.023046129      -0.004265831       0.000000000       0.000000000       0.000000000       0.000000000      18.509965996
      60.000000000      10.000000000       0.000000000     110.000000000       0.020730298      -0.004741575       0.000000000       0.000000000       0.000000000       0.000000000      22.872683736
      60.000000000      10.000000000      90.000000000     119.498704231       0.022070033       0.004891899      -0.001021215       0.000000000       0.000000000       0.000000000      22.643171020
      60.000000000      10.000000000     180.000000000     130.000000000       0.023215154      -0.004145205       0.000000000       0.000000000       0.000000000       0.000000000      17.855601441
      60.000000000      11.000000000       0.000000000     109.000000000       0.020758931      -0.004783571       0.000000000       0.000000000       0.000000000       0.000000000      23.043437074
      60.000000000      11.000000000      90.000000000     119.394070634       0.022115261       0.004884695      -0.001122254       0.000000000       0.000000000       0.000000000      22.662883195
      60.000000000      11.000000000     180.000000000     131.000000000       0.023448856      -0.004048869       0.000000000       0.000000000       0.000000000       0.000000000      17.266810320
      60.000000000      12.000000000       0.000000000     108.000000000       0.020825957      -0.004829666      -0.000000000       0.000000000       0.000000000       0.000000000      23.190609245
      60.000000000      12.000000000      90.000000000     119.279723324       0.022164706       0.004876954      -0.001222875       0.000000000       0.000000000       0.000000000      22.684405826
      60.000000000      12.000000000     180.000000000     132.000000000       0.023757602      -0.003992608       0.000000000       0.000000000       0.000000000       0.000000000      16.805601091
      60.000000000      13.000000000       0.000000000     107.000000000       0.020908180      -0.004861599      -0.000000000       0.000000000       0.000000000       0.000000000      23.252139437
      60.000000000      13.000000000      90.000000000     119.155729238       0.022218750       0.004867748      -0.001322770       0.000000000       0.000000000       0.000000000      22.702774127
      60.000000000      13.000000000     180.000000000     133.000000000       0.024213525      -0.003990985       0.000000000       0.000000000       0.000000000       0.000000000      16.482461169
      60.000000000      14.000000000       0.000000000     106.000000000       0.021024559      -0.004922469      -0.000000000       0.000000000       0.000000000       0.000000000      23.412946214
      60.000000000      14.000000000      90.000000000     119.022160452       0.022277223       0.004855829      -0.001421484       0.000000000       0.000000000       0.000000000      22.712049308
      60.000000000      14.000000000     180.000000000     134.000000000       0.024810509      -0.004100505       0.000000000       0.000000000       0.000000000       0.000000000      16.527291960
      60.000000000      15.000000000       0.000000000     105.000000000       0.021171110      -0.004945725       0.000000000       0.000000000       0.000000000       0.000000000      23.360724667
      60.000000000      15.000000000      90.000000000     118.879094017       0.022341088       0.004840810      -0.001518749       0.000000000       0.000000000       0.000000000      22.709118227
      60.000000000      15.000000000     180.000000000     135.000000000       0.025632570      -0.004358182       0.000000000       0.000000000       0.000000000       0.000000000      17.002517606
      60.000000000      16.000000000       0.000000000     104.000000000       0.021302936      -0.004973835       0.000000000       0.000000000       0.000000000       0.000000000      23.348120671
      60.000000000      16.000000000      90.000000000     118.726611796       0.022409447       0.004822510      -0.001614352       0.000000000       0.000000000       0.000000000      22.693742293
      60.000000000      16.000000000     180.000000000     136.000000000       0.026766659      -0.004830951       0.000000000       0.000000000       0.000000000       0.000000000      18.048389926
      60.000000000      17.000000000       0.000000000     103.000000000       0.021482513      -0.005024099       0.000000000       0.000000000       0.000000000       0.000000000      23.386924267
      60.000000000      17.000000000      90.000000000     118.564800285       0.022481519       0.004801529      -0.001708337       0.000000000       0.000000000       0.000000000      22.669199749
      60.000000000      17.000000000     180.000000000     137.000000000       0.028216378      -0.005612181       0.000000000       0.000000000       0.000000000       0.000000000      19.889798243
      60.000000000      18.000000000       0.000000000     102.000000000       0.021650472      -0.005032257       0.000000000       0.000000000       0.000000000       0.000000000      23.243171867
      60.000000000      18.000000000      90.000000000     118.393750435       0.022555315       0.004778441      -0.001800777       0.000000000       0.000000000       0.000000000      22.639876353
      60.000000000      18.000000000     180.000000000     138.000000000       0.030084193      -0.006769549       0.000000000       0.000000000       0.000000000       0.000000000      22.502013967
      60.000000000      19.000000000       0.000000000     101.000000000       0.021862013      -0.005072206      -0.000000000       0.000000000       0.000000000       0.000000000      23.200999675
      60.000000000      19.000000000      90.000000000     118.213557466       0.022628994       0.004754303      -0.001891955       0.000000000       0.000000000       0.000000000      22.612236759
      60.000000000      19.000000000     180.000000000     139.000000000       0.032327105      -0.008375945       0.000000000       0.000000000       0.000000000       0.000000000      25.909975326
      60.000000000      20.000000000       0.000000000     100.000000000       0.022097974      -0.005089280      -0.000000000       0.000000000       0.000000000       0.000000000      23.030528107
      60.000000000      20.000000000      90.000000000     118.024320674       0.022703414       0.004730867      -0.001982510       0.000000000       0.000000000       0.000000000      22.593379937
      60.000000000      20.000000000     180.000000000     140.000000000       0.034714987      -0.010283784       0.000000000       0.000000000       0.000000000       0.000000000      29.623469978
      60.000000000      21.000000000       0.000000000      99.000000000       0.022371797      -0.005110189      -0.000000000       0.000000000       0.000000000       0.000000000      22.842104682
      60.000000000      21.000000000      90.000000000     117.826143233       0.022782599       0.004709915      -0.002073221       0.000000000       0.000000000       0.000000000      22.587510711
      60.000000000      21.000000000     180.000000000     141.000000000       0.036797885      -0.012093198       0.000000000       0.000000000       0.000000000       0.000000000      32.863838272
      60.000000000      22.000000000       0.000000000      98.000000000       0.022647505      -0.005117178      -0.000000000       0.000000000       0.000000000       0.000000000      22.594886442
      60.000000000      22.000000000      90.000000000     117.619132006       0.022872444       0.004691559      -0.002164257       0.000000000       0.000000000       0.000000000      22.589167612
      60.000000000      22.000000000     180.000000000     142.000000000       0.038051863      -0.013155560       0.000000000       0.000000000       0.000000000       0.000000000      34.572710050
      60.000000000      23.000000000       0.000000000      97.000000000       0.022970023      -0.005124853       0.000000000       0.000000000       0.000000000       0.000000000      22.311050633
      60.000000000      23.000000000      90.000000000     117.403397336       0.022975196       0.004674467      -0.002255117       0.000000000       0.000000000       0.000000000      22.589618022
      60.000000000      23.000000000     180.000000000     143.000000000       0.038182625      -0.012918372       0.000000000       0.000000000       0.000000000       0.000000000      33.833116483
      60.000000000      24.000000000       0.000000000      96.000000000       0.023298378      -0.005143122       0.000000000       0.000000000       0.000000000       0.000000000      22.075021545
      60.000000000      24.000000000      90.000000000     117.179052852       0.023087661       0.004658285      -0.002345676       0.000000000       0.000000000       0.000000000      22.590147143
      60.000000000      24.000000000     180.000000000     144.000000000       0.037324399      -0.011255194       0.000000000       0.000000000       0.000000000       0.000000000      30.155056434
      60.000000000      25.000000000       0.000000000      95.000000000       0.023664800      -0.005144541       0.000000000       0.000000000       0.000000000       0.000000000      21.739214303
      60.000000000      25.000000000      90.000000000     116.946215263       0.023203465       0.004641155      -0.002435003       0.000000000       0.000000000       0.000000000      22.587753631
      60.000000000      25.000000000     180.000000000     145.000000000       0.036087673      -0.008787382       0.000000000       0.000000000       0.000000000       0.000000000      24.350092926
      60.000000000      26.000000000       0.000000000      94.000000000       0.024044883      -0.005166477       0.000000000       0.000000000       0.000000000       0.000000000      21.486803258
      60.000000000      26.000000000      90.000000000     116.705004161       0.023317518       0.004619963      -0.002521318       0.000000000       0.000000000       0.000000000      22.571800234
      60.000000000      26.000000000     180.000000000     146.000000000       0.034925543      -0.006213580       0.000000000       0.000000000       0.000000000       0.000000000      17.790932237
      60.000000000      27.000000000       0.000000000      93.000000000       0.024507148      -0.005169592      -0.000000000       0.000000000       0.000000000       0.000000000      21.094221124
      60.000000000      27.000000000      90.000000000     116.455541824       0.023430728       0.004596745      -0.002605452       0.000000000       0.000000000       0.000000000      22.550690296
      60.000000000      27.000000000     180.000000000     147.000000000       0.034347478      -0.004277895      -0.000000000       0.000000000       0.000000000       0.000000000      12.454756104
      60.000000000      28.000000000       0.000000000      92.000000000       0.024955543      -0.005141174      -0.000000000       0.000000000       0.000000000       0.000000000      20.601332765
      60.000000000      28.000000000      90.000000000     116.197953011       0.023548733       0.004577993      -0.002691007       0.000000000       0.000000000       0.000000000      22.550360683
      60.000000000      28.000000000     180.000000000     148.000000000       0.034130825      -0.003089931      -0.000000000       0.000000000       0.000000000       0.000000000       9.053197023
      60.000000000      29.000000000       0.000000000      91.000000000       0.025470455      -0.005147974      -0.000000000       0.000000000       0.000000000       0.000000000      20.211549038
      60.000000000      29.000000000      90.000000000     115.932364776       0.023679943       0.004566313      -0.002779799       0.000000000       0.000000000       0.000000000      22.575585480
      60.000000000      29.000000000     180.000000000     149.000000000       0.034326463      -0.002538489      -0.000000000       0.000000000       0.000000000       0.000000000       7.395138404
      60.000000000      30.000000000       0.000000000      90.000000000       0.026043707      -0.005104779       0.000000000       0.000000000       0.000000000       0.000000000      19.600817058
      60.000000000      30.000000000      90.000000000     115.658906273       0.023826374       0.004557570      -0.002869640       0.000000000       0.000000000       0.000000000      22.604143136
      60.000000000      30.000000000     180.000000000     150.000000000       0.034589766      -0.002373213       0.000000000       0.000000000       0.000000000       0.000000000       6.861025415
      60.000000000      31.000000000       0.000000000      89.000000000       0.026596728      -0.005080573       0.000000000       0.000000000       0.000000000       0.000000000      19.102249929
      60.000000000      31.000000000      90.000000000     115.377708569       0.023981784       0.004547019      -0.002957591       0.000000000       0.000000000       0.000000000      22.618301169
      60.000000000      31.000000000     180.000000000     151.000000000       0.034919579      -0.002296444      -0.000000000       0.000000000       0.000000000       0.000000000       6.576380711
      60.000000000      32.000000000       0.000000000      88.000000000       0.027239704      -0.005066484       0.000000000       0.000000000       0.000000000       0.000000000      18.599628333
      60.000000000      32.000000000      90.000000000     115.088904462       0.024139068       0.004535434      -0.003044028       0.000000000       0.000000000       0.000000000      22.628292011
      60.000000000      32.000000000     180.000000000     152.000000000       0.035276615      -0.002241328      -0.000000000       0.000000000       0.000000000       0.000000000       6.353580639
      60.000000000      33.000000000       0.000000000      87.000000000       0.027905982      -0.005018305       0.000000000       0.000000000       0.000000000       0.000000000      17.982900049
      60.000000000      33.000000000      90.000000000     114.792628303       0.024295201       0.004525984      -0.003131074       0.000000000       0.000000000       0.000000000      22.652487681
      60.000000000      33.000000000     180.000000000     153.000000000       0.035528503      -0.002094781      -0.000000000       0.000000000       0.000000000       0.000000000       5.896058557
      60.000000000      34.000000000       0.000000000      86.000000000       0.028613458      -0.004994558      -0.000000000       0.000000000       0.000000000       0.000000000      17.455274751
      60.000000000      34.000000000      90.000000000     114.489015821       0.024457291       0.004520227      -0.003219974       0.000000000       0.000000000       0.000000000      22.691950786
      60.000000000      34.000000000     180.000000000     154.000000000       0.035851552      -0.001940171      -0.000000000       0.000000000       0.000000000       0.000000000       5.411678675
      60.000000000      35.000000000       0.000000000      85.000000000       0.029394206      -0.004942740      -0.000000000       0.000000000       0.000000000       0.000000000      16.815353740
      60.000000000      35.000000000      90.000000000     114.178203960       0.024632159       0.004518233      -0.003310990       0.000000000       0.000000000       0.000000000      22.740699722
      60.000000000      35.000000000     180.000000000     155.000000000       0.036142179      -0.001610315      -0.000000000       0.000000000       0.000000000       0.000000000       4.455499402
      60.000000000      36.000000000       0.000000000      84.000000000       0.030216054      -0.004904879      -0.000000000       0.000000000       0.000000000       0.000000000      16.232691121
      60.000000000      36.000000000      90.000000000     113.860330715       0.024819989       0.004518941      -0.003403489       0.000000000       0.000000000       0.000000000      22.793152756
      60.000000000      36.000000000     180.000000000     156.000000000       0.036454197      -0.001360666      -0.000000000       0.000000000       0.000000000       0.000000000       3.732536085
      60.000000000      37.000000000       0.000000000      83.000000000       0.031101911      -0.004847386      -0.000000000       0.000000000       0.000000000       0.000000000      15.585492947
      60.000000000      37.000000000      90.000000000     113.535534978       0.025015511       0.004522395      -0.003497597       0.000000000       0.000000000       0.000000000      22.854223165
      60.000000000      37.000000000     180.000000000     157.000000000       0.036766519      -0.001075868       0.000000000       0.000000000       0.000000000       0.000000000       2.926215631
      60.000000000      38.000000000       0.000000000      82.000000000       0.032010859      -0.004790835       0.000000000       0.000000000       0.000000000       0.000000000      14.966281709
      60.000000000      38.000000000      90.000000000     113.203956389       0.025222091       0.004528638      -0.003593430       0.000000000       0.000000000       0.000000000      22.920841298
      60.000000000      38.000000000     180.000000000     158.000000000       0.037064427      -0.000786761       0.000000000       0.000000000       0.000000000       0.000000000       2.122684393
      60.000000000      39.000000000       0.000000000      81.000000000       0.032992826      -0.004718246       0.000000000       0.000000000       0.000000000       0.000000000      14.300824698
      60.000000000      39.000000000      90.000000000     112.865735196       0.025433196       0.004540499      -0.003693454       0.000000000       0.000000000       0.000000000      23.013273513
      60.000000000      39.000000000     180.000000000     159.000000000       0.037424352      -0.000546493       0.000000000       0.000000000       0.000000000       0.000000000       1.460260721
      60.000000000      40.000000000       0.000000000      80.000000000       0.033992863      -0.004624540       0.000000000       0.000000000       0.000000000       0.000000000      13.604442709
      60.000000000      40.000000000      90.000000000     112.521012118       0.025644748       0.004552427      -0.003793205       0.000000000       0.000000000       0.000000000      23.106571653
      60.000000000      40.000000000     180.000000000     160.000000000       0.037783717      -0.000269334       0.000000000       0.000000000       0.000000000       0.000000000       0.712831407
      60.000000000      41.000000000       0.000000000      79.000000000       0.035077275      -0.004552169      -0.000000000       0.000000000       0.000000000       0.000000000      12.977545588
      60.000000000      41.000000000      90.000000000     112.169928217       0.025868867       0.004561688      -0.003890210       0.000000000       0.000000000       0.000000000      23.175449725
      60.000000000      41.000000000     180.000000000     161.000000000       0.038106447      -0.000099734       0.000000000       0.000000000       0.000000000       0.000000000       0.261723432
      60.000000000      42.000000000       0.000000000      78.000000000       0.036265754      -0.004452400      -0.000000000       0.000000000       0.000000000       0.000000000      12.277148664
      60.000000000      42.000000000      90.000000000     111.812624777       0.026103878       0.004574111      -0.003989516       0.000000000       0.000000000       0.000000000      23.251301901
      60.000000000      42.000000000     180.000000000     162.000000000       0.038530251       0.000178402       0.000000000       0.000000000       0.000000000       0.000000000       0.463017347
      60.000000000      43.000000000       0.000000000      77.000000000       0.037510374      -0.004342948      -0.000000000       0.000000000       0.000000000       0.000000000      11.577990503
      60.000000000      43.000000000      90.000000000     111.449243191       0.026348393       0.004589704      -0.004091292       0.000000000       0.000000000       0.000000000      23.335390831
      60.000000000      43.000000000     180.000000000     163.000000000       0.038990951       0.000351525       0.000000000       0.000000000       0.000000000       0.000000000       0.901555772
      60.000000000      44.000000000       0.000000000      76.000000000       0.038874999      -0.004239723      -0.000000000       0.000000000       0.000000000       0.000000000      10.906040949
      60.000000000      44.000000000      90.000000000     111.079924852       0.026603679       0.004607002      -0.004194277       0.000000000       0.000000000       0.000000000      23.418878400
      60.000000000      44.000000000     180.000000000     164.000000000       0.039409124       0.000506616       0.000000000       0.000000000       0.000000000       0.000000000       1.285529883
      60.000000000      45.000000000       0.000000000      75.000000000       0.040294738      -0.004099297       0.000000000       0.000000000       0.000000000       0.000000000      10.173281926
      60.000000000      45.000000000      90.000000000     110.704811055       0.026861445       0.004625099      -0.004297592       0.000000000       0.000000000       0.000000000      23.504112422
      60.000000000      45.000000000     180.000000000     165.000000000       0.039901431       0.000733209       0.000000000       0.000000000       0.000000000       0.000000000       1.837551537
      60.000000000      46.000000000       0.000000000      74.000000000       0.041821072      -0.003986876       0.000000000       0.000000000       0.000000000       0.000000000       9.533175333
      60.000000000      46.000000000      90.000000000     110.324042898       0.027121986       0.004650118      -0.004407316       0.000000000       0.000000000       0.000000000      23.622434731
      60.000000000      46.000000000     180.000000000     166.000000000       0.040414049       0.000877865       0.000000000       0.000000000       0.000000000       0.000000000       2.172177636
      60.000000000      47.000000000       0.000000000      73.000000000       0.043397954      -0.003833629       0.000000000       0.000000000       0.000000000       0.000000000       8.833663781
      60.000000000      47.000000000      90.000000000     109.937761204       0.027393572       0.004676634      -0.004518240       0.000000000       0.000000000       0.000000000      23.738130569
      60.000000000      47.000000000     180.000000000     167.000000000       0.040992128       0.001116033       0.000000000       0.000000000       0.000000000       0.000000000       2.722554721
      60.000000000      48.000000000       0.000000000      72.000000000       0.045105065      -0.003696875       0.000000000       0.000000000       0.000000000       0.000000000       8.196142291
      60.000000000      48.000000000      90.000000000     109.546106430       0.027670057       0.004700507      -0.004625994       0.000000000       0.000000000       0.000000000      23.834581709
      60.000000000      48.000000000     180.000000000     168.000000000       0.041516970       0.001227050       0.000000000       0.000000000       0.000000000       0.000000000       2.955538370
      60.000000000      49.000000000       0.000000000      71.000000000       0.046879606      -0.003544038      -0.000000000       0.000000000       0.000000000       0.000000000       7.559870828
      60.000000000      49.000000000      90.000000000     109.149218605       0.027955790       0.004733357      -0.004742765       0.000000000       0.000000000       0.000000000      23.968678694
      60.000000000      49.000000000     180.000000000     169.000000000       0.042145610       0.001436139      -0.000000000       0.000000000       0.000000000       0.000000000       3.407565144
      60.000000000      50.000000000       0.000000000      70.000000000       0.048800320      -0.003389948      -0.000000000       0.000000000       0.000000000       0.000000000       6.946569781
      60.000000000      50.000000000      90.000000000     108.747237251       0.028252136       0.004771813      -0.004865360       0.000000000       0.000000000       0.000000000      24.121472615
      60.000000000      50.000000000     180.000000000     170.000000000       0.042862081       0.001683562      -0.000000000       0.000000000       0.000000000       0.000000000       3.927858750
      60.000000000      51.000000000       0.000000000      69.000000000       0.050828683      -0.003172809      -0.000000000       0.000000000       0.000000000       0.000000000       6.242163371
      60.000000000      51.000000000      90.000000000     108.340301333       0.028551343       0.004805661      -0.004982550       0.000000000       0.000000000       0.000000000      24.245586597
      60.000000000      51.000000000     180.000000000     171.000000000       0.043534347       0.001915869      -0.000000000       0.000000000       0.000000000       0.000000000       4.400822684
      60.000000000      52.000000000       0.000000000      68.000000000       0.052937327      -0.003001330      -0.000000000       0.000000000       0.000000000       0.000000000       5.669591491
      60.000000000      52.000000000      90.000000000     107.928549195       0.028859544       0.004840434      -0.005100164       0.000000000       0.000000000       0.000000000      24.364430681
      60.000000000      52.000000000     180.000000000     172.000000000       0.044412785       0.002173317      -0.000000000       0.000000000       0.000000000       0.000000000       4.893449589
      60.000000000      53.000000000       0.000000000      67.000000000       0.055217647      -0.002796888       0.000000000       0.000000000       0.000000000       0.000000000       5.065207112
      60.000000000      53.000000000      90.000000000     107.512118518       0.029169397       0.004876119      -0.005218039       0.000000000       0.000000000       0.000000000      24.483677224
      60.000000000      53.000000000     180.000000000     173.000000000       0.045449428       0.002442154      -0.000000000       0.000000000       0.000000000       0.000000000       5.373344816
      60.000000000      54.000000000       0.000000000      66.000000000       0.057569881      -0.002577295       0.000000000       0.000000000       0.000000000       0.000000000       4.476811325
      60.000000000      54.000000000      90.000000000     107.091146270       0.029471156       0.004909713      -0.005332428       0.000000000       0.000000000       0.000000000      24.595074647
      60.000000000      54.000000000     180.000000000     174.000000000       0.046692264       0.002769165       0.000000000       0.000000000       0.000000000       0.000000000       5.930672261
      60.000000000      55.000000000       0.000000000      65.000000000       0.060095587      -0.002349078       0.000000000       0.000000000       0.000000000       0.000000000       3.908902772
      60.000000000      55.000000000      90.000000000     106.665768674       0.029774309       0.004951470      -0.005455457       0.000000000       0.000000000       0.000000000      24.744260691
      60.000000000      55.000000000     180.000000000     175.000000000       0.048182355       0.003235039      -0.000000000       0.000000000       0.000000000       0.000000000       6.714156018
      60.000000000      56.000000000       0.000000000      64.000000000       0.062766561      -0.002135206      -0.000000000       0.000000000       0.000000000       0.000000000       3.401821293
      60.000000000      56.000000000      90.000000000     106.236121171       0.030097173       0.005006911      -0.005594368       0.000000000       0.000000000       0.000000000      24.944990607
      60.000000000      56.000000000     180.000000000     176.000000000       0.050475294       0.003736642      -0.000000000       0.000000000       0.000000000       0.000000000       7.402912482
      60.000000000      57.000000000       0.000000000      63.000000000       0.065630521      -0.001855276      -0.000000000       0.000000000       0.000000000       0.000000000       2.826848673
      60.000000000      57.000000000      90.000000000     105.802338394       0.030430789       0.005056899      -0.005725742       0.000000000       0.000000000       0.000000000      25.103301413
      60.000000000      57.000000000     180.000000000     177.000000000       0.054719693       0.004894888      -0.000000000       0.000000000       0.000000000       0.000000000       8.945386552
      60.000000000      58.000000000       0.000000000      62.000000000       0.068721149      -0.001634919      -0.000000000       0.000000000       0.000000000       0.000000000       2.379063079
      60.000000000      58.000000000      90.000000000     105.364554146       0.030764221       0.005096763      -0.005843035       0.000000000       0.000000000       0.000000000      25.203248893
      60.000000000      58.000000000     180.000000000     178.000000000       0.062277049       0.005689993      -0.000000003       0.000000000       0.000000000       0.000000000       9.136580878
      60.000000000      59.000000000       0.000000000      61.000000000       0.071957032      -0.001363786      -0.000000000       0.000000000       0.000000000       0.000000000       1.895278527
      60.000000000      59.000000000      90.000000000     104.922901380       0.031087841       0.005138870      -0.005961620       0.000000000       0.000000000       0.000000000      25.317815436
      60.000000000      59.000000000     180.000000000     179.000000000       0.062661087      -0.002147074      -0.000000000       0.000000000       0.000000000       0.000000000       3.426486895
      60.000000000      60.000000000       0.000000000      60.000000000       0.075361370      -0.001069693       0.000000000       0.000000000       0.000000000       0.000000000       1.419418417
      60.000000000      60.000000000      90.000000000     104.477512186       0.031398419       0.005186261      -0.006085555       0.000000000       0.000000000       0.000000000      25.465308187
      60.000000000      60.000000000     180.000000000     180.000000000       0.074493141       0.000681944      -0.000000000       0.000000000       0.000000000       0.000000000       0.915445923
      60.000000000      61.000000000       0.000000000      59.000000000       0.078981261      -0.000805704       0.000000000       0.000000000       0.000000000       0.000000000       1.020120058
      60.000000000      61.000000000      90.000000000     104.028517782       0.031710274       0.005235542      -0.006210438       0.000000000       0.000000000       0.000000000      25.615780061
      60.000000000      61.000000000     180.000000000     179.000000000       0.064247574      -0.002177938      -0.000000000       0.000000000       0.000000000       0.000000000       3.389914633
      60.000000000      62.000000000       0.000000000      58.000000000       0.082687322      -0.000498236       0.000000000       0.000000000       0.000000000       0.000000000       0.602554315
      60.000000000      62.000000000      90.000000000     103.576048509       0.032030139       0.005290396      -0.006341300       0.000000000       0.000000000       0.000000000      25.783065935
      60.000000000      62.000000000     180.000000000     178.000000000       0.065478943       0.006114011       0.000000000       0.000000000       0.000000000       0.000000000       9.337368965
      60.000000000      63.000000000       0.000000000      57.000000000       0.086690949      -0.000265189      -0.000000000       0.000000000       0.000000000       0.000000000       0.305902041
      60.000000000      63.000000000      90.000000000     103.120233826       0.032366024       0.005356286      -0.006485990       0.000000000       0.000000000       0.000000000      25.989505632
      60.000000000      63.000000000     180.000000000     177.000000000       0.058886273       0.005461251       0.000000000       0.000000000       0.000000000       0.000000000       9.274234946
      60.000000000      64.000000000       0.000000000      56.000000000       0.090961415       0.000140166      -0.000000000       0.000000000       0.000000000       0.000000000       0.154093613
      60.000000000      64.000000000      90.000000000     102.661202316       0.032672849       0.005415508      -0.006619923       0.000000000       0.000000000       0.000000000      26.177214207
      60.000000000      64.000000000     180.000000000     176.000000000       0.055578017       0.004348494       0.000000000       0.000000000       0.000000000       0.000000000       7.824125004
      60.000000000      65.000000000       0.000000000      55.000000000       0.095417173       0.000366693      -0.000000000       0.000000000       0.000000000       0.000000000       0.384304964
      60.000000000      65.000000000      90.000000000     102.199081690       0.032957827       0.005457572      -0.006727431       0.000000000       0.000000000       0.000000000      26.284378582
      60.000000000      65.000000000     180.000000000     175.000000000       0.054287064       0.003922837       0.000000000       0.000000000       0.000000000       0.000000000       7.226099919
      60.000000000      66.000000000       0.000000000      54.000000000       0.100212219       0.000732969      -0.000000000       0.000000000       0.000000000       0.000000000       0.731417161
      60.000000000      66.000000000      90.000000000     101.733998795       0.033259843       0.005510863      -0.006848838       0.000000000       0.000000000       0.000000000      26.430334325
      60.000000000      66.000000000     180.000000000     174.000000000       0.053826585       0.003508215       0.000000000       0.000000000       0.000000000       0.000000000       6.517624926
      60.000000000      67.000000000       0.000000000      53.000000000       0.105344710       0.001079060       0.000000000       0.000000000       0.000000000       0.000000000       1.024313765
      60.000000000      67.000000000      90.000000000     101.266079624       0.033543992       0.005579185      -0.006990371       0.000000000       0.000000000       0.000000000      26.663069691
      60.000000000      67.000000000     180.000000000     173.000000000       0.053587492       0.003236430      -0.000000000       0.000000000       0.000000000       0.000000000       6.039525935
      60.000000000      68.000000000       0.000000000      52.000000000       0.110680150       0.001420181       0.000000000       0.000000000       0.000000000       0.000000000       1.283139338
      60.000000000      68.000000000      90.000000000     100.795449334       0.033810060       0.005642609      -0.007122907       0.000000000       0.000000000       0.000000000      26.876821805
      60.000000000      68.000000000     180.000000000     172.000000000       0.053540026       0.003020489      -0.000000000       0.000000000       0.000000000       0.000000000       5.641553516
      60.000000000      69.000000000       0.000000000      51.000000000       0.116321706       0.001756251       0.000000000       0.000000000       0.000000000       0.000000000       1.509821831
      60.000000000      69.000000000      90.000000000     100.322232261       0.034060987       0.005698893      -0.007242674       0.000000000       0.000000000       0.000000000      27.057199116
      60.000000000      69.000000000     180.000000000     171.000000000       0.053642635       0.002805280       0.000000000       0.000000000       0.000000000       0.000000000       5.229571778
      60.000000000      70.000000000       0.000000000      50.000000000       0.122151077       0.002163333       0.000000000       0.000000000       0.000000000       0.000000000       1.771030819
      60.000000000      70.000000000      90.000000000      99.846551940       0.034310635       0.005761141      -0.007369382       0.000000000       0.000000000       0.000000000      27.262873461
      60.000000000      70.000000000     180.000000000     170.000000000       0.053977786       0.002609642       0.000000000       0.000000000       0.000000000       0.000000000       4.834659983
      60.000000000      71.000000000       0.000000000      49.000000000       0.128425480       0.002423700      -0.000000000       0.000000000       0.000000000       0.000000000       1.887242379
      60.000000000      71.000000000      90.000000000      99.368531127       0.034542464       0.005825811      -0.007497852       0.000000000       0.000000000       0.000000000      27.488337229
      60.000000000      71.000000000     180.000000000     169.000000000       0.054218337       0.002378733       0.000000000       0.000000000       0.000000000       0.000000000       4.387321925
      60.000000000      72.000000000       0.000000000      48.000000000       0.135020632       0.002882959      -0.000000000       0.000000000       0.000000000       0.000000000       2.135198883
      60.000000000      72.000000000      90.000000000      98.888291823       0.034734508       0.005886195      -0.007617707       0.000000000       0.000000000       0.000000000      27.715598338
      60.000000000      72.000000000     180.000000000     168.000000000       0.054545172       0.002186261       0.000000000       0.000000000       0.000000000       0.000000000       4.008165528
      60.000000000      73.000000000       0.000000000      47.000000000       0.142031311       0.003120406      -0.000000000       0.000000000       0.000000000       0.000000000       2.196984543
      60.000000000      73.000000000      90.000000000      98.405955301       0.034881740       0.005943089      -0.007730102       0.000000000       0.000000000       0.000000000      27.953392539
      60.000000000      73.000000000     180.000000000     167.000000000       0.054989254       0.002125773       0.000000000       0.000000000       0.000000000       0.000000000       3.865797696
      60.000000000      74.000000000       0.000000000      46.000000000       0.149510685       0.003579187      -0.000000000       0.000000000       0.000000000       0.000000000       2.393934229
      60.000000000      74.000000000      90.000000000      97.921642135       0.035035196       0.006005156      -0.007848914       0.000000000       0.000000000       0.000000000      28.207861399
      60.000000000      74.000000000     180.000000000     166.000000000       0.055318916       0.001864801      -0.000000000       0.000000000       0.000000000       0.000000000       3.371001217
      60.000000000      75.000000000       0.000000000      45.000000000       0.157423328       0.003969231       0.000000000       0.000000000       0.000000000       0.000000000       2.521374187
      60.000000000      75.000000000      90.000000000      97.435472226       0.035168302       0.006065001      -0.007962608       0.000000000       0.000000000       0.000000000      28.461320550
      60.000000000      75.000000000     180.000000000     165.000000000       0.055709734       0.001736540      -0.000000000       0.000000000       0.000000000       0.000000000       3.117121959
      60.000000000      76.000000000       0.000000000      44.000000000       0.165511199       0.004247565       0.000000000       0.000000000       0.000000000       0.000000000       2.566330895
      60.000000000      76.000000000      90.000000000      96.947564839       0.035244260       0.006123819      -0.008073312       0.000000000       0.000000000       0.000000000      28.751039698
      60.000000000      76.000000000     180.000000000     164.000000000       0.056089437       0.001468384       0.000000000       0.000000000       0.000000000       0.000000000       2.617933047
      60.000000000      77.000000000       0.000000000      43.000000000       0.174290891       0.004672715       0.000000000       0.000000000       0.000000000       0.000000000       2.680986315
      60.000000000      77.000000000      90.000000000      96.458038631       0.035270338       0.006184102      -0.008185473       0.000000000       0.000000000       0.000000000      29.086489891
      60.000000000      77.000000000     180.000000000     163.000000000       0.056539978       0.001308954       0.000000000       0.000000000       0.000000000       0.000000000       2.315094259
      60.000000000      78.000000000       0.000000000      42.000000000       0.183394692       0.004986070       0.000000000       0.000000000       0.000000000       0.000000000       2.718764755
      60.000000000      78.000000000      90.000000000      95.967011691       0.035266505       0.006249829      -0.008306283       0.000000000       0.000000000       0.000000000      29.475380047
      60.000000000      78.000000000     180.000000000     162.000000000       0.056851993       0.001114193       0.000000000       0.000000000       0.000000000       0.000000000       1.959813552
      60.000000000      79.000000000       0.000000000      41.000000000       0.192905382       0.005323756      -0.000000000       0.000000000       0.000000000       0.000000000       2.759775747
      60.000000000      79.000000000      90.000000000      95.474601570       0.035212042       0.006303845      -0.008407989       0.000000000       0.000000000       0.000000000      29.844047242
      60.000000000      79.000000000     180.000000000     161.000000000       0.057144110       0.000724317       0.000000000       0.000000000       0.000000000       0.000000000       1.267526101
      60.000000000      80.000000000       0.000000000      40.000000000       0.203004248       0.005628580      -0.000000000       0.000000000       0.000000000       0.000000000       2.772641682
      60.000000000      80.000000000      90.000000000      94.980925322       0.035088070       0.006344879      -0.008488928       0.000000000       0.000000000       0.000000000      30.204238630
      60.000000000      80.000000000     180.000000000     160.000000000       0.057529758       0.000522355       0.000000000       0.000000000       0.000000000       0.000000000       0.907973849
      60.000000000      81.000000000       0.000000000      39.000000000       0.213790596       0.006081504      -0.000000000       0.000000000       0.000000000       0.000000000       2.844607815
      60.000000000      81.000000000      90.000000000      94.486099541       0.034882507       0.006392578      -0.008582960       0.000000000       0.000000000       0.000000000      30.680060481
      60.000000000      81.000000000     180.000000000     159.000000000       0.057755371       0.000110121       0.000000000       0.000000000       0.000000000       0.000000000       0.190668013
      60.000000000      82.000000000       0.000000000      38.000000000       0.224839547       0.006228654      -0.000000000       0.000000000       0.000000000       0.000000000       2.770266261
      60.000000000      82.000000000      90.000000000      93.990240398       0.034577659       0.006442462      -0.008683905       0.000000000       0.000000000       0.000000000      31.270909255
      60.000000000      82.000000000     180.000000000     158.000000000       0.057888441      -0.000242583       0.000000000       0.000000000       0.000000000       0.000000000       0.419052938
      60.000000000      83.000000000       0.000000000      37.000000000       0.236686376       0.006586952       0.000000000       0.000000000       0.000000000       0.000000000       2.782987238
      60.000000000      83.000000000      90.000000000      93.493463685       0.034226371       0.006470527      -0.008752419       0.000000000       0.000000000       0.000000000      31.801531340
      60.000000000      83.000000000     180.000000000     157.000000000       0.058060889      -0.000707918      -0.000000000       0.000000000       0.000000000       0.000000000       1.219268081
      60.000000000      84.000000000       0.000000000      36.000000000       0.248706433       0.006868922       0.000000000       0.000000000       0.000000000       0.000000000       2.761859487
      60.000000000      84.000000000      90.000000000      92.995884851       0.033785421       0.006486751      -0.008807351       0.000000000       0.000000000       0.000000000      32.375928580
      60.000000000      84.000000000     180.000000000     156.000000000       0.058108675      -0.001184281       0.000000000       0.000000000       0.000000000       0.000000000       2.038044664
      60.000000000      85.000000000       0.000000000      35.000000000       0.261275760       0.007003582       0.000000000       0.000000000       0.000000000       0.000000000       2.680532525
      60.000000000      85.000000000      90.000000000      92.497619045       0.033127226       0.006470460      -0.008816354       0.000000000       0.000000000       0.000000000      33.011963072
      60.000000000      85.000000000     180.000000000     155.000000000       0.058019525      -0.001603988       0.000000000       0.000000000       0.000000000       0.000000000       2.764566723
      60.000000000      86.000000000       0.000000000      34.000000000       0.273728692       0.007315786      -0.000000000       0.000000000       0.000000000       0.000000000       2.672641207
      60.000000000      86.000000000      90.000000000      91.998781159       0.032312007       0.006428888      -0.008796680       0.000000000       0.000000000       0.000000000      33.719700939
      60.000000000      86.000000000     180.000000000     154.000000000       0.057756903      -0.002225834       0.000000000       0.000000000       0.000000000       0.000000000       3.853796517
      60.000000000      87.000000000       0.000000000      33.000000000       0.285289628       0.007775861      -0.000000000       0.000000000       0.000000000       0.000000000       2.725602506
      60.000000000      87.000000000      90.000000000      91.499485870       0.031274962       0.006370046      -0.008770039       0.000000000       0.000000000       0.000000000      34.658171488
      60.000000000      87.000000000     180.000000000     153.000000000       0.057052359      -0.002440717       0.000000000       0.000000000       0.000000000       0.000000000       4.278029629
      60.000000000      88.000000000       0.000000000      32.000000000       0.295215710       0.007432748      -0.000000000       0.000000000       0.000000000       0.000000000       2.517734506
      60.000000000      88.000000000      90.000000000      90.999847680       0.029891287       0.006250798      -0.008674467       0.000000000       0.000000000       0.000000000      35.769617481
      60.000000000      88.000000000     180.000000000     152.000000000       0.055928440      -0.002589663      -0.000000000       0.000000000       0.000000000       0.000000000       4.630314453
      60.000000000      89.000000000       0.000000000      31.000000000       0.301176909       0.007838782      -0.000000000       0.000000000       0.000000000       0.000000000       2.602716663
      60.000000000      89.000000000      90.000000000      90.499980961       0.027991079       0.005995074      -0.008400852       0.000000000       0.000000000       0.000000000      36.871108607
      60.000000000      89.000000000     180.000000000     151.000000000       0.053531052      -0.002387240      -0.000000000       0.000000000       0.000000000       0.000000000       4.459542103
