# ARTDECO : output file
# Radiances at the top of the atmosphere
#
# The single scattering intensity correction was not apply
#
# Result given for each geometry
# sza : solar zenith angle(s) (degree)
# vza : view  zenith angle(s) (degree)
# vaa : view azimuthal angle(s) (degree)
#
# total number of geometries
         270
# nsza, nvza, nvaa
           1          90           3
# number of elements of the Stokes vector
# 4 = full polarization, 3 = 3x3 approximation, 1 = scalar
           3
# number of wavelengths
           1
##################
# Wavelength (microns) 
       0.412000000
# CPU time for RT in sec(s) 
     0.893874054E+02
#         sza               vza              vaa               theta              I                 Q                U                 dI                dQ                dU              Polar. (%)
      60.000000000       0.000000000       0.000000000     120.000000000       0.021473412      -0.004934102       0.000000000       0.000000000       0.000000000       0.000000000      22.977726974
      60.000000000       0.000000000      90.000000000     120.000000000       0.021473412       0.004934102      -0.000000000       0.000000000       0.000000000       0.000000000      22.977726974
      60.000000000       0.000000000     180.000000000     120.000000000       0.021473412      -0.004934102       0.000000000       0.000000000       0.000000000       0.000000000      22.977726974
      60.000000000       1.000000000       0.000000000     119.000000000       0.021381384      -0.004950171       0.000000000       0.000000000       0.000000000       0.000000000      23.151778600
      60.000000000       1.000000000      90.000000000     119.994961924       0.021474839       0.004934044      -0.000102736       0.000000000       0.000000000       0.000000000      22.980910451
      60.000000000       1.000000000     180.000000000     121.000000000       0.021815155      -0.004900468       0.000000000       0.000000000       0.000000000       0.000000000      22.463592213
      60.000000000       2.000000000       0.000000000     118.000000000       0.021476015      -0.004912223       0.000000000       0.000000000       0.000000000       0.000000000      22.873064982
      60.000000000       2.000000000      90.000000000     119.979850765       0.021479332       0.004933853      -0.000205462       0.000000000       0.000000000       0.000000000      22.990143176
      60.000000000       2.000000000     180.000000000     122.000000000       0.022299956      -0.004888678       0.000000000       0.000000000       0.000000000       0.000000000      21.922367784
      60.000000000       3.000000000       0.000000000     117.000000000       0.021570733      -0.004815610       0.000000000       0.000000000       0.000000000       0.000000000      22.324741175
      60.000000000       3.000000000      90.000000000     119.954675720       0.021487469       0.004933483      -0.000308173       0.000000000       0.000000000       0.000000000      23.004564054
      60.000000000       3.000000000     180.000000000     123.000000000       0.022718048      -0.004909203       0.000000000       0.000000000       0.000000000       0.000000000      21.609265262
      60.000000000       4.000000000       0.000000000     116.000000000       0.021484144      -0.004694156       0.000000000       0.000000000       0.000000000       0.000000000      21.849395076
      60.000000000       4.000000000      90.000000000     119.919452093       0.021500008       0.004932866      -0.000410874       0.000000000       0.000000000       0.000000000      23.023006770
      60.000000000       4.000000000     180.000000000     124.000000000       0.022892241      -0.004930980       0.000000000       0.000000000       0.000000000       0.000000000      21.539964317
      60.000000000       5.000000000       0.000000000     115.000000000       0.021166080      -0.004600853       0.000000000       0.000000000       0.000000000       0.000000000      21.736918348
      60.000000000       5.000000000      90.000000000     119.874201258       0.021517688       0.004931930      -0.000513577       0.000000000       0.000000000       0.000000000      23.044286935
      60.000000000       5.000000000     180.000000000     125.000000000       0.022794062      -0.004898756       0.000000000       0.000000000       0.000000000       0.000000000      21.491371054
      60.000000000       6.000000000       0.000000000     114.000000000       0.020736739      -0.004575834       0.000000000       0.000000000       0.000000000       0.000000000      22.066314396
      60.000000000       6.000000000      90.000000000     119.818950607       0.021541076       0.004930604      -0.000616294       0.000000000       0.000000000       0.000000000      23.067424039
      60.000000000       6.000000000     180.000000000     126.000000000       0.022564828      -0.004771060       0.000000000       0.000000000       0.000000000       0.000000000      21.143791228
      60.000000000       7.000000000       0.000000000     113.000000000       0.020411394      -0.004622590       0.000000000       0.000000000       0.000000000       0.000000000      22.647105299
      60.000000000       7.000000000      90.000000000     119.753733483       0.021570539       0.004928837      -0.000719027       0.000000000       0.000000000       0.000000000      23.091716134
      60.000000000       7.000000000     180.000000000     127.000000000       0.022428070      -0.004554282       0.000000000       0.000000000       0.000000000       0.000000000      20.306170851
      60.000000000       8.000000000       0.000000000     112.000000000       0.020359061      -0.004707482       0.000000000       0.000000000       0.000000000       0.000000000      23.122293044
      60.000000000       8.000000000      90.000000000     119.678589103       0.021606324       0.004926594      -0.000821758       0.000000000       0.000000000       0.000000000      23.116650687
      60.000000000       8.000000000     180.000000000     128.000000000       0.022550074      -0.004308446       0.000000000       0.000000000       0.000000000       0.000000000      19.106126492
      60.000000000       9.000000000       0.000000000     111.000000000       0.020588526      -0.004782142       0.000000000       0.000000000       0.000000000       0.000000000      23.227220503
      60.000000000       9.000000000      90.000000000     119.593562462       0.021648711       0.004923850      -0.000924447       0.000000000       0.000000000       0.000000000      23.141703376
      60.000000000       9.000000000     180.000000000     129.000000000       0.022938629      -0.004117106       0.000000000       0.000000000       0.000000000       0.000000000      17.948352633
      60.000000000      10.000000000       0.000000000     110.000000000       0.020938757      -0.004813819       0.000000000       0.000000000       0.000000000       0.000000000      22.989996673
      60.000000000      10.000000000      90.000000000     119.498704231       0.021698148       0.004920580      -0.001027025       0.000000000       0.000000000       0.000000000      23.166117493
      60.000000000      10.000000000     180.000000000     130.000000000       0.023445432      -0.004037789       0.000000000       0.000000000       0.000000000       0.000000000      17.222070142
      60.000000000      11.000000000       0.000000000     109.000000000       0.021182536      -0.004804165       0.000000000       0.000000000       0.000000000       0.000000000      22.679839628
      60.000000000      11.000000000      90.000000000     119.394070634       0.021755299       0.004916736      -0.001129400       0.000000000       0.000000000       0.000000000      23.188754581
      60.000000000      11.000000000     180.000000000     131.000000000       0.023871475      -0.004065216       0.000000000       0.000000000       0.000000000       0.000000000      17.029595054
      60.000000000      12.000000000       0.000000000     108.000000000       0.021176653      -0.004785076       0.000000000       0.000000000       0.000000000       0.000000000      22.595995789
      60.000000000      12.000000000      90.000000000     119.279723324       0.021821004       0.004912224      -0.001231467       0.000000000       0.000000000       0.000000000      23.208067798
      60.000000000      12.000000000     180.000000000     132.000000000       0.024109595      -0.004135752       0.000000000       0.000000000       0.000000000       0.000000000      17.153966683
      60.000000000      13.000000000       0.000000000     107.000000000       0.020959223      -0.004795269       0.000000000       0.000000000       0.000000000       0.000000000      22.879040469
      60.000000000      13.000000000      90.000000000     119.155729238       0.021896139       0.004906897      -0.001333113       0.000000000       0.000000000       0.000000000      23.222195139
      60.000000000      13.000000000     180.000000000     133.000000000       0.024235236      -0.004178027       0.000000000       0.000000000       0.000000000       0.000000000      17.239473364
      60.000000000      14.000000000       0.000000000     106.000000000       0.020727666      -0.004853498       0.000000000       0.000000000       0.000000000       0.000000000      23.415556177
      60.000000000      14.000000000      90.000000000     119.022160452       0.021981472       0.004900541      -0.001434222       0.000000000       0.000000000       0.000000000      23.229126144
      60.000000000      14.000000000     180.000000000     134.000000000       0.024488820      -0.004184168       0.000000000       0.000000000       0.000000000       0.000000000      17.086031962
      60.000000000      15.000000000       0.000000000     105.000000000       0.020709151      -0.004945889       0.000000000       0.000000000       0.000000000       0.000000000      23.882627980
      60.000000000      15.000000000      90.000000000     118.879094017       0.022077548       0.004892894      -0.001534670       0.000000000       0.000000000       0.000000000      23.226880814
      60.000000000      15.000000000     180.000000000     135.000000000       0.025159102      -0.004257093       0.000000000       0.000000000       0.000000000       0.000000000      16.920685740
      60.000000000      16.000000000       0.000000000     104.000000000       0.021007743      -0.005035193       0.000000000       0.000000000       0.000000000       0.000000000      23.968273033
      60.000000000      16.000000000      90.000000000     118.726611796       0.022184638       0.004883658      -0.001634320       0.000000000       0.000000000       0.000000000      23.213655131
      60.000000000      16.000000000     180.000000000     136.000000000       0.026434651      -0.004595387       0.000000000       0.000000000       0.000000000       0.000000000      17.383950939
      60.000000000      17.000000000       0.000000000     103.000000000       0.021530415      -0.005085282       0.000000000       0.000000000       0.000000000       0.000000000      23.619061308
      60.000000000      17.000000000      90.000000000     118.564800285       0.022302753       0.004872530      -0.001733010       0.000000000       0.000000000       0.000000000      23.187920759
      60.000000000      17.000000000     180.000000000     137.000000000       0.028305310      -0.005408121       0.000000000       0.000000000       0.000000000       0.000000000      19.106383843
      60.000000000      18.000000000       0.000000000     102.000000000       0.022044016      -0.005084506       0.000000000       0.000000000       0.000000000       0.000000000      23.065244157
      60.000000000      18.000000000      90.000000000     118.393750435       0.022431665       0.004859229      -0.001830551       0.000000000       0.000000000       0.000000000      23.148497474
      60.000000000      18.000000000     180.000000000     138.000000000       0.030561081      -0.006792416       0.000000000       0.000000000       0.000000000       0.000000000      22.225704827
      60.000000000      19.000000000       0.000000000     101.000000000       0.022328771      -0.005052669       0.000000000       0.000000000       0.000000000       0.000000000      22.628513064
      60.000000000      19.000000000      90.000000000     118.213557466       0.022570896       0.004843513      -0.001926721       0.000000000       0.000000000       0.000000000      23.094630058
      60.000000000      19.000000000     180.000000000     139.000000000       0.032877334      -0.008634110       0.000000000       0.000000000       0.000000000       0.000000000      26.261589205
      60.000000000      20.000000000       0.000000000     100.000000000       0.022327810      -0.005027390       0.000000000       0.000000000       0.000000000       0.000000000      22.516268117
      60.000000000      20.000000000      90.000000000     118.024320674       0.022719651       0.004825194      -0.002021274       0.000000000       0.000000000       0.000000000      23.026093059
      60.000000000      20.000000000     180.000000000     140.000000000       0.034930559      -0.010589440       0.000000000       0.000000000       0.000000000       0.000000000      30.315690714
      60.000000000      21.000000000       0.000000000      99.000000000       0.022191700      -0.005039163       0.000000000       0.000000000       0.000000000       0.000000000      22.707420747
      60.000000000      21.000000000      90.000000000     117.826143233       0.022876709       0.004804144      -0.002113957       0.000000000       0.000000000       0.000000000      22.943325007
      60.000000000      21.000000000     180.000000000     141.000000000       0.036483986      -0.012171411       0.000000000       0.000000000       0.000000000       0.000000000      33.360968925
      60.000000000      22.000000000       0.000000000      98.000000000       0.022184311      -0.005091598       0.000000000       0.000000000       0.000000000       0.000000000      22.951343841
      60.000000000      22.000000000      90.000000000     117.619132006       0.023040312       0.004780308      -0.002204530       0.000000000       0.000000000       0.000000000      22.847572127
      60.000000000      22.000000000     180.000000000     142.000000000       0.037414904      -0.012914387       0.000000000       0.000000000       0.000000000       0.000000000      34.516691634
      60.000000000      23.000000000       0.000000000      97.000000000       0.022508785      -0.005159641       0.000000000       0.000000000       0.000000000       0.000000000      22.922789766
      60.000000000      23.000000000      90.000000000     117.403397336       0.023208113       0.004753720      -0.002292791       0.000000000       0.000000000       0.000000000      22.741010934
      60.000000000      23.000000000     180.000000000     143.000000000       0.037698747      -0.012549623       0.000000000       0.000000000       0.000000000       0.000000000      33.289231476
      60.000000000      24.000000000       0.000000000      96.000000000       0.023168374      -0.005206588       0.000000000       0.000000000       0.000000000       0.000000000      22.472825867
      60.000000000      24.000000000      90.000000000     117.179052852       0.023377207       0.004724536      -0.002378607       0.000000000       0.000000000       0.000000000      22.626821678
      60.000000000      24.000000000     180.000000000     144.000000000       0.037387448      -0.011114675       0.000000000       0.000000000       0.000000000       0.000000000      29.728361311
      60.000000000      25.000000000       0.000000000      95.000000000       0.023957648      -0.005208362       0.000000000       0.000000000       0.000000000       0.000000000      21.739873745
      60.000000000      25.000000000      90.000000000     116.946215263       0.023544269       0.004693067      -0.002461940       0.000000000       0.000000000       0.000000000      22.509195071
      60.000000000      25.000000000     180.000000000     145.000000000       0.036607674      -0.008946906       0.000000000       0.000000000       0.000000000       0.000000000      24.439975231
      60.000000000      26.000000000       0.000000000      94.000000000       0.024595046      -0.005168971       0.000000000       0.000000000       0.000000000       0.000000000      21.016308264
      60.000000000      26.000000000      90.000000000     116.705004161       0.023705766       0.004659819      -0.002542873       0.000000000       0.000000000       0.000000000      22.393264637
      60.000000000      26.000000000     180.000000000     146.000000000       0.035571021      -0.006562759       0.000000000       0.000000000       0.000000000       0.000000000      18.449734325
      60.000000000      27.000000000       0.000000000      93.000000000       0.024912541      -0.005117064       0.000000000       0.000000000       0.000000000       0.000000000      20.540114536
      60.000000000      27.000000000      90.000000000     116.455541824       0.023858209       0.004625504      -0.002621640       0.000000000       0.000000000       0.000000000      22.284961517
      60.000000000      27.000000000     180.000000000     147.000000000       0.034562413      -0.004474932      -0.000000000       0.000000000       0.000000000       0.000000000      12.947393539
      60.000000000      28.000000000       0.000000000      92.000000000       0.024976085      -0.005086154       0.000000000       0.000000000       0.000000000       0.000000000      20.364097276
      60.000000000      28.000000000      90.000000000     116.197953011       0.023998436       0.004591042      -0.002698642       0.000000000       0.000000000       0.000000000      22.190788207
      60.000000000      28.000000000     180.000000000     148.000000000       0.033878428      -0.003024729      -0.000000000       0.000000000       0.000000000       0.000000000       8.928185163
      60.000000000      29.000000000       0.000000000      91.000000000       0.025052100      -0.005091824       0.000000000       0.000000000       0.000000000       0.000000000      20.324938290
      60.000000000      29.000000000      90.000000000     115.932364776       0.024123899       0.004557526      -0.002774462       0.000000000       0.000000000       0.000000000      22.117507030
      60.000000000      29.000000000     180.000000000     149.000000000       0.033723644      -0.002295639      -0.000000000       0.000000000       0.000000000       0.000000000       6.807209348
      60.000000000      30.000000000       0.000000000      90.000000000       0.025436010      -0.005121182       0.000000000       0.000000000       0.000000000       0.000000000      20.133590355
      60.000000000      30.000000000      90.000000000     115.658906273       0.024232970       0.004526170      -0.002849863       0.000000000       0.000000000       0.000000000      22.071742321
      60.000000000      30.000000000     180.000000000     150.000000000       0.034114946      -0.002133965      -0.000000000       0.000000000       0.000000000       0.000000000       6.255220416
      60.000000000      31.000000000       0.000000000      89.000000000       0.026253183      -0.005141573       0.000000000       0.000000000       0.000000000       0.000000000      19.584569578
      60.000000000      31.000000000      90.000000000     115.377708569       0.024325253       0.004498240      -0.002925767       0.000000000       0.000000000       0.000000000      22.059502904
      60.000000000      31.000000000     180.000000000     151.000000000       0.034857758      -0.002254078      -0.000000000       0.000000000       0.000000000       0.000000000       6.466502699
      60.000000000      32.000000000       0.000000000      88.000000000       0.027366440      -0.005122687       0.000000000       0.000000000       0.000000000       0.000000000      18.718865772
      60.000000000      32.000000000      90.000000000     115.088904462       0.024401904       0.004474979      -0.003003215       0.000000000       0.000000000       0.000000000      22.085641400
      60.000000000      32.000000000     180.000000000     152.000000000       0.035627430      -0.002372838      -0.000000000       0.000000000       0.000000000       0.000000000       6.660142737
      60.000000000      33.000000000       0.000000000      87.000000000       0.028458211      -0.005057235       0.000000000       0.000000000       0.000000000       0.000000000      17.770741323
      60.000000000      33.000000000      90.000000000     114.792628303       0.024465878       0.004457532      -0.003083301       0.000000000       0.000000000       0.000000000      22.153277485
      60.000000000      33.000000000     180.000000000     153.000000000       0.036127641      -0.002313590      -0.000000000       0.000000000       0.000000000       0.000000000       6.403933475
      60.000000000      34.000000000       0.000000000      86.000000000       0.029239917      -0.004966220       0.000000000       0.000000000       0.000000000       0.000000000      16.984384206
      60.000000000      34.000000000      90.000000000     114.489015821       0.024522069       0.004446865      -0.003167092       0.000000000       0.000000000       0.000000000      22.263224192
      60.000000000      34.000000000     180.000000000     154.000000000       0.036243786      -0.002043162      -0.000000000       0.000000000       0.000000000       0.000000000       5.637275747
      60.000000000      35.000000000       0.000000000      85.000000000       0.029652189      -0.004885068       0.000000000       0.000000000       0.000000000       0.000000000      16.474562142
      60.000000000      35.000000000      90.000000000     114.178203960       0.024577254       0.004443686      -0.003255535       0.000000000       0.000000000       0.000000000      22.413473364
      60.000000000      35.000000000     180.000000000     155.000000000       0.036101159      -0.001640894      -0.000000000       0.000000000       0.000000000       0.000000000       4.545268014
      60.000000000      36.000000000       0.000000000      84.000000000       0.029918780      -0.004839686       0.000000000       0.000000000       0.000000000       0.000000000      16.176080994
      60.000000000      36.000000000      90.000000000     113.860330715       0.024639815       0.004448360      -0.003349349       0.000000000       0.000000000       0.000000000      22.598819890
      60.000000000      36.000000000     180.000000000     156.000000000       0.035986783      -0.001228421      -0.000000000       0.000000000       0.000000000       0.000000000       3.413532616
      60.000000000      37.000000000       0.000000000      83.000000000       0.030409575      -0.004828405       0.000000000       0.000000000       0.000000000       0.000000000      15.877910366
      60.000000000      37.000000000      90.000000000     113.535534978       0.024719226       0.004460832      -0.003448941       0.000000000       0.000000000       0.000000000      22.810729931
      60.000000000      37.000000000     180.000000000     157.000000000       0.036174248      -0.000899922       0.000000000       0.000000000       0.000000000       0.000000000       2.487741599
      60.000000000      38.000000000       0.000000000      82.000000000       0.031396025      -0.004822103       0.000000000       0.000000000       0.000000000       0.000000000      15.358960431
      60.000000000      38.000000000      90.000000000     113.203956389       0.024825340       0.004480575      -0.003554320       0.000000000       0.000000000       0.000000000      23.037572459
      60.000000000      38.000000000     180.000000000     158.000000000       0.036753610      -0.000683405       0.000000000       0.000000000       0.000000000       0.000000000       1.859421553
      60.000000000      39.000000000       0.000000000      81.000000000       0.032860488      -0.004782806       0.000000000       0.000000000       0.000000000       0.000000000      14.554883612
      60.000000000      39.000000000      90.000000000     112.865735196       0.024967531       0.004506578      -0.003665055       0.000000000       0.000000000       0.000000000      23.265317324
      60.000000000      39.000000000     180.000000000     159.000000000       0.037571447      -0.000542650       0.000000000       0.000000000       0.000000000       0.000000000       1.444315092
      60.000000000      40.000000000       0.000000000      80.000000000       0.034493420      -0.004688695       0.000000000       0.000000000       0.000000000       0.000000000      13.593014275
      60.000000000      40.000000000      90.000000000     112.521012118       0.025153744       0.004537389      -0.003780260       0.000000000       0.000000000       0.000000000      23.478741318
      60.000000000      40.000000000     180.000000000     160.000000000       0.038322917      -0.000409163       0.000000000       0.000000000       0.000000000       0.000000000       1.067672700
      60.000000000      41.000000000       0.000000000      79.000000000       0.035891688      -0.004548899       0.000000000       0.000000000       0.000000000       0.000000000      12.673963651
      60.000000000      41.000000000      90.000000000     112.169928217       0.025389535       0.004571217      -0.003898638       0.000000000       0.000000000       0.000000000      23.663075686
      60.000000000      41.000000000     180.000000000     161.000000000       0.038744153      -0.000222879       0.000000000       0.000000000       0.000000000       0.000000000       0.575258344
      60.000000000      42.000000000       0.000000000      78.000000000       0.036834241      -0.004397910       0.000000000       0.000000000       0.000000000       0.000000000      11.939731645
      60.000000000      42.000000000      90.000000000     111.812624777       0.025677177       0.004606090      -0.004018559       0.000000000       0.000000000       0.000000000      23.805897084
      60.000000000      42.000000000     180.000000000     162.000000000       0.038787190       0.000038249       0.000000000       0.000000000       0.000000000       0.000000000       0.098612814
      60.000000000      43.000000000       0.000000000      77.000000000       0.037450462      -0.004272892       0.000000000       0.000000000       0.000000000       0.000000000      11.409451323
      60.000000000      43.000000000      90.000000000     111.449243191       0.026014930       0.004640043      -0.004138208       0.000000000       0.000000000       0.000000000      23.898953550
      60.000000000      43.000000000     180.000000000     163.000000000       0.038664761       0.000350389       0.000000000       0.000000000       0.000000000       0.000000000       0.906221976
      60.000000000      44.000000000       0.000000000      76.000000000       0.038158133      -0.004188686       0.000000000       0.000000000       0.000000000       0.000000000      10.977177852
      60.000000000      44.000000000      90.000000000     111.079924852       0.026396601       0.004671322      -0.004255758       0.000000000       0.000000000       0.000000000      23.939577786
      60.000000000      44.000000000     180.000000000     164.000000000       0.038729269       0.000657521       0.000000000       0.000000000       0.000000000       0.000000000       1.697736226
      60.000000000      45.000000000       0.000000000      75.000000000       0.039397914      -0.004127193       0.000000000       0.000000000       0.000000000       0.000000000      10.475663383
      60.000000000      45.000000000      90.000000000     110.704811055       0.026811534       0.004698576      -0.004369584       0.000000000       0.000000000       0.000000000      23.931401559
      60.000000000      45.000000000     180.000000000     165.000000000       0.039254008       0.000898835       0.000000000       0.000000000       0.000000000       0.000000000       2.289792674
      60.000000000      46.000000000       0.000000000      74.000000000       0.041332891      -0.004048639       0.000000000       0.000000000       0.000000000       0.000000000       9.795200038
      60.000000000      46.000000000      90.000000000     110.324042898       0.027245128       0.004721019      -0.004478483       0.000000000       0.000000000       0.000000000      23.884234007
      60.000000000      46.000000000     180.000000000     166.000000000       0.040250744       0.001038674       0.000000000       0.000000000       0.000000000       0.000000000       2.580509205
      60.000000000      47.000000000       0.000000000      73.000000000       0.043717733      -0.003917712       0.000000000       0.000000000       0.000000000       0.000000000       8.961380030
      60.000000000      47.000000000      90.000000000     109.937761204       0.027679966       0.004738554      -0.004581877       0.000000000       0.000000000       0.000000000      23.813147177
      60.000000000      47.000000000     180.000000000     167.000000000       0.041442421       0.001087886       0.000000000       0.000000000       0.000000000       0.000000000       2.625053959
      60.000000000      48.000000000       0.000000000      72.000000000       0.046040152      -0.003727375       0.000000000       0.000000000       0.000000000       0.000000000       8.095922503
      60.000000000      48.000000000      90.000000000     109.546106430       0.028097480       0.004751831      -0.004679973       0.000000000       0.000000000       0.000000000      23.736952903
      60.000000000      48.000000000     180.000000000     168.000000000       0.042418857       0.001107640       0.000000000       0.000000000       0.000000000       0.000000000       2.611197957
      60.000000000      49.000000000       0.000000000      71.000000000       0.047857701      -0.003504243       0.000000000       0.000000000       0.000000000       0.000000000       7.322212829
      60.000000000      49.000000000      90.000000000     109.149218605       0.028480048       0.004762237      -0.004773832       0.000000000       0.000000000       0.000000000      23.676308443
      60.000000000      49.000000000     180.000000000     169.000000000       0.042890614       0.001191194      -0.000000000       0.000000000       0.000000000       0.000000000       2.777283204
      60.000000000      50.000000000       0.000000000      70.000000000       0.049112692      -0.003291314       0.000000000       0.000000000       0.000000000       0.000000000       6.701554262
      60.000000000      50.000000000      90.000000000     108.747237251       0.028813252       0.004771799      -0.004865345       0.000000000       0.000000000       0.000000000      23.651654523
      60.000000000      50.000000000     180.000000000     170.000000000       0.042891108       0.001426314      -0.000000000       0.000000000       0.000000000       0.000000000       3.325431558
      60.000000000      51.000000000       0.000000000      69.000000000       0.050206351      -0.003119007       0.000000000       0.000000000       0.000000000       0.000000000       6.212374430
      60.000000000      51.000000000      90.000000000     108.340301333       0.029088031       0.004782991      -0.004957078       0.000000000       0.000000000       0.000000000      23.681111435
      60.000000000      51.000000000     180.000000000     171.000000000       0.042801761       0.001850097      -0.000000000       0.000000000       0.000000000       0.000000000       4.322479359
      60.000000000      52.000000000       0.000000000      68.000000000       0.051761932      -0.002983732       0.000000000       0.000000000       0.000000000       0.000000000       5.764336878
      60.000000000      52.000000000      90.000000000     107.928549195       0.029302393       0.004798462      -0.005052005       0.000000000       0.000000000       0.000000000      23.778396569
      60.000000000      52.000000000     180.000000000     172.000000000       0.043176836       0.002415142      -0.000000000       0.000000000       0.000000000       0.000000000       5.593605918
      60.000000000      53.000000000       0.000000000      67.000000000       0.054215296      -0.002848851       0.000000000       0.000000000       0.000000000       0.000000000       5.254699380
      60.000000000      53.000000000      90.000000000     107.512118518       0.029462408       0.004820706      -0.005153141       0.000000000       0.000000000       0.000000000      23.950829272
      60.000000000      53.000000000     180.000000000     173.000000000       0.044462819       0.002986498      -0.000000000       0.000000000       0.000000000       0.000000000       6.716843750
      60.000000000      54.000000000       0.000000000      66.000000000       0.057501818      -0.002668281       0.000000000       0.000000000       0.000000000       0.000000000       4.640342157
      60.000000000      54.000000000      90.000000000     107.091146270       0.029582251       0.004851715      -0.005263128       0.000000000       0.000000000       0.000000000      24.197576983
      60.000000000      54.000000000     180.000000000     174.000000000       0.046769675       0.003379212      -0.000000000       0.000000000       0.000000000       0.000000000       7.225219464
      60.000000000      55.000000000       0.000000000      65.000000000       0.061064511      -0.002417679       0.000000000       0.000000000       0.000000000       0.000000000       3.959221098
      60.000000000      55.000000000      90.000000000     106.665768674       0.029683154       0.004892679      -0.005383827       0.000000000       0.000000000       0.000000000      24.508453124
      60.000000000      55.000000000     180.000000000     175.000000000       0.049819507       0.003428599      -0.000000000       0.000000000       0.000000000       0.000000000       6.882040909
      60.000000000      56.000000000       0.000000000      64.000000000       0.064205454      -0.002112301       0.000000000       0.000000000       0.000000000       0.000000000       3.289908390
      60.000000000      56.000000000      90.000000000     106.236121171       0.029791240       0.004943777      -0.005515969       0.000000000       0.000000000       0.000000000      24.863738998
      60.000000000      56.000000000     180.000000000     176.000000000       0.053091699       0.003067053      -0.000000000       0.000000000       0.000000000       0.000000000       5.776896618
      60.000000000      57.000000000       0.000000000      63.000000000       0.066566933      -0.001798736       0.000000000       0.000000000       0.000000000       0.000000000       2.702147159
      60.000000000      57.000000000      90.000000000     105.802338394       0.029934377       0.005004091      -0.005658940       0.000000000       0.000000000       0.000000000      25.235556705
      60.000000000      57.000000000     180.000000000     177.000000000       0.056068560       0.002372327      -0.000000000       0.000000000       0.000000000       0.000000000       4.231117374
      60.000000000      58.000000000       0.000000000      62.000000000       0.068419570      -0.001524837       0.000000000       0.000000000       0.000000000       0.000000000       2.228656467
      60.000000000      58.000000000      90.000000000     105.364554146       0.030138344       0.005071677      -0.005810724       0.000000000       0.000000000       0.000000000      25.591135180
      60.000000000      58.000000000     180.000000000     178.000000000       0.058433084       0.001559751      -0.000000000       0.000000000       0.000000000       0.000000000       2.669294885
      60.000000000      59.000000000       0.000000000      61.000000000       0.070538718      -0.001307187       0.000000000       0.000000000       0.000000000       0.000000000       1.853147756
      60.000000000      59.000000000      90.000000000     104.922901380       0.030422778       0.005143776      -0.005968050       0.000000000       0.000000000       0.000000000      25.897817092
      60.000000000      59.000000000     180.000000000     179.000000000       0.060112037       0.000913687      -0.000000000       0.000000000       0.000000000       0.000000000       1.519972864
      60.000000000      60.000000000       0.000000000      60.000000000       0.073715642      -0.001118158       0.000000000       0.000000000       0.000000000       0.000000000       1.516853343
      60.000000000      60.000000000      90.000000000     104.477512186       0.030797512       0.005217139      -0.006126727       0.000000000       0.000000000       0.000000000      26.128959241
      60.000000000      60.000000000     180.000000000     180.000000000       0.061164760       0.000681944      -0.000000000       0.000000000       0.000000000       0.000000000       1.114930262
      60.000000000      61.000000000       0.000000000      59.000000000       0.078208583      -0.000902456       0.000000000       0.000000000       0.000000000       0.000000000       1.153909748
      60.000000000      61.000000000      90.000000000     104.028517782       0.031259941       0.005288448      -0.006282156       0.000000000       0.000000000       0.000000000      26.269307957
      60.000000000      61.000000000     180.000000000     179.000000000       0.061620281       0.000976772      -0.000000000       0.000000000       0.000000000       0.000000000       1.585147417
      60.000000000      62.000000000       0.000000000      58.000000000       0.083511347      -0.000613537       0.000000000       0.000000000       0.000000000       0.000000000       0.734674773
      60.000000000      62.000000000      90.000000000     103.576048509       0.031794010       0.005354758      -0.006429959       0.000000000       0.000000000       0.000000000      26.318367389
      60.000000000      62.000000000     180.000000000     178.000000000       0.061395301       0.001726242       0.000000000       0.000000000       0.000000000       0.000000000       2.811684595
      60.000000000      63.000000000       0.000000000      57.000000000       0.088634856      -0.000246202       0.000000000       0.000000000       0.000000000       0.000000000       0.277771030
      60.000000000      63.000000000      90.000000000     103.120233826       0.032371178       0.005413930      -0.006566638       0.000000000       0.000000000       0.000000000      26.290863751
      60.000000000      63.000000000     180.000000000     177.000000000       0.060363310       0.002698994       0.000000000       0.000000000       0.000000000       0.000000000       4.471249125
      60.000000000      64.000000000       0.000000000      56.000000000       0.092759963       0.000157129       0.000000000       0.000000000       0.000000000       0.000000000       0.169392738
      60.000000000      64.000000000      90.000000000     102.661202316       0.032953471       0.005464974      -0.006690179       0.000000000       0.000000000       0.000000000      26.214366404
      60.000000000      64.000000000     180.000000000     176.000000000       0.058531303       0.003592690       0.000000000       0.000000000       0.000000000       0.000000000       6.138065219
      60.000000000      65.000000000       0.000000000      55.000000000       0.095845089       0.000532411       0.000000000       0.000000000       0.000000000       0.000000000       0.555491088
      60.000000000      65.000000000      90.000000000     102.199081690       0.033498315       0.005508254      -0.006800468       0.000000000       0.000000000       0.000000000      26.124935472
      60.000000000      65.000000000     180.000000000     175.000000000       0.056192086       0.004148068       0.000000000       0.000000000       0.000000000       0.000000000       7.381943699
      60.000000000      66.000000000       0.000000000      54.000000000       0.098757001       0.000836514       0.000000000       0.000000000       0.000000000       0.000000000       0.847042290
      60.000000000      66.000000000      90.000000000     101.733998795       0.033964565       0.005545492      -0.006899446       0.000000000       0.000000000       0.000000000      26.061946103
      60.000000000      66.000000000     180.000000000     174.000000000       0.053919452       0.004240070       0.000000000       0.000000000       0.000000000       0.000000000       7.863711833
      60.000000000      67.000000000       0.000000000      53.000000000       0.102776842       0.001078235       0.000000000       0.000000000       0.000000000       0.000000000       1.049103076
      60.000000000      67.000000000      90.000000000     101.266079624       0.034318866       0.005579559      -0.006990924       0.000000000       0.000000000       0.000000000      26.062991794
      60.000000000      67.000000000     180.000000000     173.000000000       0.052367076       0.003909772       0.000000000       0.000000000       0.000000000       0.000000000       7.466088575
      60.000000000      68.000000000       0.000000000      52.000000000       0.108753320       0.001315688       0.000000000       0.000000000       0.000000000       0.000000000       1.209791441
      60.000000000      68.000000000      90.000000000     100.795449334       0.034541352       0.005614065      -0.007080073       0.000000000       0.000000000       0.000000000      26.159286676
      60.000000000      68.000000000     180.000000000     172.000000000       0.051963429       0.003328965       0.000000000       0.000000000       0.000000000       0.000000000       6.406361286
      60.000000000      69.000000000       0.000000000      51.000000000       0.116455188       0.001619396       0.000000000       0.000000000       0.000000000       0.000000000       1.390574764
      60.000000000      69.000000000      90.000000000     100.322232261       0.034629702       0.005652800      -0.007172638       0.000000000       0.000000000       0.000000000      26.371606378
      60.000000000      69.000000000     180.000000000     171.000000000       0.052678799       0.002718746       0.000000000       0.000000000       0.000000000       0.000000000       5.160987421
      60.000000000      70.000000000       0.000000000      50.000000000       0.124604326       0.002023892       0.000000000       0.000000000       0.000000000       0.000000000       1.624255284
      60.000000000      70.000000000      90.000000000      99.846551940       0.034600753       0.005699116      -0.007274009       0.000000000       0.000000000       0.000000000      26.706737614
      60.000000000      70.000000000     180.000000000     170.000000000       0.054017181       0.002260506       0.000000000       0.000000000       0.000000000       0.000000000       4.184791017
      60.000000000      71.000000000       0.000000000      49.000000000       0.131654783       0.002500247       0.000000000       0.000000000       0.000000000       0.000000000       1.899093366
      60.000000000      71.000000000      90.000000000      99.368531127       0.034489111       0.005755362      -0.007388285       0.000000000       0.000000000       0.000000000      27.154693136
      60.000000000      71.000000000     180.000000000     169.000000000       0.055261582       0.002035731       0.000000000       0.000000000       0.000000000       0.000000000       3.683808305
      60.000000000      72.000000000       0.000000000      48.000000000       0.136868056       0.002970150       0.000000000       0.000000000       0.000000000       0.000000000       2.170082873
      60.000000000      72.000000000      90.000000000      98.888291823       0.034342653       0.005822457      -0.007517498       0.000000000       0.000000000       0.000000000      27.687482561
      60.000000000      72.000000000     180.000000000     168.000000000       0.055848514       0.002013699       0.000000000       0.000000000       0.000000000       0.000000000       3.605643992
      60.000000000      73.000000000       0.000000000      47.000000000       0.140966120       0.003355306       0.000000000       0.000000000       0.000000000       0.000000000       2.380221635
      60.000000000      73.000000000      90.000000000      98.405955301       0.034215265       0.005899665      -0.007661123       0.000000000       0.000000000       0.000000000      28.260719541
      60.000000000      73.000000000     180.000000000     167.000000000       0.055660967       0.002083785       0.000000000       0.000000000       0.000000000       0.000000000       3.743710377
      60.000000000      74.000000000       0.000000000      46.000000000       0.145841317       0.003631103       0.000000000       0.000000000       0.000000000       0.000000000       2.489763194
      60.000000000      74.000000000      90.000000000      97.921642135       0.034157699       0.005984606      -0.007815950       0.000000000       0.000000000       0.000000000      28.819308364
      60.000000000      74.000000000     180.000000000     166.000000000       0.055067390       0.002112485       0.000000000       0.000000000       0.000000000       0.000000000       3.836181129
      60.000000000      75.000000000       0.000000000      45.000000000       0.153391927       0.003847838       0.000000000       0.000000000       0.000000000       0.000000000       2.508500901
      60.000000000      75.000000000      90.000000000      97.435472226       0.034207905       0.006073497      -0.007976362       0.000000000       0.000000000       0.000000000      29.307418629
      60.000000000      75.000000000     180.000000000     165.000000000       0.054679829       0.002000014       0.000000000       0.000000000       0.000000000       0.000000000       3.657681519
      60.000000000      76.000000000       0.000000000      44.000000000       0.164177953       0.004101779       0.000000000       0.000000000       0.000000000       0.000000000       2.498373863
      60.000000000      76.000000000      90.000000000      96.947564839       0.034382488       0.006161593      -0.008134989       0.000000000       0.000000000       0.000000000      29.680984744
      60.000000000      76.000000000     180.000000000     164.000000000       0.054972100       0.001716395       0.000000000       0.000000000       0.000000000       0.000000000       3.122301669
      60.000000000      77.000000000       0.000000000      43.000000000       0.176822160       0.004471271       0.000000000       0.000000000       0.000000000       0.000000000       2.528682590
      60.000000000      77.000000000      90.000000000      96.458038631       0.034671020       0.006243774      -0.008283694       0.000000000       0.000000000       0.000000000      29.919078440
      60.000000000      77.000000000     180.000000000     163.000000000       0.055985932       0.001307023       0.000000000       0.000000000       0.000000000       0.000000000       2.334556503
      60.000000000      78.000000000       0.000000000      42.000000000       0.188697850       0.004958658       0.000000000       0.000000000       0.000000000       0.000000000       2.627829724
      60.000000000      78.000000000      90.000000000      95.967011691       0.035034594       0.006315249      -0.008414774       0.000000000       0.000000000       0.000000000      30.030229370
      60.000000000      78.000000000     180.000000000     162.000000000       0.057303197       0.000868074       0.000000000       0.000000000       0.000000000       0.000000000       1.514878764
      60.000000000      79.000000000       0.000000000      41.000000000       0.197621926       0.005478935       0.000000000       0.000000000       0.000000000       0.000000000       2.772432822
      60.000000000      79.000000000      90.000000000      95.474601570       0.035409358       0.006372249      -0.008522212       0.000000000       0.000000000       0.000000000      30.051745020
      60.000000000      79.000000000     180.000000000     161.000000000       0.058302372       0.000500648       0.000000000       0.000000000       0.000000000       0.000000000       0.858709106
      60.000000000      80.000000000       0.000000000      40.000000000       0.203515693       0.005908058       0.000000000       0.000000000       0.000000000       0.000000000       2.902998977
      60.000000000      80.000000000      90.000000000      94.980925322       0.035714771       0.006412621      -0.008602763       0.000000000       0.000000000       0.000000000      30.043113937
      60.000000000      80.000000000     180.000000000     160.000000000       0.058543126       0.000259561       0.000000000       0.000000000       0.000000000       0.000000000       0.443367745
      60.000000000      81.000000000       0.000000000      39.000000000       0.208844813       0.006164067       0.000000000       0.000000000       0.000000000       0.000000000       2.951505682
      60.000000000      81.000000000      90.000000000      94.486099541       0.035865303       0.006436148      -0.008656595       0.000000000       0.000000000       0.000000000      30.076586975
      60.000000000      81.000000000     180.000000000     159.000000000       0.058041558       0.000117598       0.000000000       0.000000000       0.000000000       0.000000000       0.202609967
      60.000000000      82.000000000       0.000000000      38.000000000       0.217307893       0.006268512       0.000000000       0.000000000       0.000000000       0.000000000       2.884622275
      60.000000000      82.000000000      90.000000000      93.990240398       0.035783351       0.006444413      -0.008687219       0.000000000       0.000000000       0.000000000      30.227946581
      60.000000000      82.000000000     180.000000000     158.000000000       0.057262105      -0.000034307       0.000000000       0.000000000       0.000000000       0.000000000       0.059912176
      60.000000000      83.000000000       0.000000000      37.000000000       0.231385959       0.006343232       0.000000000       0.000000000       0.000000000       0.000000000       2.741407356
      60.000000000      83.000000000      90.000000000      93.493463685       0.035410658       0.006440091      -0.008700480       0.000000000       0.000000000       0.000000000      30.568913121
      60.000000000      83.000000000     180.000000000     157.000000000       0.056824058      -0.000340493       0.000000000       0.000000000       0.000000000       0.000000000       0.599204877
      60.000000000      84.000000000       0.000000000      36.000000000       0.250277097       0.006536693       0.000000000       0.000000000       0.000000000       0.000000000       2.611782495
      60.000000000      84.000000000      90.000000000      92.995884851       0.034715503       0.006425577      -0.008702548       0.000000000       0.000000000       0.000000000      31.160973793
      60.000000000      84.000000000     180.000000000     156.000000000       0.057096553      -0.000897921       0.000000000       0.000000000       0.000000000       0.000000000       1.572636473
      60.000000000      85.000000000       0.000000000      35.000000000       0.269742138       0.006921830       0.000000000       0.000000000       0.000000000       0.000000000       2.566091472
      60.000000000      85.000000000      90.000000000      92.497619045       0.033693481       0.006401021      -0.008696992       0.000000000       0.000000000       0.000000000      32.049658705
      60.000000000      85.000000000     180.000000000     155.000000000       0.057927366      -0.001672692       0.000000000       0.000000000       0.000000000       0.000000000       2.887567989
      60.000000000      86.000000000       0.000000000      34.000000000       0.284308715       0.007431753       0.000000000       0.000000000       0.000000000       0.000000000       2.613972903
      60.000000000      86.000000000      90.000000000      91.998781159       0.032360458       0.006361863      -0.008681153       0.000000000       0.000000000       0.000000000      33.258799760
      60.000000000      86.000000000     180.000000000     154.000000000       0.058671850      -0.002466077       0.000000000       0.000000000       0.000000000       0.000000000       4.203168729
      60.000000000      87.000000000       0.000000000      33.000000000       0.290665567       0.007881249       0.000000000       0.000000000       0.000000000       0.000000000       2.711449187
      60.000000000      87.000000000      90.000000000      91.499485870       0.030736430       0.006295848      -0.008641875       0.000000000       0.000000000       0.000000000      34.786209343
      60.000000000      87.000000000     180.000000000     153.000000000       0.058504471      -0.002971037       0.000000000       0.000000000       0.000000000       0.000000000       5.078306772
      60.000000000      88.000000000       0.000000000      32.000000000       0.289922024       0.008067033       0.000000000       0.000000000       0.000000000       0.000000000       2.782483525
      60.000000000      88.000000000      90.000000000      90.999847680       0.028816021       0.006178587      -0.008549546       0.000000000       0.000000000       0.000000000      36.606179918
      60.000000000      88.000000000     180.000000000     152.000000000       0.056812566      -0.002921094      -0.000000000       0.000000000       0.000000000       0.000000000       5.141632998
      60.000000000      89.000000000       0.000000000      31.000000000       0.286433562       0.007876693       0.000000000       0.000000000       0.000000000       0.000000000       2.749919653
      60.000000000      89.000000000      90.000000000      90.499980961       0.026499590       0.005961807      -0.008343250       0.000000000       0.000000000       0.000000000      38.696493434
      60.000000000      89.000000000     180.000000000     151.000000000       0.053368910      -0.002276121      -0.000000000       0.000000000       0.000000000       0.000000000       4.264881284
