#
# ARTDECO : Beta_l
#
# Used model for truncation was:
 dm
# number of wavelengths
          15
# wlambda(microns)     nBetal     Trunc. Coeff.     Cext      SSA              g 
     0.550000000E+00      8     0.480565655E+00     0.637321376E+03     0.999999587E+00     0.863741726E+00
     0.401606400E+01      8     0.510623690E+00     0.881484905E+03     0.890943132E+00     0.839240766E+00
     0.404858300E+01      8     0.519460152E+00     0.878174093E+03     0.877720843E+00     0.840898478E+00
     0.408163300E+01      8     0.526403259E+00     0.870885649E+03     0.863941862E+00     0.837727941E+00
     0.411522600E+01      8     0.524370888E+00     0.838301209E+03     0.858827449E+00     0.851597581E+00
     0.414937800E+01      8     0.522775537E+00     0.831564835E+03     0.852151034E+00     0.858714124E+00
     0.418410100E+01      8     0.524760933E+00     0.842550497E+03     0.841750637E+00     0.853495299E+00
     0.421940900E+01      8     0.528432864E+00     0.846309481E+03     0.829048668E+00     0.845493250E+00
     0.425531900E+01      8     0.531166755E+00     0.836662762E+03     0.814670292E+00     0.840129123E+00
     0.429184500E+01      8     0.530508637E+00     0.814148102E+03     0.801585067E+00     0.836507606E+00
     0.432900400E+01      8     0.521635591E+00     0.781344107E+03     0.794107424E+00     0.842014334E+00
     0.436681200E+01      8     0.510731125E+00     0.766664973E+03     0.786436424E+00     0.845239608E+00
     0.440528600E+01      8     0.502771557E+00     0.766282077E+03     0.775714901E+00     0.840812569E+00
     0.444444500E+01      8     0.497701707E+00     0.764325804E+03     0.761954834E+00     0.832702655E+00
     0.448430500E+01      8     0.493385786E+00     0.752409073E+03     0.746133162E+00     0.824734075E+00
# lambda =       0.550
#     l     alpha1              alpha2              alpha3              alpha4              beta1               beta2
      0     0.999999984E+00     0.000000000E+00     0.000000000E+00     0.903787135E+00     0.000000000E+00     0.000000000E+00
      1     0.220901328E+01     0.000000000E+00     0.000000000E+00     0.225951570E+01     0.000000000E+00     0.000000000E+00
      2     0.298855560E+01     0.404768899E+01     0.382830768E+01     0.288690832E+01    -0.306331414E-03    -0.944569317E-02
      3     0.254273330E+01     0.343372230E+01     0.345825293E+01     0.260386787E+01    -0.166450507E+00     0.313437498E-01
      4     0.198493415E+01     0.268174531E+01     0.258081162E+01     0.201087799E+01     0.227508382E-02    -0.262263231E-01
      5     0.138877811E+01     0.166780716E+01     0.154938140E+01     0.135561026E+01    -0.212893510E+00     0.191553956E-01
      6     0.678606356E+00     0.108459105E+01     0.105656962E+01     0.712493104E+00    -0.249297110E-01    -0.196222754E-01
      7     0.359726979E+00     0.333227561E+00     0.231338343E+00     0.299544858E+00    -0.292606854E-01    -0.275115126E-01
      8     0.000000000E+00     0.000000000E+00     0.000000000E+00     0.000000000E+00     0.000000000E+00     0.000000000E+00
# Betal
# lambda =      4.0161
#     l     alpha1            alpha2            alpha3            alpha4             beta1            beta2
      0     0.100000000E+01     0.000000000E+00     0.000000000E+00     0.799170972E+00     0.000000000E+00     0.000000000E+00
      1     0.201438232E+01     0.000000000E+00     0.000000000E+00     0.201509112E+01     0.000000000E+00     0.000000000E+00
      2     0.277187159E+01     0.380788787E+01     0.343471504E+01     0.254466895E+01    -0.146234539E+00    -0.149189120E+00
      3     0.245723102E+01     0.311987261E+01     0.307820037E+01     0.239137012E+01    -0.383351369E-01     0.331540333E-01
      4     0.250652895E+01     0.284579001E+01     0.268751828E+01     0.241346470E+01     0.107870565E+00    -0.222024905E+00
      5     0.204011137E+01     0.238749475E+01     0.228639813E+01     0.206841709E+01     0.340503856E+00     0.147529427E+00
      6     0.162510090E+01     0.204976516E+01     0.182115448E+01     0.156885992E+01     0.423870891E+00    -0.446489373E-01
      7     0.944814761E+00     0.114788687E+01     0.922545143E+00     0.840603203E+00     0.394173399E+00     0.419942870E+00
      8     0.000000000E+00     0.000000000E+00     0.000000000E+00     0.000000000E+00     0.000000000E+00     0.000000000E+00
# lambda =      4.0486
#     l     alpha1            alpha2            alpha3            alpha4             beta1            beta2
      0     0.100000000E+01     0.000000000E+00     0.000000000E+00     0.808677506E+00     0.000000000E+00     0.000000000E+00
      1     0.200660843E+01     0.000000000E+00     0.000000000E+00     0.205487383E+01     0.000000000E+00     0.000000000E+00
      2     0.278181584E+01     0.384269750E+01     0.343817757E+01     0.250924816E+01    -0.639016161E-01    -0.224274156E+00
      3     0.245456321E+01     0.307129409E+01     0.310825278E+01     0.239872290E+01    -0.195662953E-01     0.474258250E-01
      4     0.252998613E+01     0.283792076E+01     0.266457883E+01     0.232906810E+01     0.155219871E+00    -0.755134646E-01
      5     0.206881667E+01     0.232881670E+01     0.231106857E+01     0.203950786E+01     0.201276425E+00     0.439025730E+00
      6     0.159083388E+01     0.198377437E+01     0.186154935E+01     0.155762058E+01     0.301219385E+00     0.211019599E+00
      7     0.897083975E+00     0.110011956E+01     0.891801235E+00     0.781127642E+00     0.111894861E+00     0.683342475E+00
      8     0.000000000E+00     0.000000000E+00     0.000000000E+00     0.000000000E+00     0.000000000E+00     0.000000000E+00
# lambda =      4.0816
#     l     alpha1            alpha2            alpha3            alpha4             beta1            beta2
      0     0.100000000E+01     0.000000000E+00     0.000000000E+00     0.874038280E+00     0.000000000E+00     0.000000000E+00
      1     0.197196243E+01     0.000000000E+00     0.000000000E+00     0.207100174E+01     0.000000000E+00     0.000000000E+00
      2     0.271777112E+01     0.384546330E+01     0.352468620E+01     0.254792224E+01     0.393329787E-01    -0.209606664E+00
      3     0.232520937E+01     0.297616138E+01     0.305183624E+01     0.238483017E+01    -0.151028165E-01     0.790359919E-01
      4     0.248673595E+01     0.279844049E+01     0.262742247E+01     0.232819263E+01     0.591656544E-01    -0.299598923E-01
      5     0.207774085E+01     0.228141243E+01     0.227786619E+01     0.198505101E+01    -0.135348993E+00     0.455456947E+00
      6     0.165485591E+01     0.195988758E+01     0.198793221E+01     0.163105378E+01    -0.248009279E-01     0.134883787E+00
      7     0.868143918E+00     0.104402696E+01     0.101155773E+01     0.830978702E+00    -0.273034917E+00     0.461020291E+00
      8     0.000000000E+00     0.000000000E+00     0.000000000E+00     0.000000000E+00     0.000000000E+00     0.000000000E+00
# lambda =      4.1152
#     l     alpha1            alpha2            alpha3            alpha4             beta1            beta2
      0     0.100000000E+01     0.000000000E+00     0.000000000E+00     0.904482222E+00     0.000000000E+00     0.000000000E+00
      1     0.206384281E+01     0.000000000E+00     0.000000000E+00     0.214411247E+01     0.000000000E+00     0.000000000E+00
      2     0.279956701E+01     0.392002156E+01     0.368277883E+01     0.273263669E+01     0.169533207E-01    -0.996885970E-01
      3     0.245740080E+01     0.319557854E+01     0.321624080E+01     0.256464145E+01    -0.152308050E-01     0.733641428E-01
      4     0.255810987E+01     0.294495377E+01     0.279981941E+01     0.253107593E+01     0.343069852E-02    -0.958603239E-01
      5     0.217377797E+01     0.245172012E+01     0.239559615E+01     0.214230656E+01    -0.143305545E+00     0.227726931E+00
      6     0.180459648E+01     0.211794787E+01     0.206581307E+01     0.170787901E+01    -0.843495157E-01    -0.620459712E-01
      7     0.946304432E+00     0.110735264E+01     0.118410819E+01     0.967772161E+00    -0.196984502E+00     0.937994793E-01
      8     0.000000000E+00     0.000000000E+00     0.000000000E+00     0.000000000E+00     0.000000000E+00     0.000000000E+00
# lambda =      4.1494
#     l     alpha1            alpha2            alpha3            alpha4             beta1            beta2
      0     0.100000000E+01     0.000000000E+00     0.000000000E+00     0.886805287E+00     0.000000000E+00     0.000000000E+00
      1     0.211171140E+01     0.000000000E+00     0.000000000E+00     0.214353126E+01     0.000000000E+00     0.000000000E+00
      2     0.284282374E+01     0.392674667E+01     0.370256782E+01     0.278879706E+01    -0.437057556E-01    -0.647832948E-01
      3     0.254321239E+01     0.331670012E+01     0.326844695E+01     0.260498957E+01    -0.320691263E-01     0.481524407E-01
      4     0.252742692E+01     0.296934262E+01     0.284459788E+01     0.256152203E+01     0.109583658E-01    -0.192537896E+00
      5     0.212581340E+01     0.246225285E+01     0.234897277E+01     0.214064707E+01     0.158816858E-01     0.769411870E-01
      6     0.176241435E+01     0.211609925E+01     0.196358704E+01     0.164559757E+01     0.638415921E-01    -0.124540018E+00
      7     0.945171533E+00     0.110867809E+01     0.114418259E+01     0.967701463E+00     0.332136091E-01     0.100530107E-01
      8     0.000000000E+00     0.000000000E+00     0.000000000E+00     0.000000000E+00     0.000000000E+00     0.000000000E+00
# lambda =      4.1841
#     l     alpha1            alpha2            alpha3            alpha4             beta1            beta2
      0     0.100000000E+01     0.000000000E+00     0.000000000E+00     0.849442816E+00     0.000000000E+00     0.000000000E+00
      1     0.207505507E+01     0.000000000E+00     0.000000000E+00     0.205260103E+01     0.000000000E+00     0.000000000E+00
      2     0.277860593E+01     0.384026852E+01     0.359000574E+01     0.267033093E+01    -0.102057381E+00    -0.907911079E-01
      3     0.247336190E+01     0.321165985E+01     0.311428435E+01     0.243235000E+01    -0.432041560E-01     0.339992842E-01
      4     0.241036021E+01     0.282169847E+01     0.271867927E+01     0.243297019E+01     0.388656776E-01    -0.264809410E+00
      5     0.199875734E+01     0.234595159E+01     0.218266796E+01     0.199618875E+01     0.182731265E+00     0.134917825E-01
      6     0.164777535E+01     0.201580641E+01     0.180960623E+01     0.154180769E+01     0.259417256E+00    -0.139046957E+00
      7     0.917158492E+00     0.108832303E+01     0.101274824E+01     0.894022022E+00     0.258751711E+00     0.984047089E-01
      8     0.000000000E+00     0.000000000E+00     0.000000000E+00     0.000000000E+00     0.000000000E+00     0.000000000E+00
# lambda =      4.2194
#     l     alpha1            alpha2            alpha3            alpha4             beta1            beta2
      0     0.100000000E+01     0.000000000E+00     0.000000000E+00     0.814077252E+00     0.000000000E+00     0.000000000E+00
      1     0.201694535E+01     0.000000000E+00     0.000000000E+00     0.194987554E+01     0.000000000E+00     0.000000000E+00
      2     0.269464979E+01     0.374067124E+01     0.345226948E+01     0.248811759E+01    -0.126252767E+00    -0.158612695E+00
      3     0.237245527E+01     0.302546403E+01     0.291778872E+01     0.219835665E+01    -0.375254742E-01     0.356719460E-01
      4     0.232075851E+01     0.263689906E+01     0.255210827E+01     0.223599053E+01     0.947895521E-01    -0.240535053E+00
      5     0.191070546E+01     0.220025176E+01     0.204756197E+01     0.184533007E+01     0.295236936E+00     0.113428623E+00
      6     0.154645412E+01     0.191247857E+01     0.170329433E+01     0.144467099E+01     0.408308858E+00    -0.401416868E-01
      7     0.907677095E+00     0.107146268E+01     0.879820376E+00     0.811079521E+00     0.370666489E+00     0.350709876E+00
      8     0.000000000E+00     0.000000000E+00     0.000000000E+00     0.000000000E+00     0.000000000E+00     0.000000000E+00
# lambda =      4.2553
#     l     alpha1            alpha2            alpha3            alpha4             beta1            beta2
      0     0.100000000E+01     0.000000000E+00     0.000000000E+00     0.821449829E+00     0.000000000E+00     0.000000000E+00
      1     0.197688955E+01     0.000000000E+00     0.000000000E+00     0.193933683E+01     0.000000000E+00     0.000000000E+00
      2     0.264045947E+01     0.372285727E+01     0.341470625E+01     0.238929148E+01    -0.747550707E-01    -0.224760207E+00
      3     0.228797857E+01     0.288058927E+01     0.283229248E+01     0.209835483E+01    -0.267553389E-01     0.462551699E-01
      4     0.227360563E+01     0.253435950E+01     0.243961024E+01     0.206814603E+01     0.113067174E+00    -0.142987304E+00
      5     0.187528623E+01     0.205781237E+01     0.199316590E+01     0.175303375E+01     0.207141569E+00     0.312782083E+00
      6     0.145875548E+01     0.180195776E+01     0.170164312E+01     0.140095761E+01     0.348996878E+00     0.119841314E+00
      7     0.874507531E+00     0.102073503E+01     0.793606066E+00     0.725011294E+00     0.200144214E+00     0.559756106E+00
      8     0.000000000E+00     0.000000000E+00     0.000000000E+00     0.000000000E+00     0.000000000E+00     0.000000000E+00
# lambda =      4.2918
#     l     alpha1            alpha2            alpha3            alpha4             beta1            beta2
      0     0.100000000E+01     0.000000000E+00     0.000000000E+00     0.872045045E+00     0.000000000E+00     0.000000000E+00
      1     0.195518527E+01     0.000000000E+00     0.000000000E+00     0.200393689E+01     0.000000000E+00     0.000000000E+00
      2     0.258719087E+01     0.376781255E+01     0.348608252E+01     0.242011832E+01    -0.487293927E-02    -0.206758755E+00
      3     0.218098013E+01     0.280810505E+01     0.282616293E+01     0.214315857E+01    -0.119540159E-01     0.639094457E-01
      4     0.222091188E+01     0.251484533E+01     0.239497564E+01     0.205091038E+01     0.546420247E-01    -0.868747105E-01
      5     0.187266841E+01     0.200685673E+01     0.198496802E+01     0.174080904E+01    -0.226585112E-01     0.359008556E+00
      6     0.145673828E+01     0.175282529E+01     0.178759854E+01     0.144349022E+01     0.120647611E+00     0.100421402E+00
      7     0.833305638E+00     0.959433628E+00     0.856850886E+00     0.734729828E+00    -0.562897954E-01     0.434957428E+00
      8     0.000000000E+00     0.000000000E+00     0.000000000E+00     0.000000000E+00     0.000000000E+00     0.000000000E+00
# lambda =      4.3290
#     l     alpha1            alpha2            alpha3            alpha4             beta1            beta2
      0     0.100000000E+01     0.000000000E+00     0.000000000E+00     0.897120078E+00     0.000000000E+00     0.000000000E+00
      1     0.200910524E+01     0.000000000E+00     0.000000000E+00     0.206942004E+01     0.000000000E+00     0.000000000E+00
      2     0.263427919E+01     0.383022990E+01     0.359190344E+01     0.253469364E+01    -0.943334447E-02    -0.126894168E+00
      3     0.222804617E+01     0.292507027E+01     0.294814764E+01     0.230141457E+01    -0.235727160E-02     0.619105356E-01
      4     0.223128610E+01     0.262213553E+01     0.247218171E+01     0.216248809E+01     0.253388202E-01    -0.115645787E+00
      5     0.190851059E+01     0.209024773E+01     0.202035134E+01     0.181315199E+01    -0.718525340E-01     0.233149202E+00
      6     0.154202831E+01     0.182306402E+01     0.182710011E+01     0.148652713E+01     0.255667171E-01    -0.246281432E-01
      7     0.844477717E+00     0.970260097E+00     0.986113246E+00     0.822046921E+00    -0.477589822E-01     0.161555713E+00
      8     0.000000000E+00     0.000000000E+00     0.000000000E+00     0.000000000E+00     0.000000000E+00     0.000000000E+00
# lambda =      4.3668
#     l     alpha1            alpha2            alpha3            alpha4             beta1            beta2
      0     0.100000000E+01     0.000000000E+00     0.000000000E+00     0.860533722E+00     0.000000000E+00     0.000000000E+00
      1     0.205096876E+01     0.000000000E+00     0.000000000E+00     0.202325258E+01     0.000000000E+00     0.000000000E+00
      2     0.268323220E+01     0.379991585E+01     0.356127350E+01     0.250745996E+01    -0.531848544E-01    -0.928202523E-01
      3     0.229597650E+01     0.298225166E+01     0.296394005E+01     0.227357376E+01    -0.144654995E-01     0.420810931E-01
      4     0.221418408E+01     0.261793847E+01     0.245297340E+01     0.210673862E+01     0.355174573E-01    -0.188579454E+00
      5     0.185660801E+01     0.206265981E+01     0.194926848E+01     0.176451437E+01     0.308639696E-01     0.108859505E+00
      6     0.153769304E+01     0.183108248E+01     0.169525521E+01     0.139173133E+01     0.101378787E+00    -0.859790510E-01
      7     0.821079707E+00     0.965509759E+00     0.969056557E+00     0.846263983E+00     0.102654193E+00     0.456008747E-01
      8     0.000000000E+00     0.000000000E+00     0.000000000E+00     0.000000000E+00     0.000000000E+00     0.000000000E+00
# lambda =      4.4053
#     l     alpha1            alpha2            alpha3            alpha4             beta1            beta2
      0     0.100000000E+01     0.000000000E+00     0.000000000E+00     0.813003906E+00     0.000000000E+00     0.000000000E+00
      1     0.203945106E+01     0.000000000E+00     0.000000000E+00     0.191168219E+01     0.000000000E+00     0.000000000E+00
      2     0.265847023E+01     0.370281353E+01     0.344917819E+01     0.236777476E+01    -0.961991741E-01    -0.108763943E+00
      3     0.227478639E+01     0.289559829E+01     0.283459042E+01     0.209299949E+01    -0.333047901E-01     0.287926256E-01
      4     0.213765614E+01     0.249175268E+01     0.233447330E+01     0.194783168E+01     0.525237488E-01    -0.248712014E+00
      5     0.173560011E+01     0.194110071E+01     0.180463113E+01     0.163739352E+01     0.153945414E+00     0.396032959E-01
      6     0.145604967E+01     0.177411968E+01     0.152006978E+01     0.127763428E+01     0.238084431E+00    -0.953845924E-01
      7     0.772681091E+00     0.955619107E+00     0.876039744E+00     0.847953263E+00     0.254741272E+00     0.850329331E-01
      8     0.000000000E+00     0.000000000E+00     0.000000000E+00     0.000000000E+00     0.000000000E+00     0.000000000E+00
# lambda =      4.4444
#     l     alpha1            alpha2            alpha3            alpha4             beta1            beta2
      0     0.100000000E+01     0.000000000E+00     0.000000000E+00     0.791727884E+00     0.000000000E+00     0.000000000E+00
      1     0.200070953E+01     0.000000000E+00     0.000000000E+00     0.182932243E+01     0.000000000E+00     0.000000000E+00
      2     0.259114647E+01     0.362295977E+01     0.336118668E+01     0.224629361E+01    -0.114812443E+00    -0.158346648E+00
      3     0.220103568E+01     0.276683332E+01     0.267751322E+01     0.190697571E+01    -0.455603063E-01     0.286676280E-01
      4     0.204711242E+01     0.233752965E+01     0.221913588E+01     0.181518598E+01     0.727932428E-01    -0.247783580E+00
      5     0.161722800E+01     0.181411225E+01     0.168313865E+01     0.152239304E+01     0.231451969E+00     0.689219770E-01
      6     0.134500207E+01     0.168559740E+01     0.140837284E+01     0.121869408E+01     0.353832021E+00    -0.426759613E-01
      7     0.735207379E+00     0.949205348E+00     0.771609387E+00     0.826697025E+00     0.329972083E+00     0.245710995E+00
      8     0.000000000E+00     0.000000000E+00     0.000000000E+00     0.000000000E+00     0.000000000E+00     0.000000000E+00
# lambda =      4.4843
#     l     alpha1            alpha2            alpha3            alpha4             beta1            beta2
      0     0.100000000E+01     0.000000000E+00     0.000000000E+00     0.818592022E+00     0.000000000E+00     0.000000000E+00
      1     0.196203627E+01     0.000000000E+00     0.000000000E+00     0.184768374E+01     0.000000000E+00     0.000000000E+00
      2     0.251570152E+01     0.362568670E+01     0.337300179E+01     0.224190917E+01    -0.865678476E-01    -0.207067320E+00
      3     0.210668221E+01     0.268504612E+01     0.259497603E+01     0.183800736E+01    -0.457385909E-01     0.357739326E-01
      4     0.196541514E+01     0.223176243E+01     0.216058531E+01     0.176265068E+01     0.697682401E-01    -0.188076844E+00
      5     0.153826001E+01     0.171141294E+01     0.163112402E+01     0.146289153E+01     0.183300680E+00     0.176307128E+00
      6     0.122288838E+01     0.156834449E+01     0.138880822E+01     0.118873936E+01     0.345989542E+00     0.422607178E-01
      7     0.693812940E+00     0.880647817E+00     0.689541849E+00     0.767376897E+00     0.244619906E+00     0.395125140E+00
      8     0.000000000E+00     0.000000000E+00     0.000000000E+00     0.000000000E+00     0.000000000E+00     0.000000000E+00
